0, 1, 2, 3, 4, 5, 6, 7, 8, 9, True
0.000644,0.896341,0.041043,0.007731,0.025849,0.001944,0.010812,0.004858,0.002000,0.008778,1,
0.000052,0.981581,0.009065,0.004993,0.001023,0.000294,0.000412,0.001637,0.000259,0.000683,1,
0.273923,0.000001,0.004319,0.061896,0.004434,0.321329,0.000657,0.002111,0.316875,0.014455,5,
0.074802,0.000306,0.009387,0.386226,0.004073,0.263556,0.000283,0.031773,0.204147,0.025446,5,
0.019374,0.000196,0.000425,0.013549,0.119656,0.072454,0.000472,0.224619,0.055197,0.494058,5,
0.316960,0.000055,0.075785,0.042463,0.035334,0.207834,0.034479,0.000930,0.265739,0.020422,8,
0.022269,0.000254,0.118106,0.000567,0.095833,0.005588,0.742713,0.000021,0.010609,0.004040,6,
0.006956,0.000143,0.919696,0.002806,0.000141,0.001560,0.065528,0.000000,0.003163,0.000007,2,
0.000712,0.008752,0.000117,0.010356,0.026152,0.008333,0.000036,0.742217,0.004949,0.198377,7,
0.092079,0.000000,0.000089,0.118749,0.001247,0.419032,0.000005,0.064865,0.260097,0.043838,5,
0.153922,0.000145,0.030594,0.007772,0.352228,0.098249,0.108613,0.002733,0.129901,0.115845,6,
0.005697,0.149046,0.008150,0.060316,0.111646,0.033658,0.002046,0.359012,0.025591,0.244838,9,
0.003998,0.013218,0.001143,0.010991,0.187840,0.020342,0.001143,0.322602,0.015570,0.423153,4,
0.092285,0.000692,0.105068,0.006011,0.295831,0.047273,0.335932,0.000823,0.070055,0.046031,4,
0.000489,0.925750,0.029226,0.019946,0.006433,0.002254,0.002051,0.007178,0.002030,0.004644,1,
0.006701,0.000822,0.156531,0.000300,0.046660,0.001669,0.782731,0.000007,0.003324,0.001255,6,
0.194676,0.000142,0.366335,0.120729,0.002686,0.125865,0.020604,0.000119,0.167448,0.001396,9,
0.021031,0.000314,0.050157,0.811700,0.000033,0.062778,0.000067,0.000427,0.053326,0.000166,3,
0.026172,0.000002,0.000022,0.020571,0.012666,0.152838,0.000008,0.376848,0.091307,0.319567,7,
0.398253,0.000000,0.007176,0.053855,0.000334,0.251398,0.000387,0.000068,0.287674,0.000855,3,
0.333946,0.000001,0.006000,0.031721,0.011309,0.283092,0.002264,0.001424,0.309500,0.020742,0,
0.554277,0.000000,0.000062,0.002021,0.000410,0.204766,0.000045,0.000028,0.236560,0.001830,0,
0.016954,0.001902,0.001422,0.168851,0.015742,0.123495,0.000105,0.436447,0.079289,0.155793,7,
0.016726,0.000361,0.000702,0.007090,0.236553,0.048156,0.001537,0.130853,0.040564,0.517456,9,
0.212471,0.000006,0.003320,0.007080,0.196405,0.174125,0.011667,0.006364,0.198063,0.190499,4,
0.360127,0.000000,0.002159,0.003822,0.106180,0.189180,0.010031,0.001445,0.234901,0.092154,5,
0.002750,0.132722,0.003204,0.083986,0.032718,0.025636,0.000320,0.555669,0.016946,0.146049,7,
0.213977,0.000005,0.006637,0.127313,0.002973,0.328254,0.000478,0.003261,0.305222,0.011880,8,
0.173813,0.000903,0.301582,0.039661,0.060547,0.108552,0.147187,0.000705,0.150409,0.016642,3,
0.003310,0.001549,0.178239,0.000204,0.030226,0.000821,0.783337,0.000004,0.001680,0.000631,6,
0.132098,0.000005,0.001109,0.004333,0.249105,0.134025,0.005660,0.012993,0.142096,0.318575,5,
0.198695,0.000505,0.085446,0.129436,0.029862,0.241371,0.015189,0.004655,0.264244,0.030597,5,
0.001249,0.831370,0.022712,0.049739,0.015753,0.007319,0.001691,0.043770,0.005958,0.020438,1,
0.008923,0.525200,0.156761,0.164445,0.026092,0.031231,0.009901,0.024775,0.028949,0.023725,1,
0.009782,0.045128,0.011318,0.015062,0.412552,0.028084,0.014683,0.102226,0.026245,0.334921,9,
0.002129,0.794222,0.056873,0.023151,0.052635,0.006984,0.013383,0.017130,0.006819,0.026674,1,
0.056513,0.016942,0.038885,0.183923,0.096875,0.171348,0.007173,0.103209,0.150397,0.174735,0,
0.017097,0.021883,0.017721,0.013676,0.483669,0.035729,0.029654,0.051530,0.036270,0.292770,4,
0.016390,0.193569,0.044527,0.097880,0.171918,0.060537,0.011821,0.146727,0.053174,0.203457,9,
0.018844,0.001744,0.001428,0.095349,0.035493,0.113050,0.000231,0.409768,0.077023,0.247072,3,
0.004127,0.060605,0.002851,0.120064,0.024349,0.038664,0.000219,0.582866,0.024976,0.141279,9,
0.176891,0.000509,0.066682,0.170975,0.020839,0.255909,0.008213,0.006307,0.265006,0.028669,3,
0.001360,0.003333,0.205743,0.000124,0.017366,0.000335,0.770762,0.000002,0.000710,0.000265,6,
0.131495,0.000227,0.008801,0.071455,0.076085,0.258984,0.003632,0.040600,0.238132,0.170588,8,
0.619162,0.000000,0.041023,0.006785,0.002132,0.114358,0.020949,0.000004,0.194920,0.000666,6,
0.102853,0.000000,0.000076,0.045272,0.006528,0.370030,0.000017,0.091746,0.247599,0.135878,5,
0.001369,0.843707,0.032841,0.048690,0.014624,0.007043,0.002405,0.027736,0.005984,0.015600,1,
0.000004,0.995691,0.000829,0.000376,0.001013,0.000031,0.000125,0.001349,0.000026,0.000557,1,
0.316083,0.000000,0.000007,0.002993,0.002686,0.345184,0.000009,0.002763,0.287214,0.043062,8,
0.192948,0.000014,0.060330,0.297649,0.000374,0.216768,0.000822,0.000249,0.229990,0.000856,3,
0.025445,0.014949,0.009452,0.164451,0.061651,0.124801,0.001342,0.284556,0.094314,0.219038,0,
0.059948,0.001149,0.049903,0.561511,0.001589,0.168090,0.000657,0.006376,0.145290,0.005487,5,
0.052660,0.000003,0.065740,0.736579,0.000002,0.072508,0.000031,0.000010,0.072460,0.000009,3,
0.113021,0.000075,0.344014,0.323301,0.000152,0.098104,0.002330,0.000040,0.118807,0.000158,3,
0.001740,0.002706,0.210753,0.000148,0.018354,0.000427,0.764668,0.000002,0.000897,0.000304,6,
0.012796,0.087663,0.143322,0.007743,0.388087,0.014282,0.262746,0.004187,0.018508,0.060666,1,
0.080654,0.000000,0.038548,0.776364,0.000000,0.048737,0.000001,0.000000,0.055696,0.000000,3,
0.027327,0.000039,0.000194,0.023349,0.047560,0.121970,0.000111,0.289061,0.084559,0.405830,3,
0.009758,0.473093,0.115377,0.049868,0.152275,0.025733,0.037763,0.032387,0.026004,0.077742,1,
0.022703,0.000020,0.000150,0.004159,0.162616,0.061521,0.000461,0.118696,0.049740,0.579934,7,
0.235621,0.000000,0.000005,0.010504,0.000518,0.425612,0.000001,0.004372,0.303797,0.019570,8,
0.043538,0.012994,0.079237,0.016428,0.451201,0.050990,0.132974,0.010515,0.061307,0.140816,4,
0.055132,0.000799,0.003927,0.135040,0.041201,0.216528,0.000671,0.177522,0.164472,0.204707,5,
0.596730,0.000000,0.003578,0.008033,0.000338,0.162345,0.000785,0.000006,0.227762,0.000424,0,
0.012964,0.077765,0.037136,0.014568,0.496075,0.026302,0.054083,0.038185,0.027779,0.215143,4,
0.127881,0.000002,0.000484,0.003807,0.198386,0.143941,0.002511,0.016974,0.144667,0.361347,5,
0.000740,0.017585,0.000203,0.032130,0.009246,0.011081,0.000018,0.819153,0.006157,0.103688,7,
0.006929,0.000797,0.155495,0.000306,0.047624,0.001726,0.782386,0.000007,0.003434,0.001296,6,
0.446149,0.000000,0.001249,0.000886,0.141386,0.131718,0.018952,0.000327,0.188654,0.070678,8,
0.588130,0.000000,0.015646,0.003171,0.018456,0.126101,0.037295,0.000029,0.205513,0.005659,0,
0.009192,0.196340,0.099343,0.010638,0.408088,0.014467,0.141693,0.011393,0.017059,0.091788,4,
0.022692,0.139078,0.139722,0.034091,0.335245,0.039587,0.103793,0.021083,0.044138,0.120571,2,
0.002358,0.002082,0.188685,0.000169,0.024483,0.000583,0.779974,0.000003,0.001210,0.000453,6,
0.433399,0.000000,0.000322,0.000554,0.131592,0.138994,0.006885,0.000467,0.187376,0.100410,8,
0.001623,0.836195,0.047936,0.050531,0.014369,0.007353,0.003477,0.019101,0.006501,0.012914,1,
0.053300,0.000056,0.842388,0.031831,0.000196,0.018251,0.023524,0.000002,0.030416,0.000036,3,
0.019103,0.000298,0.123227,0.000524,0.087601,0.004789,0.751811,0.000018,0.009149,0.003480,6,
0.010048,0.171115,0.075672,0.012323,0.445522,0.017536,0.105808,0.018001,0.019882,0.124092,5,
0.043737,0.069950,0.178445,0.059718,0.265743,0.071655,0.095656,0.020151,0.079676,0.115268,5,
0.017707,0.023448,0.244680,0.005307,0.205108,0.012272,0.452416,0.000687,0.018126,0.020249,6,
0.080908,0.014441,0.079602,0.121486,0.156987,0.163280,0.025465,0.042002,0.162627,0.153201,8,
0.004037,0.002346,0.000325,0.011414,0.090989,0.024961,0.000243,0.443808,0.017326,0.404549,9,
0.008795,0.002410,0.175850,0.000666,0.082316,0.002968,0.718382,0.000029,0.005417,0.003167,6,
0.000030,0.984563,0.002822,0.001339,0.004243,0.000175,0.000548,0.003785,0.000153,0.002343,1,
0.114103,0.000281,0.017375,0.011566,0.363979,0.109633,0.045992,0.009403,0.128594,0.199074,8,
0.005297,0.010763,0.219897,0.000840,0.082625,0.002262,0.671048,0.000047,0.003963,0.003258,6,
0.265689,0.000009,0.012991,0.081313,0.007720,0.300602,0.001996,0.002304,0.310879,0.016497,0,
0.008901,0.004636,0.001503,0.317683,0.004638,0.091920,0.000035,0.449411,0.054188,0.067084,3,
0.137054,0.001222,0.069292,0.026954,0.267291,0.128832,0.088398,0.006787,0.156398,0.117772,4,
0.001111,0.690613,0.008474,0.023768,0.056078,0.007040,0.001894,0.129833,0.005550,0.075639,1,
0.008309,0.000848,0.000464,0.007213,0.184896,0.032755,0.000768,0.226037,0.025561,0.513151,9,
0.499886,0.000000,0.249306,0.018858,0.000130,0.075811,0.015269,0.000000,0.140708,0.000032,6,
0.054956,0.000400,0.092418,0.001957,0.257530,0.020711,0.514617,0.000223,0.033973,0.023215,2,
0.641881,0.000000,0.000033,0.002078,0.000008,0.161025,0.000004,0.000001,0.194912,0.000058,0,
0.001360,0.003333,0.205743,0.000124,0.017366,0.000335,0.770762,0.000002,0.000710,0.000265,2,
0.015338,0.000246,0.558954,0.001314,0.004487,0.003148,0.409865,0.000001,0.006491,0.000156,2,
0.000121,0.966065,0.012866,0.012976,0.001314,0.000743,0.000423,0.003642,0.000626,0.001224,1,
0.427362,0.000001,0.009316,0.016433,0.012836,0.228704,0.005990,0.000384,0.285991,0.012983,0,
0.000008,0.000495,0.000000,0.000355,0.001724,0.000286,0.000000,0.942363,0.000121,0.054648,7,
0.112693,0.000011,0.001369,0.006022,0.245129,0.133638,0.005300,0.019059,0.137160,0.339618,4,
0.443536,0.000000,0.000123,0.000420,0.102298,0.148624,0.002980,0.000519,0.192026,0.109474,9,
0.021804,0.002031,0.339589,0.554403,0.000077,0.039807,0.000779,0.000123,0.041273,0.000115,2,
0.220371,0.000001,0.286569,0.259693,0.000007,0.097941,0.000649,0.000001,0.134761,0.000008,0,
0.268831,0.000001,0.102316,0.261871,0.000027,0.164352,0.000476,0.000008,0.202069,0.000049,0,
0.464599,0.000000,0.019909,0.021614,0.004759,0.205305,0.006617,0.000108,0.273120,0.003969,8,
0.033998,0.001258,0.816083,0.024449,0.002474,0.016653,0.078544,0.000018,0.026158,0.000365,3,
0.000032,0.984603,0.003439,0.001205,0.004590,0.000168,0.000745,0.002911,0.000151,0.002156,1,
0.002118,0.002087,0.349676,0.000240,0.007826,0.000485,0.636394,0.000001,0.001038,0.000135,2,
0.418333,0.000000,0.005196,0.021167,0.004063,0.248779,0.001701,0.000279,0.293853,0.006628,8,
0.051996,0.010114,0.022064,0.123666,0.125285,0.158499,0.006016,0.125887,0.137541,0.238933,9,
0.057084,0.028465,0.509343,0.142295,0.027793,0.075988,0.054674,0.002620,0.089231,0.012507,2,
0.000286,0.943216,0.012192,0.011141,0.009097,0.001546,0.001351,0.012506,0.001330,0.007336,1,
0.003757,0.690378,0.116644,0.119848,0.011096,0.014885,0.004994,0.014588,0.013534,0.010276,1,
0.013711,0.281902,0.082245,0.045871,0.263497,0.035513,0.040673,0.052777,0.035475,0.148337,3,
0.001339,0.600849,0.008685,0.016324,0.109902,0.007256,0.003559,0.130597,0.005983,0.115507,1,
0.437724,0.000000,0.001931,0.010561,0.006151,0.244351,0.001294,0.000337,0.286620,0.011030,8,
0.001360,0.003333,0.205743,0.000124,0.017366,0.000335,0.770762,0.000002,0.000710,0.000265,6,
0.558824,0.000000,0.202840,0.027803,0.000008,0.072428,0.002803,0.000000,0.135290,0.000003,0,
0.077000,0.000331,0.731791,0.037594,0.002222,0.034577,0.062287,0.000019,0.053744,0.000436,5,
0.026343,0.018672,0.057672,0.010387,0.527415,0.032773,0.126268,0.011335,0.039198,0.149936,4,
0.024809,0.000059,0.216370,0.685419,0.000003,0.035613,0.000106,0.000009,0.037604,0.000008,3,
0.110665,0.000414,0.009335,0.062482,0.109423,0.225237,0.004755,0.051429,0.207642,0.218617,8,
0.439713,0.000000,0.023744,0.048002,0.000634,0.212968,0.001788,0.000040,0.272296,0.000814,8,
0.071833,0.000016,0.000902,0.004408,0.286539,0.096889,0.004210,0.026498,0.096569,0.412137,9,
0.139661,0.000019,0.046319,0.001239,0.244427,0.035552,0.447113,0.000107,0.061678,0.023885,0,
0.578949,0.000000,0.010019,0.005784,0.005582,0.155247,0.009404,0.000029,0.231856,0.003130,8,
0.008481,0.113563,0.021552,0.015807,0.432961,0.022922,0.025822,0.075284,0.022314,0.261293,4,
0.612274,0.000000,0.000311,0.002369,0.000412,0.165715,0.000192,0.000009,0.217829,0.000889,8,
0.008019,0.361697,0.262635,0.017502,0.141538,0.011797,0.151461,0.004003,0.014483,0.026865,4,
0.279997,0.000001,0.001719,0.002416,0.209203,0.149467,0.014066,0.002093,0.186641,0.154399,9,
0.001734,0.819765,0.083038,0.020611,0.030299,0.005004,0.015211,0.007018,0.005130,0.012191,1,
0.015397,0.007737,0.095395,0.773414,0.000273,0.056530,0.000308,0.002397,0.047662,0.000887,3,
0.377918,0.000007,0.117346,0.006592,0.040198,0.093737,0.198688,0.000048,0.158893,0.006574,6,
0.003998,0.010576,0.000833,0.022274,0.083096,0.027015,0.000364,0.497978,0.018758,0.335109,7,
0.001360,0.003333,0.205743,0.000124,0.017366,0.000335,0.770762,0.000002,0.000710,0.000265,6,
0.009490,0.119540,0.019242,0.026427,0.337760,0.030823,0.015134,0.124040,0.028202,0.289341,9,
0.029577,0.013143,0.085775,0.007804,0.479768,0.028218,0.218983,0.004656,0.036589,0.095487,6,
0.002293,0.000497,0.917840,0.001348,0.000125,0.000542,0.076223,0.000000,0.001127,0.000004,2,
0.037136,0.000030,0.000428,0.005050,0.225014,0.076594,0.001439,0.069050,0.067823,0.517435,4,
0.000478,0.000625,0.000015,0.014884,0.002879,0.008979,0.000001,0.885981,0.004374,0.081784,7,
0.000011,0.990391,0.001058,0.001217,0.001382,0.000094,0.000106,0.004411,0.000074,0.001256,1,
0.010178,0.004479,0.896543,0.016855,0.001109,0.005749,0.055915,0.000009,0.009029,0.000133,2,
0.002764,0.774483,0.072613,0.065994,0.020186,0.011139,0.005778,0.020193,0.010126,0.016724,1,
0.307535,0.000002,0.017554,0.001449,0.234847,0.077830,0.192541,0.000169,0.127727,0.040347,0,
0.008436,0.001087,0.932684,0.012133,0.000266,0.003663,0.035546,0.000002,0.006157,0.000028,2,
0.500121,0.000000,0.000006,0.000386,0.007618,0.218262,0.000053,0.000364,0.232916,0.040274,8,
0.049298,0.000125,0.001001,0.031755,0.090452,0.155813,0.000671,0.159710,0.122688,0.388486,8,
0.262562,0.000001,0.001610,0.019326,0.033657,0.294390,0.001409,0.006996,0.292603,0.087444,5,
0.018566,0.004390,0.786614,0.138241,0.000323,0.019193,0.008065,0.000041,0.024429,0.000139,5,
0.003609,0.000485,0.721264,0.000656,0.000886,0.000704,0.270835,0.000000,0.001541,0.000020,2,
0.001080,0.000970,0.000046,0.036896,0.003109,0.018073,0.000003,0.848921,0.009105,0.081797,9,
0.008644,0.000666,0.278235,0.000519,0.020512,0.002008,0.684767,0.000004,0.004070,0.000575,6,
0.252846,0.000000,0.000247,0.037608,0.001021,0.377301,0.000030,0.002435,0.317272,0.011241,0,
0.010099,0.008477,0.003749,0.533803,0.002778,0.097061,0.000048,0.250228,0.059292,0.034465,7,
0.097440,0.001949,0.115964,0.385490,0.005689,0.189638,0.003820,0.005076,0.185066,0.009869,3,
0.000274,0.001156,0.000012,0.002980,0.014614,0.003929,0.000006,0.793271,0.002132,0.181627,7,
0.031001,0.000016,0.000208,0.004193,0.185784,0.071541,0.000719,0.086985,0.060448,0.559105,9,
0.171373,0.000249,0.031960,0.166447,0.018016,0.285012,0.003863,0.009607,0.277923,0.035550,8,
0.570969,0.000000,0.017050,0.009710,0.002481,0.156669,0.007561,0.000018,0.234078,0.001465,0,
0.074516,0.000005,0.000591,0.279281,0.001034,0.348438,0.000014,0.045756,0.227562,0.022803,5,
0.000406,0.649724,0.002618,0.006682,0.082703,0.002813,0.001339,0.152006,0.002183,0.099526,4,
0.019102,0.000832,0.004434,0.699078,0.000629,0.132955,0.000028,0.048274,0.085945,0.008723,3,
0.001711,0.000274,0.000031,0.003885,0.046499,0.013500,0.000032,0.542358,0.008410,0.383301,7,
0.000596,0.909998,0.021261,0.027248,0.008411,0.003259,0.001469,0.016637,0.002759,0.008362,1,
0.187631,0.000037,0.180592,0.269941,0.000445,0.164489,0.002667,0.000110,0.193537,0.000552,0,
0.000419,0.005540,0.000052,0.012007,0.009149,0.006608,0.000008,0.844162,0.003560,0.118494,7,
0.465485,0.000000,0.000074,0.003998,0.000737,0.256154,0.000043,0.000130,0.269083,0.004295,5,
0.159521,0.000014,0.040278,0.001275,0.255536,0.040664,0.405541,0.000120,0.069926,0.027124,2,
0.013967,0.053689,0.012401,0.052826,0.206354,0.055778,0.005538,0.224731,0.046625,0.328091,7,
0.000312,0.893901,0.067691,0.003055,0.012126,0.000658,0.018849,0.000643,0.000775,0.001989,1,
0.172388,0.000695,0.048736,0.109932,0.059258,0.251123,0.013175,0.012570,0.260326,0.071797,8,
0.695525,0.000000,0.001709,0.002845,0.000128,0.117361,0.000513,0.000001,0.181783,0.000135,0,
0.017897,0.053153,0.069682,0.011655,0.510762,0.025707,0.125097,0.014176,0.030104,0.141767,4,
0.101025,0.000000,0.000041,0.011594,0.024643,0.268326,0.000041,0.084546,0.195017,0.314767,8,
0.000848,0.887571,0.044776,0.037234,0.006268,0.003868,0.002307,0.008538,0.003463,0.005127,1,
0.555796,0.000000,0.000010,0.000329,0.007184,0.190392,0.000102,0.000160,0.220147,0.025878,8,
0.019232,0.045242,0.075174,0.010984,0.507960,0.025785,0.141991,0.011661,0.030770,0.131201,4,
0.032499,0.000265,0.083772,0.739038,0.000050,0.075066,0.000155,0.000284,0.068692,0.000179,3,
0.574808,0.000000,0.016406,0.007020,0.005393,0.150914,0.012966,0.000025,0.229836,0.002632,8,
0.119081,0.007498,0.155081,0.111108,0.115486,0.168102,0.048588,0.012535,0.185377,0.077143,6,
0.026287,0.010107,0.014459,0.507804,0.008107,0.150216,0.000375,0.128063,0.107603,0.046978,3,
0.001915,0.314962,0.267880,0.397939,0.000155,0.008173,0.000580,0.000864,0.007312,0.000219,3,
0.013638,0.004821,0.001915,0.064832,0.063703,0.077873,0.000475,0.413970,0.055243,0.303529,7,
0.008967,0.200998,0.070122,0.012564,0.431869,0.016641,0.093090,0.020467,0.018577,0.126705,4,
0.000205,0.000007,0.000000,0.000589,0.006491,0.003134,0.000000,0.774870,0.001513,0.213190,7,
0.046948,0.087096,0.142130,0.198729,0.107889,0.120691,0.023332,0.051410,0.115996,0.105778,1,
0.001286,0.725983,0.106585,0.004647,0.072093,0.002236,0.071579,0.002003,0.002719,0.010870,1,
0.001421,0.003210,0.216700,0.000132,0.016239,0.000348,0.760958,0.000002,0.000738,0.000251,2,
0.000082,0.013270,0.000019,0.005808,0.004408,0.001893,0.000002,0.906574,0.000939,0.067004,7,
0.003955,0.000033,0.000019,0.042257,0.002569,0.052504,0.000001,0.760134,0.026187,0.112341,7,
0.732079,0.000000,0.001614,0.007869,0.000001,0.101510,0.000022,0.000000,0.156904,0.000002,0,
0.002629,0.756477,0.132843,0.031182,0.026891,0.007019,0.018966,0.005932,0.007327,0.010734,1,
0.002546,0.001558,0.439960,0.000323,0.004917,0.000561,0.548838,0.000001,0.001207,0.000091,2,
0.006853,0.002564,0.000764,0.008604,0.203242,0.028438,0.001091,0.242259,0.022361,0.483825,9,
0.017313,0.002641,0.002075,0.024681,0.169900,0.065405,0.001626,0.227593,0.052322,0.436444,9,
0.030551,0.000293,0.001493,0.008398,0.287325,0.066752,0.003577,0.075981,0.060798,0.464831,4,
0.000011,0.992713,0.001552,0.001604,0.000719,0.000090,0.000094,0.002502,0.000072,0.000644,1,
0.489613,0.000000,0.000978,0.000647,0.121767,0.125824,0.017672,0.000206,0.185224,0.058069,0,
0.000014,0.992557,0.002420,0.001117,0.001225,0.000086,0.000246,0.001558,0.000075,0.000701,1,
0.019931,0.226745,0.080173,0.260890,0.056836,0.081929,0.006786,0.107342,0.069643,0.089725,1,
0.266694,0.000037,0.082527,0.132237,0.004035,0.232532,0.006179,0.000548,0.270640,0.004572,0,
0.253893,0.000000,0.004451,0.240859,0.000007,0.254278,0.000014,0.000023,0.246413,0.000062,5,
0.153246,0.000031,0.012005,0.003526,0.409412,0.085722,0.080917,0.002187,0.114841,0.138113,4,
0.219478,0.000463,0.213572,0.040836,0.063851,0.138599,0.113170,0.000881,0.188052,0.021097,5,
0.002886,0.000041,0.000015,0.020383,0.004937,0.035172,0.000002,0.760239,0.018197,0.158127,7,
0.035005,0.005174,0.025384,0.010146,0.523524,0.046440,0.063107,0.017489,0.052741,0.220990,8,
0.026892,0.004265,0.004409,0.064015,0.114578,0.107840,0.001645,0.246478,0.084835,0.345043,4,
0.010370,0.000004,0.331013,0.636609,0.000000,0.010112,0.000015,0.000000,0.011876,0.000000,3,
0.165808,0.000472,0.043026,0.026372,0.230324,0.156957,0.055926,0.007344,0.186036,0.127736,5,
0.132323,0.000145,0.402432,0.009261,0.025682,0.040239,0.318051,0.000036,0.069009,0.002823,8,
0.000275,0.000617,0.000008,0.003316,0.009534,0.004265,0.000003,0.823693,0.002228,0.156061,9,
0.000804,0.000480,0.000020,0.009420,0.008689,0.011019,0.000004,0.806090,0.005866,0.157609,7,
0.000831,0.001248,0.000038,0.006386,0.022857,0.009282,0.000017,0.720886,0.005377,0.233076,7,
0.048090,0.000659,0.004143,0.019406,0.255851,0.103004,0.005739,0.074080,0.095281,0.393748,2,
0.144268,0.000006,0.000911,0.051860,0.021924,0.333196,0.000301,0.042312,0.270594,0.134629,8,
0.165550,0.001009,0.122596,0.189665,0.019364,0.223312,0.012976,0.004358,0.240312,0.020859,0,
0.006970,0.000085,0.915982,0.002178,0.000115,0.001363,0.070437,0.000000,0.002866,0.000005,2,
0.185627,0.000000,0.000086,0.010728,0.021038,0.320418,0.000096,0.024204,0.262078,0.175724,5,
0.689549,0.000000,0.001873,0.002737,0.000210,0.119515,0.000722,0.000001,0.185189,0.000204,0,
0.344615,0.000000,0.007648,0.098312,0.000131,0.263588,0.000172,0.000065,0.284997,0.000472,0,
0.136511,0.000005,0.028672,0.441440,0.000078,0.200211,0.000139,0.000202,0.192397,0.000344,5,
0.020732,0.002194,0.149484,0.001555,0.174487,0.008561,0.617319,0.000137,0.014333,0.011197,4,
0.000296,0.007653,0.000044,0.006742,0.014239,0.004454,0.000011,0.820738,0.002464,0.143358,7,
0.277260,0.000023,0.034815,0.094663,0.008102,0.269185,0.004747,0.001333,0.298421,0.011451,0,
0.071151,0.002856,0.024967,0.338501,0.018007,0.233809,0.001531,0.055623,0.193067,0.060488,7,
0.000018,0.984925,0.001254,0.001830,0.002050,0.000159,0.000130,0.007414,0.000123,0.002097,1,
0.002940,0.003871,0.000297,0.035368,0.021757,0.028851,0.000050,0.687995,0.017481,0.201389,7,
0.031027,0.006874,0.114769,0.004919,0.381103,0.021632,0.356319,0.001477,0.030773,0.051108,4,
0.691694,0.000000,0.000319,0.001301,0.000194,0.124462,0.000212,0.000002,0.181513,0.000304,0,
0.002884,0.767686,0.080351,0.068311,0.019270,0.011314,0.006150,0.018178,0.010372,0.015485,1,
0.000011,0.990358,0.001115,0.001430,0.001192,0.000101,0.000095,0.004459,0.000078,0.001160,1,
0.001875,0.038055,0.000921,0.012135,0.123278,0.012969,0.000593,0.464725,0.009269,0.336179,9,
0.098640,0.001970,0.022872,0.133854,0.079109,0.232973,0.005610,0.057648,0.211306,0.156018,9,
0.023065,0.000041,0.000190,0.195767,0.002735,0.200334,0.000007,0.379497,0.112355,0.086010,7,
0.077452,0.000167,0.007210,0.006106,0.436912,0.079262,0.030121,0.011723,0.090617,0.260430,4,
0.352232,0.000000,0.006848,0.001061,0.245501,0.090982,0.102486,0.000220,0.143953,0.056715,8,
0.143187,0.003077,0.151779,0.057691,0.154710,0.147139,0.088118,0.006011,0.176708,0.071579,4,
0.039123,0.003312,0.006728,0.056939,0.155150,0.123574,0.003354,0.159774,0.104069,0.347976,0,
0.062419,0.000161,0.084536,0.001397,0.217329,0.019311,0.564475,0.000116,0.033195,0.017062,6,
0.000051,0.980790,0.009764,0.001672,0.003449,0.000204,0.001591,0.001123,0.000201,0.001155,1,
0.009576,0.509728,0.231420,0.103064,0.037354,0.025498,0.023448,0.012846,0.025840,0.021227,1,
0.001360,0.003333,0.205743,0.000124,0.017366,0.000335,0.770762,0.000002,0.000710,0.000265,6,
0.245302,0.000004,0.020849,0.001296,0.275967,0.062883,0.248397,0.000170,0.104376,0.040756,5,
0.000055,0.001176,0.000003,0.001748,0.003832,0.001295,0.000001,0.908439,0.000613,0.082839,7,
0.231101,0.000000,0.000120,0.334591,0.000000,0.240428,0.000000,0.000000,0.193759,0.000000,8,
0.224580,0.000000,0.000066,0.017437,0.003803,0.387148,0.000026,0.009506,0.306718,0.050717,5,
0.005563,0.000034,0.935265,0.001543,0.000044,0.000894,0.054668,0.000000,0.001986,0.000002,2,
0.382563,0.000005,0.070410,0.004529,0.070544,0.095505,0.204351,0.000073,0.160172,0.011848,4,
0.029101,0.000098,0.014069,0.765727,0.000061,0.106707,0.000030,0.001616,0.082049,0.000542,3,
0.000260,0.933799,0.010836,0.028765,0.002606,0.001954,0.000353,0.015949,0.001513,0.003966,1,
0.072315,0.000492,0.067701,0.003341,0.373227,0.035127,0.342236,0.000747,0.052816,0.051999,4,
0.297999,0.000003,0.005432,0.006155,0.157645,0.178262,0.020070,0.002285,0.221345,0.110804,4,
0.301910,0.000000,0.040802,0.306714,0.000001,0.158875,0.000044,0.000001,0.191648,0.000004,0,
0.012377,0.000460,0.137306,0.000418,0.067678,0.003094,0.770358,0.000012,0.006016,0.002281,6,
0.001522,0.003018,0.235029,0.000146,0.014567,0.000369,0.744335,0.000001,0.000783,0.000229,6,
0.575718,0.000000,0.034793,0.004646,0.012549,0.118530,0.051364,0.000018,0.199151,0.003232,5,
0.000213,0.087250,0.000168,0.011741,0.014442,0.003479,0.000026,0.778839,0.001977,0.101864,7,
0.000019,0.989544,0.002108,0.002241,0.001133,0.000148,0.000143,0.003525,0.000118,0.001021,1,
0.727287,0.000000,0.000381,0.004755,0.000001,0.109136,0.000008,0.000000,0.158431,0.000002,8,
0.093313,0.000275,0.045979,0.003760,0.416785,0.048087,0.246200,0.001144,0.069746,0.074710,5,
0.163295,0.000219,0.020301,0.141027,0.025407,0.294946,0.003249,0.015871,0.278949,0.056735,5,
0.162267,0.000005,0.001525,0.005974,0.207724,0.161372,0.005992,0.011642,0.171916,0.271583,5,
0.013737,0.000415,0.133971,0.000441,0.072039,0.003437,0.766768,0.000013,0.006654,0.002524,6,
0.020020,0.001352,0.001447,0.031916,0.115030,0.083012,0.000844,0.269265,0.063432,0.413681,9,
0.130522,0.000270,0.056214,0.339061,0.003013,0.233822,0.001680,0.003307,0.224968,0.007143,5,
0.322264,0.000000,0.000397,0.007029,0.025559,0.279380,0.000678,0.003381,0.284280,0.077032,0,
0.116431,0.003631,0.271995,0.035082,0.135928,0.089526,0.190284,0.001865,0.119392,0.035868,2,
0.000044,0.982075,0.004172,0.005938,0.001106,0.000340,0.000175,0.004678,0.000270,0.001202,1,
0.000005,0.000170,0.000000,0.000209,0.000929,0.000185,0.000000,0.955615,0.000073,0.042814,7,
0.227066,0.000005,0.024246,0.001308,0.275089,0.058139,0.278857,0.000160,0.097220,0.037909,4,
0.401816,0.000003,0.024110,0.005062,0.108430,0.137449,0.084983,0.000301,0.205209,0.032637,4,
0.000054,0.004112,0.000006,0.002432,0.004476,0.001270,0.000001,0.909693,0.000616,0.077340,7,
0.097410,0.001168,0.041397,0.355464,0.008709,0.240319,0.001850,0.015764,0.214067,0.023851,3,
0.004597,0.000034,0.006403,0.947129,0.000001,0.024613,0.000001,0.000155,0.017054,0.000013,3,
0.137255,0.000848,0.114079,0.014880,0.253908,0.088308,0.205203,0.001864,0.120939,0.062715,5,
0.462338,0.000000,0.000461,0.004244,0.007616,0.235257,0.000682,0.000346,0.272300,0.016756,0,
0.180384,0.000000,0.000065,0.030897,0.002622,0.415385,0.000014,0.017030,0.304479,0.049124,5,
0.065158,0.003735,0.098055,0.011237,0.391082,0.052423,0.216761,0.003480,0.069340,0.088729,5,
0.001109,0.782026,0.042398,0.139353,0.002026,0.007309,0.000580,0.015752,0.005760,0.003687,1,
0.709496,0.000000,0.000606,0.002187,0.000041,0.114795,0.000135,0.000000,0.172674,0.000065,0,
0.013536,0.000865,0.000944,0.008096,0.246870,0.042038,0.001802,0.148813,0.035242,0.501794,9,
0.001601,0.763251,0.099618,0.008560,0.059675,0.003354,0.043373,0.003626,0.003821,0.013121,1,
0.002702,0.682366,0.091394,0.011825,0.111815,0.005976,0.049249,0.008311,0.006600,0.029762,1,
0.000178,0.941691,0.007703,0.026507,0.001783,0.001517,0.000206,0.016139,0.001135,0.003142,1,
0.000024,0.988838,0.005524,0.001173,0.001863,0.000112,0.000730,0.000922,0.000107,0.000706,1,
0.000198,0.944230,0.034962,0.003772,0.006783,0.000579,0.005975,0.001090,0.000617,0.001795,1,
0.269091,0.000002,0.004851,0.060530,0.006282,0.320094,0.000870,0.002677,0.316768,0.018835,8,
0.000420,0.933640,0.022366,0.013307,0.009661,0.001898,0.002418,0.008280,0.001723,0.006288,1,
0.068142,0.000133,0.004329,0.006193,0.402749,0.081125,0.017160,0.017930,0.087966,0.314272,4,
0.016965,0.000336,0.127133,0.000493,0.081674,0.004250,0.757874,0.000016,0.008158,0.003100,6,
0.086019,0.000698,0.008065,0.068277,0.112085,0.206093,0.003705,0.078653,0.182467,0.253939,8,
0.031083,0.011985,0.068053,0.008745,0.509417,0.032457,0.169812,0.006774,0.040710,0.120964,4,
0.012746,0.058282,0.152021,0.672185,0.001128,0.050573,0.000968,0.006362,0.043183,0.002552,3,
0.005177,0.024359,0.237132,0.001244,0.104329,0.002689,0.615606,0.000099,0.004481,0.004885,6,
0.438705,0.000003,0.034275,0.006992,0.061322,0.145341,0.075195,0.000192,0.219089,0.018886,8,
0.142712,0.000056,0.027387,0.003037,0.397625,0.063918,0.189077,0.000931,0.093524,0.081733,3,
0.008242,0.299124,0.072725,0.017700,0.347683,0.017746,0.068005,0.027418,0.019033,0.122324,6,
0.001360,0.003333,0.205743,0.000124,0.017366,0.000335,0.770762,0.000002,0.000710,0.000265,6,
0.016020,0.188751,0.391915,0.028220,0.121833,0.020573,0.179144,0.003192,0.025814,0.024540,1,
0.095330,0.000007,0.000516,0.118712,0.006441,0.358904,0.000052,0.081532,0.250650,0.087857,3,
0.000064,0.033697,0.000026,0.003525,0.009441,0.001320,0.000006,0.861435,0.000694,0.089792,7,
0.003128,0.526486,0.031403,0.013962,0.226926,0.009703,0.023093,0.045749,0.009471,0.110079,1,
0.023978,0.018909,0.037473,0.011904,0.532325,0.035996,0.075218,0.020757,0.040487,0.202953,4,
0.040737,0.001000,0.110403,0.002234,0.258488,0.017435,0.518344,0.000283,0.028042,0.023036,4,
0.000057,0.981767,0.007816,0.002760,0.002773,0.000277,0.000857,0.002058,0.000255,0.001380,1,
0.002391,0.596157,0.045820,0.008078,0.212080,0.005843,0.042979,0.017230,0.006225,0.063197,1,
0.000083,0.973359,0.005812,0.003282,0.006123,0.000450,0.000917,0.005820,0.000396,0.003759,1,
0.423379,0.000000,0.000394,0.001212,0.083200,0.175943,0.003982,0.000776,0.220789,0.090326,5,
0.009626,0.000816,0.864250,0.004698,0.000872,0.003068,0.110957,0.000001,0.005658,0.000053,2,
0.162351,0.000000,0.001310,0.265981,0.000036,0.315740,0.000008,0.000480,0.253507,0.000587,5,
0.006926,0.280683,0.068460,0.011962,0.386472,0.013662,0.083667,0.020471,0.015111,0.112587,1,
0.011903,0.034942,0.193613,0.003726,0.253326,0.008748,0.457035,0.000795,0.012846,0.023066,4,
0.356543,0.000005,0.032825,0.003962,0.143636,0.110462,0.147968,0.000238,0.172336,0.032026,9,
0.014124,0.000128,0.675257,0.281255,0.000003,0.012691,0.000440,0.000001,0.016097,0.000002,3,
0.071660,0.000139,0.089051,0.001573,0.206642,0.021880,0.554472,0.000114,0.037589,0.016879,9,
0.002047,0.061141,0.001389,0.016125,0.120053,0.014223,0.000733,0.462250,0.010232,0.311808,9,
0.010393,0.000545,0.142842,0.000380,0.060921,0.002595,0.775308,0.000010,0.005081,0.001924,6,
0.071927,0.000699,0.029368,0.006174,0.493864,0.057012,0.117470,0.004615,0.073144,0.145727,7,
0.335211,0.000000,0.000012,0.001165,0.019318,0.264390,0.000070,0.003200,0.249574,0.127058,5,
0.008308,0.324004,0.094702,0.017223,0.318900,0.016476,0.085607,0.019500,0.018198,0.097081,6,
0.001479,0.636868,0.235415,0.006593,0.028862,0.002157,0.081544,0.000639,0.002777,0.003666,1,
0.001084,0.823209,0.023198,0.012064,0.063436,0.004187,0.008106,0.025567,0.003914,0.035234,1,
0.180362,0.000037,0.005754,0.063212,0.038926,0.303566,0.002092,0.019997,0.283021,0.103032,0,
0.006098,0.000015,0.000017,0.013555,0.012167,0.051863,0.000006,0.605736,0.029231,0.281311,7,
0.001006,0.090969,0.000829,0.015758,0.066385,0.009246,0.000290,0.581221,0.006186,0.228110,9,
0.421828,0.000000,0.005027,0.001107,0.179915,0.107161,0.067406,0.000195,0.167215,0.050144,0,
0.292097,0.000088,0.089369,0.022786,0.089136,0.161359,0.091504,0.000900,0.220322,0.032439,0,
0.090135,0.000180,0.006042,0.012807,0.303673,0.120906,0.013698,0.024346,0.126206,0.302006,4,
0.013786,0.002080,0.001819,0.009605,0.293148,0.040727,0.003259,0.132218,0.035302,0.468056,7,
0.000381,0.012286,0.000081,0.016417,0.007966,0.006385,0.000009,0.854165,0.003430,0.098880,7,
0.654400,0.000000,0.002262,0.002258,0.001837,0.132695,0.002640,0.000008,0.202556,0.001343,0,
0.158887,0.000000,0.000068,0.116395,0.000057,0.428844,0.000001,0.002480,0.290748,0.002521,3,
0.000891,0.003314,0.000106,0.154002,0.000653,0.020907,0.000001,0.783737,0.009711,0.026676,9,
0.054188,0.000024,0.003967,0.565571,0.000213,0.212945,0.000023,0.006844,0.153369,0.002855,0,
0.000019,0.988362,0.002941,0.000643,0.003989,0.000093,0.000803,0.001615,0.000087,0.001448,1,
0.000115,0.971293,0.010827,0.007210,0.002744,0.000625,0.000735,0.003947,0.000547,0.001958,1,
0.026016,0.000242,0.159569,0.716188,0.000018,0.049247,0.000171,0.000067,0.048434,0.000048,3,
0.002947,0.001715,0.181810,0.000191,0.028126,0.000730,0.782412,0.000003,0.001501,0.000563,6,
0.121229,0.000174,0.158565,0.391969,0.000606,0.156489,0.001904,0.000372,0.167708,0.000984,8,
0.005499,0.332512,0.047334,0.012720,0.359954,0.012983,0.051709,0.032247,0.013617,0.131426,1,
0.005996,0.000910,0.159969,0.000283,0.043588,0.001492,0.783646,0.000006,0.002985,0.001126,6,
0.095921,0.001503,0.249600,0.012238,0.145437,0.050693,0.346137,0.000542,0.075603,0.022327,4,
0.000101,0.965657,0.005600,0.003254,0.009415,0.000541,0.001142,0.008067,0.000475,0.005748,1,
0.000004,0.000852,0.000000,0.001381,0.000172,0.000268,0.000000,0.984075,0.000097,0.013150,7,
0.014266,0.001634,0.343176,0.001475,0.033082,0.004484,0.592139,0.000016,0.008275,0.001454,6,
0.004064,0.000065,0.000034,0.003330,0.072402,0.022874,0.000058,0.370843,0.015275,0.511056,7,
0.023105,0.000125,0.000390,0.014165,0.111024,0.083593,0.000426,0.212752,0.063654,0.490767,8,
0.001360,0.003333,0.205743,0.000124,0.017366,0.000335,0.770762,0.000002,0.000710,0.000265,2,
0.015098,0.036614,0.022385,0.014350,0.490160,0.032092,0.034950,0.050202,0.032791,0.271357,1,
0.018913,0.011036,0.007232,0.026391,0.281858,0.058048,0.006559,0.145791,0.051076,0.393095,8,
0.044152,0.000081,0.000706,0.018369,0.119903,0.126794,0.000767,0.138045,0.102317,0.448865,7,
0.012271,0.000483,0.295521,0.000684,0.020626,0.002813,0.661288,0.000004,0.005659,0.000651,2,
0.001288,0.754002,0.021349,0.010431,0.104915,0.004747,0.010874,0.033075,0.004479,0.054839,1,
0.172780,0.000002,0.000801,0.043266,0.017636,0.345586,0.000285,0.025987,0.288655,0.105002,5,
0.000619,0.000693,0.000021,0.020490,0.002791,0.011351,0.000002,0.878717,0.005564,0.079752,7,
0.682135,0.000000,0.000963,0.001852,0.000415,0.124974,0.000680,0.000002,0.188538,0.000441,0,
0.110429,0.000030,0.056786,0.001157,0.222831,0.028047,0.512213,0.000087,0.049356,0.019063,6,
0.123034,0.000024,0.052008,0.001197,0.232967,0.031280,0.483547,0.000096,0.054696,0.021150,4,
0.043351,0.000073,0.001081,0.005824,0.294583,0.076407,0.003709,0.048099,0.072349,0.454523,9,
0.002954,0.464305,0.050919,0.401616,0.002103,0.021323,0.000446,0.034291,0.015863,0.006181,1,
0.022506,0.012885,0.142283,0.004600,0.338866,0.016059,0.398817,0.001231,0.023083,0.039669,6,
0.003229,0.732073,0.103142,0.026990,0.057676,0.008711,0.024620,0.011188,0.009003,0.023369,1,
0.255440,0.000000,0.000126,0.001019,0.146299,0.160865,0.001731,0.003648,0.178267,0.252604,4,
0.494664,0.000000,0.012382,0.003964,0.054486,0.149534,0.040726,0.000159,0.223608,0.020476,0,
0.399367,0.000000,0.003355,0.013936,0.012843,0.253272,0.002497,0.000715,0.294191,0.019823,0,
0.049307,0.000031,0.032073,0.708023,0.000031,0.111875,0.000057,0.000276,0.098148,0.000179,3,
0.628270,0.000000,0.000193,0.001185,0.001231,0.156543,0.000324,0.000015,0.210039,0.002201,5,
0.005436,0.322343,0.015880,0.119698,0.055724,0.035300,0.001752,0.285977,0.026476,0.131414,9,
0.000204,0.957573,0.013429,0.007015,0.007548,0.000969,0.001695,0.006151,0.000877,0.004539,1,
0.000129,0.968717,0.011418,0.008349,0.002803,0.000715,0.000730,0.004412,0.000621,0.002106,1,
0.000654,0.819418,0.008949,0.012619,0.046708,0.003642,0.002439,0.058765,0.003037,0.043769,1,
0.190299,0.000017,0.046942,0.282178,0.000606,0.234865,0.000837,0.000463,0.242292,0.001501,3,
0.054632,0.008183,0.049994,0.024157,0.411834,0.076573,0.067598,0.020742,0.085571,0.200715,8,
0.000412,0.082108,0.000309,0.006384,0.065504,0.004284,0.000164,0.611168,0.002786,0.226880,7,
0.037931,0.000034,0.000511,0.350371,0.001394,0.266747,0.000010,0.146425,0.159077,0.037500,5,
0.000324,0.934530,0.023105,0.005061,0.017849,0.001116,0.005885,0.004466,0.001113,0.006552,1,
0.000886,0.101953,0.000804,0.011477,0.086240,0.007679,0.000380,0.535081,0.005258,0.250242,7,
0.002699,0.724951,0.153499,0.022062,0.036656,0.006159,0.031774,0.004346,0.006763,0.011091,1,
0.004921,0.002728,0.000515,0.007935,0.168233,0.023554,0.000667,0.301063,0.017782,0.472602,7,
0.143700,0.000605,0.024689,0.120471,0.055718,0.267135,0.006045,0.025921,0.255229,0.100486,9,
0.179877,0.000706,0.077697,0.146771,0.031707,0.246141,0.012807,0.006785,0.260993,0.036514,0,
0.603476,0.000000,0.000429,0.001607,0.003026,0.164287,0.000846,0.000031,0.222152,0.004147,0,
0.007078,0.000135,0.000088,0.012452,0.042890,0.045060,0.000054,0.469178,0.029061,0.394003,7,
0.399482,0.000000,0.022337,0.074343,0.000317,0.226500,0.000894,0.000041,0.275536,0.000550,8,
0.037709,0.000035,0.000343,0.011782,0.117423,0.109360,0.000495,0.141081,0.086763,0.495009,9,
0.000839,0.895156,0.035254,0.028492,0.010371,0.003816,0.002765,0.011801,0.003415,0.008091,1,
0.202865,0.000013,0.408356,0.006729,0.007991,0.039748,0.258451,0.000005,0.075084,0.000758,6,
0.000720,0.003097,0.000061,0.004024,0.050399,0.006858,0.000049,0.624876,0.004268,0.305648,7,
0.001488,0.002095,0.923402,0.001642,0.000172,0.000464,0.069820,0.000000,0.000911,0.000006,2,
0.061790,0.005432,0.057439,0.465083,0.008890,0.188681,0.001901,0.024176,0.162479,0.024127,7,
0.010782,0.017314,0.003661,0.046477,0.124717,0.054459,0.001408,0.350943,0.041371,0.348868,9,
0.129597,0.000022,0.049686,0.001215,0.237738,0.032965,0.468985,0.000100,0.057460,0.022232,6,
0.519126,0.000000,0.011658,0.013186,0.003019,0.187705,0.004605,0.000049,0.258109,0.002543,0,
0.012067,0.001253,0.000763,0.192441,0.007400,0.109541,0.000035,0.499851,0.065288,0.111362,5,
0.000669,0.894960,0.031497,0.044839,0.004164,0.003699,0.001140,0.011316,0.003120,0.004594,1,
0.000502,0.015591,0.000121,0.005531,0.047609,0.005371,0.000067,0.675433,0.003340,0.246434,7,
0.027611,0.059333,0.046335,0.050837,0.323856,0.067797,0.028957,0.076400,0.066037,0.252837,4,
0.101275,0.000209,0.041492,0.003672,0.417227,0.051292,0.231751,0.001141,0.074318,0.077622,9,
0.185591,0.000244,0.024161,0.071831,0.071748,0.259220,0.010000,0.013899,0.266483,0.096824,8,
0.007939,0.000703,0.151274,0.000329,0.051741,0.001979,0.780632,0.000008,0.003916,0.001480,6,
0.201869,0.000000,0.000457,0.003650,0.142824,0.184507,0.002357,0.009025,0.192367,0.262942,9,
0.001497,0.004729,0.000175,0.042678,0.008315,0.020204,0.000015,0.794478,0.011198,0.116712,7,
0.033869,0.106083,0.414614,0.230455,0.023731,0.068957,0.026645,0.007248,0.072699,0.015699,2,
0.003596,0.000024,0.960198,0.001339,0.000015,0.000550,0.033031,0.000000,0.001246,0.000000,2,
0.011607,0.105692,0.042420,0.014526,0.484969,0.023702,0.059153,0.035844,0.025180,0.196907,4,
0.111867,0.000628,0.013061,0.065697,0.121355,0.218555,0.006651,0.046588,0.205868,0.209730,9,
0.074824,0.001097,0.245249,0.437564,0.000877,0.114647,0.002812,0.000603,0.121116,0.001208,3,
0.000114,0.968428,0.007995,0.003888,0.007361,0.000571,0.001310,0.005641,0.000513,0.004179,1,
0.207684,0.000005,0.018349,0.228032,0.000556,0.273571,0.000389,0.000627,0.268822,0.001964,5,
0.010875,0.034196,0.010751,0.014666,0.417436,0.030092,0.014699,0.097080,0.028265,0.341940,4,
0.015904,0.008748,0.006269,0.014248,0.371825,0.042039,0.009378,0.100325,0.038799,0.392464,7,
0.185907,0.000001,0.033266,0.380143,0.000029,0.196674,0.000122,0.000045,0.203699,0.000115,5,
0.000754,0.040755,0.000359,0.007129,0.085460,0.006646,0.000232,0.567810,0.004455,0.286401,7,
0.016525,0.006952,0.171046,0.002217,0.203472,0.008575,0.562470,0.000274,0.013646,0.014824,4,
0.072165,0.000030,0.000934,0.196469,0.005490,0.324181,0.000057,0.105480,0.220884,0.074311,3,
0.382593,0.000008,0.131931,0.049077,0.004004,0.170357,0.020267,0.000073,0.239634,0.002055,2,
0.052326,0.000700,0.009878,0.007931,0.466452,0.065140,0.031874,0.018074,0.072185,0.275440,4,
0.125120,0.001477,0.038909,0.050747,0.200408,0.176078,0.028792,0.020906,0.187752,0.169811,7,
0.034328,0.007749,0.041624,0.009691,0.531760,0.040477,0.104166,0.011367,0.048229,0.170609,4,
0.085608,0.002009,0.332626,0.323134,0.002367,0.115497,0.007513,0.000767,0.128209,0.002270,3,
0.083942,0.000091,0.005176,0.005593,0.411488,0.085579,0.023149,0.012061,0.096694,0.276226,8,
0.000623,0.150522,0.000761,0.008380,0.095563,0.005451,0.000426,0.494735,0.003772,0.239767,7,
0.037419,0.029806,0.031018,0.099902,0.185291,0.113585,0.010554,0.129245,0.101276,0.261904,5,
0.006793,0.549121,0.233507,0.040261,0.061882,0.014250,0.051045,0.006926,0.015738,0.020478,1,
0.405332,0.000001,0.047407,0.062104,0.001105,0.209111,0.003678,0.000061,0.270067,0.001134,5,
0.153940,0.000021,0.003730,0.123588,0.010242,0.344690,0.000461,0.021103,0.290635,0.051590,9,
0.010022,0.123236,0.035304,0.015094,0.465661,0.022698,0.045833,0.046119,0.023418,0.212615,4,
0.000383,0.933623,0.034868,0.012885,0.005818,0.001507,0.002907,0.003533,0.001439,0.003037,1,
0.111953,0.000121,0.359019,0.005717,0.030162,0.030435,0.405751,0.000026,0.054139,0.002676,4,
