0, 1, 2, 3, 4, 5, 6, 7, 8, 9, True
0.000000,0.998997,0.000336,0.000000,0.000351,0.000027,0.000134,0.000135,0.000020,0.000000,1,
0.000000,0.817238,0.021063,0.024488,0.005621,0.000277,0.000000,0.126052,0.000000,0.005263,1,
0.028299,0.000000,0.018136,0.208220,0.003057,0.562162,0.000000,0.020497,0.130332,0.029296,5,
0.018376,0.004427,0.018527,0.573275,0.020358,0.178954,0.000110,0.017273,0.107860,0.060840,5,
0.000177,0.000251,0.007105,0.145815,0.039531,0.282583,0.003421,0.257065,0.040974,0.223078,5,
0.278512,0.001319,0.020522,0.031313,0.007888,0.057353,0.025709,0.001694,0.551365,0.024325,8,
0.151488,0.001883,0.051608,0.000883,0.005540,0.002740,0.766092,0.000478,0.012378,0.006910,6,
0.021053,0.000000,0.931579,0.004511,0.010526,0.000000,0.021053,0.005263,0.006015,0.000000,2,
0.000000,0.000000,0.000069,0.004141,0.000530,0.000212,0.000000,0.929862,0.056813,0.008374,7,
0.059310,0.000000,0.000000,0.051537,0.000399,0.639852,0.000000,0.224767,0.006630,0.017505,5,
0.254373,0.000093,0.076185,0.007236,0.148171,0.005272,0.330103,0.001552,0.120463,0.056552,6,
0.000000,0.379405,0.000188,0.122544,0.200172,0.000804,0.000000,0.095344,0.007682,0.193861,9,
0.005627,0.005315,0.031679,0.003420,0.619837,0.005576,0.001639,0.030708,0.016472,0.279729,4,
0.030391,0.001348,0.062561,0.034317,0.585749,0.011677,0.077789,0.003564,0.074985,0.117619,4,
0.000000,0.999128,0.000143,0.000013,0.000338,0.000026,0.000162,0.000178,0.000012,0.000000,1,
0.001185,0.000000,0.053596,0.000198,0.013473,0.005263,0.926151,0.000000,0.000000,0.000135,6,
0.069662,0.000239,0.278380,0.189971,0.030823,0.039032,0.095348,0.013563,0.275810,0.007172,9,
0.000176,0.038314,0.021388,0.865009,0.000000,0.066520,0.000000,0.001225,0.002967,0.004400,3,
0.010526,0.000000,0.000211,0.058409,0.011198,0.117856,0.000000,0.747066,0.008276,0.046457,7,
0.572726,0.000000,0.030550,0.108940,0.017161,0.128284,0.000000,0.011842,0.115457,0.015038,3,
0.791643,0.000000,0.002107,0.026814,0.054750,0.022518,0.017975,0.024150,0.007031,0.053012,0,
0.960872,0.000000,0.005936,0.005289,0.005558,0.005547,0.000164,0.000035,0.005969,0.010630,0,
0.006178,0.000323,0.000089,0.006155,0.017732,0.026943,0.000000,0.812658,0.012171,0.117752,7,
0.000558,0.000000,0.000399,0.005129,0.040569,0.000623,0.000120,0.051017,0.004955,0.896630,9,
0.173876,0.020529,0.048384,0.021107,0.306111,0.161921,0.017488,0.131972,0.038419,0.080194,4,
0.292308,0.005263,0.123725,0.022124,0.007368,0.323399,0.108357,0.005263,0.092236,0.019956,5,
0.001781,0.001376,0.000127,0.017659,0.014605,0.017170,0.000112,0.518574,0.003950,0.424645,7,
0.014251,0.000000,0.005386,0.000000,0.002659,0.080000,0.000000,0.000000,0.880981,0.016724,8,
0.057053,0.000000,0.476504,0.121861,0.092336,0.107469,0.080058,0.000000,0.028950,0.035769,3,
0.010535,0.000482,0.005434,0.000000,0.000546,0.005644,0.974613,0.002632,0.000049,0.000065,6,
0.010134,0.000000,0.010570,0.017161,0.402173,0.052650,0.010526,0.079842,0.029989,0.386956,5,
0.205913,0.007442,0.014017,0.019733,0.139267,0.189657,0.093674,0.005263,0.309748,0.015287,5,
0.000000,0.978534,0.000000,0.000000,0.000277,0.000000,0.000000,0.005399,0.000000,0.015789,1,
0.000272,0.985506,0.001082,0.000106,0.002820,0.000005,0.000638,0.001923,0.004717,0.002930,1,
0.005883,0.002217,0.010948,0.010273,0.467085,0.002719,0.002616,0.176135,0.007612,0.314511,9,
0.005531,0.306499,0.140947,0.224476,0.114451,0.084518,0.023282,0.083331,0.004561,0.012403,1,
0.337142,0.004246,0.023957,0.088536,0.038556,0.016535,0.020016,0.007542,0.390184,0.073286,0,
0.002279,0.005574,0.008472,0.003962,0.766873,0.000898,0.007965,0.005458,0.006552,0.191967,4,
0.077319,0.066832,0.020902,0.009222,0.113014,0.016920,0.016926,0.051820,0.211943,0.415104,9,
0.001643,0.006061,0.125862,0.536449,0.040498,0.018543,0.000000,0.142613,0.064193,0.064138,3,
0.001212,0.017646,0.002053,0.076389,0.047464,0.019592,0.000573,0.324332,0.012325,0.498414,9,
0.005923,0.001515,0.038098,0.147620,0.011745,0.609139,0.000633,0.000899,0.132145,0.052284,3,
0.000082,0.000150,0.000151,0.000023,0.000338,0.000689,0.998441,0.000000,0.000064,0.000061,6,
0.033837,0.005502,0.002836,0.003826,0.084423,0.031377,0.003806,0.038990,0.371559,0.423843,8,
0.248300,0.000000,0.032895,0.040351,0.053669,0.011228,0.375838,0.010526,0.164035,0.063158,6,
0.012026,0.000128,0.000504,0.156106,0.027151,0.550895,0.000000,0.106837,0.067362,0.078991,5,
0.001122,0.987991,0.000927,0.000350,0.001093,0.000312,0.004907,0.001264,0.001101,0.000933,1,
0.000000,0.996093,0.000993,0.000138,0.002434,0.000099,0.000126,0.000081,0.000035,0.000000,1,
0.012582,0.000000,0.009185,0.015370,0.008662,0.648461,0.000060,0.007967,0.235174,0.062539,8,
0.068594,0.000191,0.019605,0.097724,0.013671,0.026961,0.005291,0.004406,0.743259,0.020298,3,
0.072829,0.019352,0.015561,0.322911,0.101964,0.131577,0.000697,0.035187,0.165069,0.134852,0,
0.007637,0.035666,0.178073,0.167199,0.005896,0.395784,0.005895,0.032266,0.084304,0.087279,5,
0.011744,0.000145,0.001704,0.975959,0.000000,0.003892,0.000000,0.000769,0.005578,0.000209,3,
0.061121,0.000000,0.347999,0.433902,0.016108,0.025839,0.013752,0.002632,0.078029,0.020618,3,
0.005354,0.016363,0.072516,0.005286,0.017079,0.006606,0.864968,0.000000,0.001858,0.009970,6,
0.000245,0.069734,0.020308,0.000128,0.085376,0.004918,0.814028,0.000000,0.000000,0.005263,1,
0.110526,0.000000,0.090727,0.736221,0.000000,0.046134,0.000000,0.005804,0.010542,0.000045,3,
0.010620,0.030315,0.060901,0.488263,0.036527,0.184923,0.000000,0.076052,0.060965,0.051435,3,
0.020011,0.343918,0.049172,0.013307,0.013538,0.001746,0.251054,0.039770,0.232352,0.035133,1,
0.000237,0.000000,0.000019,0.003366,0.036505,0.000644,0.000000,0.054952,0.004354,0.899925,7,
0.003618,0.000000,0.000199,0.072085,0.000303,0.523190,0.000000,0.025995,0.254430,0.120180,8,
0.005380,0.058130,0.015622,0.001090,0.640895,0.031068,0.012050,0.012811,0.027959,0.194996,4,
0.049111,0.001883,0.012067,0.150304,0.047732,0.643132,0.000148,0.048032,0.022294,0.025299,5,
0.984101,0.000000,0.005263,0.000045,0.005263,0.005263,0.000000,0.000000,0.000050,0.000013,0,
0.006768,0.002710,0.077063,0.024444,0.565911,0.001237,0.002533,0.069406,0.012343,0.237587,4,
0.029525,0.000000,0.058147,0.003767,0.032913,0.767309,0.000000,0.041663,0.034897,0.031779,5,
0.000000,0.000020,0.000045,0.007366,0.008708,0.002399,0.000000,0.930209,0.000171,0.051081,7,
0.000189,0.000195,0.007869,0.000208,0.000291,0.005441,0.984181,0.000000,0.000148,0.001478,6,
0.133244,0.000595,0.000161,0.001009,0.049767,0.138182,0.000832,0.000000,0.640144,0.036067,8,
0.949664,0.000000,0.006166,0.000351,0.000584,0.005444,0.006935,0.000000,0.030700,0.000156,0,
0.006211,0.006915,0.155611,0.022426,0.745943,0.000786,0.007147,0.001308,0.022342,0.031311,4,
0.013623,0.025429,0.048136,0.016670,0.715363,0.000900,0.020613,0.005320,0.012742,0.141204,2,
0.024020,0.000000,0.050511,0.000000,0.095672,0.021611,0.790289,0.000134,0.000034,0.017730,6,
0.162143,0.000405,0.009451,0.000560,0.227974,0.066130,0.005054,0.013611,0.276880,0.237792,8,
0.000000,0.997738,0.000169,0.000000,0.001036,0.000030,0.000113,0.000702,0.000034,0.000179,1,
0.110267,0.000000,0.401654,0.256711,0.044714,0.024542,0.007075,0.044237,0.086676,0.024125,3,
0.000043,0.000073,0.022360,0.005286,0.002142,0.014214,0.944892,0.000000,0.010596,0.000394,6,
0.002898,0.449319,0.117090,0.005263,0.009117,0.391429,0.000000,0.000040,0.024845,0.000000,5,
0.136226,0.026482,0.035652,0.044091,0.344565,0.059124,0.178065,0.017613,0.094728,0.063454,5,
0.000000,0.005529,0.042160,0.021053,0.010600,0.098549,0.748316,0.000000,0.057895,0.015898,6,
0.029640,0.006241,0.044336,0.127006,0.259725,0.016494,0.009514,0.010830,0.310801,0.185413,8,
0.000135,0.000000,0.000029,0.006293,0.036741,0.002009,0.000000,0.336112,0.002453,0.616228,9,
0.000167,0.000252,0.000821,0.000000,0.005685,0.006916,0.985280,0.000000,0.000278,0.000602,6,
0.000000,0.999283,0.000103,0.000000,0.000311,0.000025,0.000071,0.000195,0.000012,0.000000,1,
0.039580,0.016746,0.029200,0.008526,0.315331,0.018147,0.152713,0.002281,0.229000,0.188478,8,
0.000636,0.002641,0.000676,0.000000,0.004079,0.001357,0.990461,0.000000,0.000119,0.000030,6,
0.707936,0.000000,0.031579,0.005272,0.042114,0.131906,0.007368,0.047368,0.000082,0.026374,0,
0.008901,0.005637,0.012636,0.640305,0.008618,0.110778,0.000000,0.074071,0.039884,0.099171,3,
0.000000,0.010768,0.005303,0.027750,0.770629,0.016103,0.005900,0.018500,0.011247,0.133800,4,
0.000000,0.811574,0.015806,0.005263,0.018421,0.024789,0.000008,0.082911,0.035088,0.006140,1,
0.014213,0.000000,0.007638,0.050864,0.007230,0.007852,0.000394,0.045521,0.066064,0.800225,9,
0.635010,0.000000,0.005304,0.028911,0.000073,0.162243,0.128206,0.000167,0.034824,0.005263,6,
0.005953,0.021579,0.592692,0.026413,0.106210,0.026413,0.088357,0.053918,0.031579,0.046886,2,
0.957849,0.000000,0.000000,0.010543,0.000000,0.015789,0.000000,0.010543,0.000000,0.005276,0,
0.000846,0.001717,0.177065,0.000414,0.041734,0.000190,0.776679,0.000000,0.000222,0.001134,2,
0.005263,0.000000,0.962539,0.026316,0.000000,0.000000,0.005882,0.000000,0.000000,0.000000,2,
0.000000,0.974596,0.000578,0.000138,0.000296,0.000062,0.000377,0.018196,0.000033,0.005724,1,
0.825175,0.000028,0.010147,0.003734,0.020827,0.013253,0.022809,0.000648,0.088516,0.014863,0,
0.000000,0.000000,0.000018,0.000980,0.000233,0.000028,0.000000,0.997350,0.000092,0.001299,7,
0.000915,0.000671,0.001560,0.002329,0.483540,0.007636,0.003344,0.016226,0.012311,0.471468,4,
0.397925,0.000000,0.008275,0.000862,0.117722,0.019973,0.004573,0.009809,0.311273,0.129588,9,
0.031579,0.000000,0.787380,0.144199,0.000000,0.000000,0.010526,0.005263,0.021053,0.000000,2,
0.829592,0.000000,0.028017,0.052876,0.000000,0.048136,0.011537,0.000000,0.029811,0.000031,0,
0.006077,0.000000,0.521688,0.341737,0.000351,0.023125,0.029250,0.000000,0.056164,0.021607,0,
0.156854,0.000292,0.011994,0.019937,0.006881,0.046570,0.000426,0.001263,0.628480,0.127303,8,
0.026332,0.005263,0.843234,0.029332,0.045663,0.000219,0.027436,0.000000,0.022220,0.000301,3,
0.000000,0.871650,0.068909,0.005702,0.022062,0.000081,0.000000,0.010538,0.010531,0.010526,1,
0.000000,0.000097,0.805851,0.028472,0.018407,0.010526,0.131252,0.000000,0.000000,0.005395,2,
0.204613,0.000000,0.007320,0.066906,0.026158,0.019718,0.004216,0.000912,0.624901,0.045257,8,
0.047311,0.020834,0.012664,0.001165,0.043508,0.003213,0.006697,0.048545,0.487472,0.328591,9,
0.059324,0.080092,0.322575,0.050911,0.106858,0.003394,0.152888,0.006950,0.189451,0.027557,2,
0.000000,0.959462,0.000000,0.000482,0.002478,0.000000,0.000000,0.035530,0.000000,0.002048,1,
0.000000,0.836143,0.088687,0.026316,0.000048,0.000000,0.000049,0.038213,0.000018,0.010526,1,
0.000000,0.270460,0.005263,0.504959,0.037281,0.087251,0.010526,0.048996,0.000936,0.034327,3,
0.000000,0.920246,0.008920,0.000000,0.000856,0.000096,0.000000,0.054943,0.000000,0.014939,1,
0.170061,0.000000,0.004431,0.005387,0.006199,0.013743,0.008149,0.000186,0.758696,0.033149,8,
0.000013,0.000100,0.067785,0.000000,0.000392,0.000130,0.931533,0.000000,0.000048,0.000000,6,
0.852472,0.000000,0.042105,0.042105,0.010526,0.026316,0.021212,0.000000,0.005263,0.000000,0,
0.057272,0.030515,0.016112,0.042445,0.072992,0.352674,0.141302,0.000000,0.263672,0.023017,5,
0.000849,0.025111,0.000746,0.033767,0.690607,0.048380,0.046325,0.066691,0.005299,0.082225,4,
0.006834,0.000020,0.135770,0.833143,0.000000,0.006256,0.000000,0.000151,0.016636,0.001190,3,
0.237914,0.001710,0.013775,0.071417,0.021471,0.036895,0.012989,0.005144,0.521650,0.077035,8,
0.167626,0.000000,0.040294,0.020134,0.001634,0.025162,0.011158,0.000276,0.724675,0.009042,8,
0.001205,0.000000,0.000039,0.009760,0.055214,0.000649,0.000000,0.026112,0.000267,0.906756,9,
0.782907,0.000000,0.089209,0.000000,0.043652,0.014163,0.053564,0.000961,0.007048,0.008497,0,
0.102297,0.000376,0.027647,0.007296,0.009139,0.040952,0.012815,0.005263,0.779205,0.015011,8,
0.001457,0.137614,0.004472,0.007725,0.541772,0.005794,0.007786,0.014768,0.020978,0.257633,4,
0.098341,0.000000,0.015789,0.008120,0.026566,0.030693,0.000000,0.000526,0.751192,0.068772,8,
0.005263,0.052243,0.090652,0.063680,0.674694,0.005526,0.015792,0.048800,0.016492,0.026857,4,
0.000331,0.000505,0.005739,0.002922,0.205013,0.007688,0.002517,0.009707,0.015072,0.750506,9,
0.001690,0.988763,0.001168,0.000382,0.003139,0.000045,0.001886,0.000712,0.001478,0.000737,1,
0.010573,0.026037,0.008288,0.888168,0.001930,0.053926,0.000000,0.006320,0.003593,0.001164,3,
0.002626,0.000270,0.000239,0.000354,0.011990,0.445471,0.453307,0.000000,0.068267,0.017476,6,
0.009902,0.103756,0.000000,0.008777,0.029841,0.109125,0.000056,0.411181,0.091906,0.235456,7,
0.000238,0.000117,0.002385,0.000000,0.000114,0.000007,0.996877,0.000000,0.000090,0.000173,6,
0.002278,0.000000,0.005446,0.004220,0.178819,0.009217,0.005263,0.027520,0.001270,0.765967,9,
0.007303,0.026182,0.012591,0.001388,0.058093,0.118987,0.756759,0.000395,0.015215,0.003087,6,
0.000000,0.000000,0.952632,0.031579,0.005263,0.005263,0.000000,0.000000,0.005263,0.000000,2,
0.000746,0.000473,0.003469,0.038306,0.518220,0.001196,0.001451,0.063655,0.018501,0.353982,4,
0.000000,0.000000,0.000037,0.000819,0.000816,0.000000,0.000000,0.995466,0.000135,0.002728,7,
0.000000,0.992723,0.000163,0.000034,0.000901,0.000074,0.000047,0.005860,0.000031,0.000168,1,
0.000000,0.000000,0.952291,0.021382,0.010526,0.005263,0.000000,0.010526,0.000011,0.000000,2,
0.000000,0.997404,0.000280,0.000000,0.001208,0.000019,0.000132,0.000802,0.000156,0.000000,1,
0.204469,0.021053,0.236135,0.024212,0.323862,0.069921,0.063353,0.000000,0.050646,0.006349,0,
0.031809,0.000229,0.691686,0.166465,0.001666,0.000567,0.028912,0.002030,0.074653,0.001983,2,
0.023302,0.000000,0.001519,0.002010,0.019465,0.556262,0.000192,0.001371,0.385723,0.010156,8,
0.001722,0.019431,0.023225,0.184267,0.073882,0.216013,0.000112,0.057178,0.154428,0.269741,8,
0.081158,0.000000,0.000641,0.018669,0.211950,0.480732,0.009908,0.019574,0.142856,0.034512,5,
0.010526,0.012061,0.040128,0.635009,0.000236,0.271606,0.005263,0.000621,0.024173,0.000377,5,
0.026316,0.005263,0.785263,0.062105,0.053110,0.000000,0.015789,0.052153,0.000000,0.000000,2,
0.000000,0.000000,0.000000,0.012476,0.001134,0.001630,0.000000,0.499855,0.000036,0.484869,9,
0.033565,0.000024,0.022931,0.021079,0.144613,0.010545,0.755194,0.000240,0.000316,0.011494,6,
0.496179,0.000000,0.000000,0.045837,0.029435,0.306587,0.000000,0.120431,0.001053,0.000478,0,
0.002803,0.028786,0.013377,0.654668,0.008547,0.126816,0.000110,0.071346,0.020943,0.072606,7,
0.179159,0.005576,0.047885,0.159433,0.011113,0.066155,0.011520,0.002140,0.496609,0.020410,3,
0.000000,0.000000,0.000018,0.002044,0.000232,0.000028,0.000000,0.992539,0.001200,0.003938,7,
0.000369,0.000000,0.000052,0.002469,0.021352,0.000666,0.000000,0.067906,0.003743,0.903442,9,
0.150777,0.000933,0.018504,0.110888,0.003889,0.086309,0.007179,0.000322,0.585272,0.035929,8,
0.595260,0.000000,0.008497,0.037330,0.000617,0.043416,0.028887,0.000045,0.250642,0.035306,0,
0.032322,0.000000,0.000431,0.149748,0.015912,0.721369,0.000000,0.070359,0.003416,0.006442,5,
0.000000,0.022868,0.018607,0.007482,0.793773,0.000964,0.017648,0.023041,0.008445,0.107173,4,
0.013499,0.003214,0.052244,0.830237,0.001782,0.033401,0.000000,0.014442,0.035907,0.015274,3,
0.000000,0.000026,0.000000,0.018614,0.034273,0.109026,0.000000,0.772722,0.000108,0.065231,7,
0.000000,0.998784,0.000180,0.000013,0.000482,0.000010,0.000047,0.000314,0.000118,0.000052,1,
0.662331,0.000000,0.063158,0.131579,0.000024,0.068421,0.021567,0.031579,0.016078,0.005263,0,
0.000000,0.000287,0.000018,0.005731,0.002543,0.004677,0.000000,0.871885,0.001178,0.113683,7,
0.201593,0.001037,0.014272,0.032195,0.069064,0.220473,0.001519,0.009815,0.386777,0.063256,5,
0.346224,0.000000,0.348659,0.001860,0.042363,0.114651,0.110275,0.017234,0.006175,0.012559,2,
0.018938,0.001658,0.000490,0.019694,0.091618,0.012648,0.001749,0.286014,0.024011,0.543181,7,
0.000000,0.991825,0.006855,0.000544,0.000067,0.000003,0.000095,0.000593,0.000018,0.000000,1,
0.215748,0.000770,0.018739,0.033212,0.006801,0.030566,0.014218,0.000873,0.656092,0.022980,8,
0.987807,0.000000,0.000190,0.005377,0.005385,0.000144,0.000238,0.000000,0.000801,0.000058,0,
0.000212,0.056561,0.000516,0.001698,0.802440,0.012642,0.038981,0.003521,0.000682,0.082746,4,
0.189380,0.000000,0.007316,0.035584,0.010240,0.026125,0.006098,0.007345,0.616036,0.101877,8,
0.000069,0.983658,0.006127,0.000146,0.000626,0.000042,0.000253,0.002453,0.006097,0.000529,1,
0.016439,0.000000,0.005263,0.000000,0.002625,0.494508,0.000000,0.000478,0.423104,0.057584,8,
0.168359,0.003058,0.074992,0.023935,0.322493,0.024668,0.148331,0.029430,0.056104,0.148631,4,
0.000305,0.000785,0.010622,0.970903,0.000122,0.006447,0.000000,0.000819,0.007504,0.002493,3,
0.141040,0.000041,0.011981,0.006985,0.001185,0.048980,0.010412,0.000345,0.753026,0.026005,8,
0.377633,0.011594,0.037547,0.087574,0.029346,0.015994,0.077319,0.003250,0.313609,0.046134,6,
0.001730,0.019835,0.051302,0.388140,0.059626,0.115033,0.000000,0.070176,0.069494,0.224663,3,
0.000000,0.055933,0.178719,0.665152,0.010553,0.007775,0.005263,0.064530,0.001469,0.010607,3,
0.000376,0.000000,0.002045,0.058958,0.023732,0.097582,0.000000,0.658015,0.000524,0.158768,7,
0.003914,0.021316,0.007304,0.002677,0.834395,0.001589,0.016394,0.005011,0.009184,0.098216,4,
0.000000,0.000000,0.000000,0.042331,0.000669,0.000000,0.000000,0.499881,0.010535,0.446584,7,
0.007242,0.318151,0.117174,0.152319,0.109969,0.067815,0.001307,0.083750,0.086694,0.055577,1,
0.000844,0.839952,0.047207,0.005126,0.026578,0.005510,0.066047,0.000158,0.001854,0.006724,1,
0.000880,0.000286,0.935629,0.008644,0.022219,0.000081,0.030181,0.000229,0.000000,0.001851,2,
0.000000,0.000000,0.000037,0.000723,0.000213,0.000000,0.000000,0.996864,0.000423,0.001741,7,
0.000000,0.000000,0.000000,0.011052,0.000044,0.005290,0.000000,0.982517,0.000235,0.000863,7,
0.978838,0.005263,0.000032,0.000016,0.000000,0.005263,0.010526,0.000016,0.000032,0.000013,0,
0.000069,0.982602,0.003567,0.002055,0.001241,0.000317,0.000480,0.000463,0.006519,0.002688,1,
0.000000,0.000000,0.936842,0.015789,0.000000,0.021053,0.026316,0.000000,0.000000,0.000000,2,
0.000594,0.000000,0.000184,0.024405,0.022391,0.010845,0.000027,0.039532,0.005753,0.896269,9,
0.000000,0.075919,0.022180,0.092184,0.226901,0.030004,0.000051,0.083209,0.060939,0.408613,9,
0.000568,0.001815,0.006467,0.015485,0.549241,0.003380,0.001822,0.074608,0.034092,0.312524,4,
0.000000,0.998123,0.000641,0.000676,0.000141,0.000071,0.000030,0.000305,0.000015,0.000000,1,
0.565247,0.000000,0.017303,0.005597,0.018699,0.048836,0.185200,0.000112,0.152788,0.006218,0,
0.000000,0.997182,0.000705,0.000138,0.001728,0.000099,0.000032,0.000081,0.000035,0.000000,1,
0.000752,0.798592,0.005263,0.005338,0.010674,0.000000,0.000223,0.006021,0.162609,0.010526,1,
0.502650,0.000000,0.102668,0.134790,0.043350,0.076813,0.044908,0.012035,0.048613,0.034172,0,
0.005263,0.000000,0.011111,0.141139,0.000292,0.836479,0.000000,0.000000,0.005358,0.000357,5,
0.136205,0.000000,0.033705,0.001100,0.651647,0.023550,0.040109,0.025767,0.005007,0.082911,4,
0.193873,0.000842,0.079467,0.073945,0.096729,0.031396,0.102702,0.002154,0.377696,0.041196,5,
0.005615,0.000000,0.005517,0.045771,0.019278,0.017743,0.000000,0.714710,0.005946,0.185421,7,
0.138623,0.004623,0.035732,0.011459,0.237030,0.013175,0.083516,0.009710,0.175216,0.290917,8,
0.005921,0.050195,0.023504,0.457354,0.093373,0.228024,0.005789,0.049471,0.010653,0.075716,4,
0.005263,0.000041,0.099685,0.830179,0.000000,0.059013,0.005263,0.000541,0.000015,0.000000,3,
0.006579,0.023837,0.003885,0.060859,0.028070,0.613745,0.046541,0.001528,0.162311,0.052645,5,
0.053256,0.000748,0.049656,0.000283,0.036882,0.095272,0.476730,0.000000,0.262176,0.024996,8,
0.000000,0.000152,0.000056,0.019375,0.007156,0.007417,0.000000,0.780680,0.001612,0.183553,9,
0.000000,0.000000,0.000000,0.001581,0.002390,0.001865,0.000000,0.891254,0.000187,0.102722,7,
0.000000,0.000000,0.000028,0.001517,0.003553,0.001634,0.000000,0.896359,0.000187,0.096721,7,
0.103590,0.005623,0.047491,0.047348,0.219731,0.115552,0.003180,0.058528,0.209526,0.189430,2,
0.067853,0.000000,0.000910,0.020555,0.003295,0.065990,0.001605,0.003224,0.780114,0.056453,8,
0.144588,0.004650,0.045137,0.147677,0.042723,0.011535,0.030047,0.021571,0.508661,0.043412,0,
0.000000,0.001316,0.960625,0.032785,0.000000,0.000000,0.005263,0.000000,0.000011,0.000000,2,
0.011146,0.000000,0.001710,0.014937,0.004055,0.601420,0.000000,0.063911,0.193646,0.109177,5,
0.973671,0.000000,0.015789,0.000000,0.000000,0.010526,0.000000,0.000000,0.000000,0.000013,0,
0.853917,0.000000,0.012126,0.073767,0.000070,0.032680,0.026401,0.000073,0.000865,0.000101,0,
0.039662,0.011324,0.035765,0.341590,0.005263,0.505986,0.000000,0.000219,0.039690,0.020502,5,
0.019438,0.038220,0.019584,0.001721,0.659005,0.012380,0.168548,0.012138,0.015803,0.053163,4,
0.000912,0.000218,0.000030,0.003900,0.003557,0.003533,0.000030,0.828782,0.002648,0.156388,7,
0.903885,0.000000,0.016400,0.012140,0.000760,0.012138,0.015585,0.000018,0.037318,0.001757,0,
0.100976,0.001646,0.179228,0.090953,0.096400,0.012665,0.006441,0.174302,0.201530,0.135858,7,
0.000000,0.998893,0.000084,0.000000,0.000617,0.000209,0.000058,0.000126,0.000012,0.000000,1,
0.010526,0.000000,0.000000,0.037774,0.003590,0.149144,0.000000,0.781110,0.000000,0.017856,7,
0.020169,0.038339,0.008826,0.000215,0.337560,0.093239,0.362612,0.002009,0.079747,0.057283,4,
0.984147,0.000000,0.000000,0.000000,0.000000,0.000000,0.000000,0.000000,0.010577,0.005276,0,
0.000000,0.994501,0.000221,0.000000,0.000133,0.000005,0.000186,0.004830,0.000034,0.000089,1,
0.000000,0.999281,0.000370,0.000000,0.000142,0.000061,0.000096,0.000043,0.000007,0.000000,1,
0.012858,0.000133,0.000837,0.017965,0.015662,0.010802,0.000504,0.118991,0.033204,0.789044,9,
0.054105,0.001001,0.015124,0.138392,0.193012,0.017694,0.003917,0.122463,0.129140,0.325151,9,
0.000555,0.000000,0.000000,0.009947,0.004154,0.006554,0.000000,0.949675,0.000310,0.028805,7,
0.011429,0.000514,0.026886,0.002552,0.510023,0.007375,0.000998,0.018797,0.009846,0.411581,4,
0.210368,0.005263,0.032331,0.000000,0.392081,0.039073,0.121880,0.000000,0.176909,0.022095,8,
0.015029,0.000390,0.126291,0.063814,0.696468,0.005676,0.007050,0.022017,0.000809,0.062455,4,
0.047374,0.000000,0.002951,0.080814,0.058947,0.187447,0.000373,0.034732,0.351046,0.236315,0,
0.080304,0.000098,0.027812,0.005362,0.175298,0.108461,0.573993,0.011730,0.013899,0.003043,6,
0.000000,0.998731,0.000203,0.000000,0.000243,0.000005,0.000476,0.000333,0.000008,0.000000,1,
0.000000,0.997983,0.000374,0.000000,0.000509,0.000019,0.000194,0.000820,0.000101,0.000000,1,
0.000009,0.000099,0.000123,0.000000,0.000279,0.000089,0.999347,0.000000,0.000036,0.000019,6,
0.026108,0.000000,0.006161,0.005330,0.660777,0.205661,0.043870,0.009864,0.019589,0.022641,5,
0.000000,0.000000,0.000018,0.000917,0.000184,0.000028,0.000000,0.996835,0.000176,0.001841,7,
0.618395,0.000000,0.000000,0.073684,0.000037,0.259587,0.000018,0.005336,0.037679,0.005263,8,
0.083549,0.000000,0.004114,0.085309,0.051038,0.698643,0.001053,0.011344,0.031971,0.032980,5,
0.000000,0.000000,0.968421,0.010526,0.021053,0.000000,0.000000,0.000000,0.000000,0.000000,2,
0.055263,0.000000,0.073744,0.039474,0.308790,0.028947,0.372405,0.105587,0.005263,0.010526,4,
0.002928,0.001616,0.006560,0.941502,0.000108,0.026879,0.000000,0.007008,0.003373,0.010026,3,
0.000000,0.597846,0.023684,0.208947,0.015845,0.022105,0.000000,0.115783,0.000000,0.015789,1,
0.000339,0.000902,0.019607,0.002714,0.686834,0.003859,0.014524,0.008732,0.009218,0.253271,4,
0.113299,0.000000,0.018638,0.005042,0.230287,0.235466,0.196262,0.042697,0.102817,0.055493,4,
0.360001,0.000000,0.047368,0.231756,0.032052,0.074472,0.137547,0.028947,0.077014,0.010841,0,
0.000264,0.006955,0.000141,0.005263,0.002677,0.058687,0.924999,0.000000,0.000494,0.000520,6,
0.000000,0.000011,0.049703,0.005702,0.001112,0.011005,0.927146,0.000000,0.000000,0.005322,6,
0.403069,0.000000,0.197745,0.047116,0.056059,0.018938,0.026933,0.033026,0.181335,0.035778,5,
0.000000,0.005338,0.000018,0.003475,0.000147,0.000000,0.000000,0.980401,0.007415,0.003206,7,
0.000000,0.997623,0.000909,0.000314,0.000416,0.000174,0.000138,0.000218,0.000041,0.000168,1,
0.129838,0.000000,0.056090,0.056557,0.005462,0.064947,0.001644,0.000000,0.681972,0.003490,8,
0.043548,0.000196,0.005966,0.002629,0.098853,0.830355,0.000170,0.003037,0.004299,0.010948,5,
0.000139,0.000000,0.005952,0.009572,0.000000,0.974238,0.001884,0.000000,0.007158,0.001057,5,
0.000451,0.005320,0.000023,0.027765,0.000000,0.936573,0.000737,0.000000,0.016078,0.013052,5,
0.022969,0.000257,0.014676,0.000081,0.005593,0.001898,0.946329,0.000000,0.005461,0.002736,6,
0.001658,0.004676,0.008949,0.024949,0.242489,0.014744,0.000238,0.358429,0.092041,0.251827,9,
0.242422,0.037049,0.088843,0.224738,0.022902,0.337429,0.008772,0.005548,0.022531,0.009765,5,
0.832661,0.000000,0.002254,0.001794,0.027317,0.025201,0.006683,0.034653,0.050926,0.018510,0,
0.090784,0.011122,0.415226,0.016783,0.124513,0.044945,0.120287,0.018711,0.123347,0.034281,2,
0.000000,0.996722,0.002345,0.000138,0.000417,0.000071,0.000032,0.000071,0.000035,0.000168,1,
0.000000,0.000075,0.000009,0.001808,0.000513,0.000028,0.000000,0.996513,0.000147,0.000906,7,
0.021088,0.000000,0.001404,0.000050,0.873753,0.010906,0.075668,0.010576,0.005620,0.000935,4,
0.032707,0.000000,0.010526,0.000814,0.648131,0.000000,0.290491,0.000743,0.016032,0.000556,4,
0.000000,0.000000,0.000018,0.009260,0.005650,0.000000,0.000000,0.979687,0.000331,0.005054,7,
0.248008,0.001975,0.026614,0.118228,0.019041,0.036836,0.013638,0.014360,0.475157,0.046143,3,
0.000180,0.000494,0.005588,0.989307,0.000000,0.002813,0.000000,0.000664,0.000288,0.000666,3,
0.158216,0.000645,0.123137,0.017656,0.234023,0.159143,0.171492,0.001156,0.091743,0.042789,5,
0.860713,0.000000,0.001070,0.006848,0.012280,0.009402,0.021617,0.003518,0.070251,0.014302,0,
0.036637,0.000000,0.000399,0.039433,0.027347,0.464316,0.000000,0.350001,0.026314,0.055551,5,
0.019108,0.000292,0.005263,0.010590,0.835524,0.085692,0.017636,0.001177,0.011160,0.013557,5,
0.005263,0.222509,0.171985,0.522008,0.007895,0.021841,0.000000,0.030077,0.007895,0.010526,1,
0.974959,0.000000,0.000248,0.000000,0.000063,0.010742,0.000208,0.000000,0.013779,0.000000,0,
0.004484,0.000000,0.000135,0.014682,0.018918,0.000509,0.000000,0.026956,0.002604,0.931712,9,
0.000000,0.987507,0.003614,0.000030,0.001916,0.000027,0.004808,0.001256,0.000514,0.000329,1,
0.000000,0.986817,0.000284,0.000318,0.000132,0.000036,0.001082,0.011118,0.000034,0.000179,1,
0.000000,0.970769,0.000211,0.005297,0.007449,0.010675,0.000024,0.005385,0.000190,0.000000,1,
0.000000,0.999390,0.000193,0.000000,0.000106,0.000005,0.000163,0.000134,0.000008,0.000000,1,
0.000000,0.998920,0.000304,0.000000,0.000190,0.000071,0.000110,0.000393,0.000012,0.000000,1,
0.034901,0.010526,0.000000,0.064732,0.023993,0.135323,0.015789,0.041531,0.531708,0.141496,8,
0.000000,0.998818,0.000180,0.000013,0.000567,0.000039,0.000161,0.000197,0.000026,0.000000,1,
0.005970,0.000092,0.010632,0.000092,0.816161,0.047257,0.005509,0.035923,0.021152,0.057213,4,
0.030488,0.000000,0.090278,0.005921,0.022456,0.008079,0.831618,0.007136,0.001385,0.002638,6,
0.077602,0.006225,0.029696,0.121091,0.073692,0.102315,0.001579,0.011799,0.490242,0.085759,8,
0.002997,0.007305,0.012113,0.003410,0.767116,0.001873,0.016258,0.012498,0.005999,0.170431,4,
0.000000,0.039929,0.087435,0.713291,0.005263,0.012060,0.005263,0.110021,0.000357,0.026381,3,
0.021131,0.000965,0.264166,0.116242,0.057074,0.107364,0.416277,0.005263,0.000000,0.011518,6,
0.556480,0.000000,0.262738,0.007895,0.108480,0.026497,0.012456,0.024136,0.001050,0.000270,8,
0.009760,0.000000,0.771587,0.001233,0.028848,0.011677,0.006917,0.006640,0.000000,0.163338,3,
0.084324,0.168946,0.047350,0.012122,0.285490,0.023183,0.084905,0.087754,0.128192,0.077736,6,
0.129407,0.000000,0.112772,0.000000,0.061732,0.005263,0.562978,0.000877,0.015789,0.111180,6,
0.000000,0.898480,0.015789,0.000000,0.016093,0.021053,0.000125,0.000916,0.042281,0.005263,1,
0.047807,0.000000,0.026316,0.181824,0.107456,0.304131,0.000000,0.072929,0.132326,0.127211,3,
0.000000,0.000000,0.000037,0.000817,0.000385,0.000000,0.000000,0.995399,0.000438,0.002925,7,
0.000000,0.975393,0.000000,0.000000,0.000000,0.010526,0.000008,0.003546,0.005263,0.005263,1,
0.001721,0.075380,0.010247,0.004866,0.511559,0.027050,0.006621,0.027141,0.025342,0.310073,4,
0.081122,0.017099,0.059829,0.000474,0.116840,0.004029,0.669846,0.000123,0.021492,0.029146,4,
0.000000,0.997994,0.000408,0.000153,0.000352,0.000054,0.000080,0.000760,0.000031,0.000168,1,
0.000310,0.831480,0.005279,0.000000,0.032417,0.031174,0.000008,0.074047,0.023013,0.002270,1,
0.000000,0.999456,0.000125,0.000000,0.000247,0.000030,0.000037,0.000079,0.000026,0.000000,1,
0.041228,0.005263,0.012489,0.000000,0.037642,0.645737,0.000000,0.001351,0.207600,0.048691,5,
0.004224,0.000000,0.950113,0.021530,0.010526,0.000000,0.010636,0.000000,0.002751,0.000219,2,
0.063158,0.002815,0.023864,0.113644,0.011592,0.574365,0.000433,0.000462,0.179924,0.029743,5,
0.013417,0.600150,0.014768,0.096412,0.136578,0.017921,0.032025,0.030355,0.025667,0.032706,1,
0.008448,0.028329,0.017116,0.017306,0.630257,0.018905,0.179926,0.001571,0.004657,0.093487,4,
0.468414,0.000153,0.079164,0.011429,0.100089,0.147589,0.014907,0.001414,0.094080,0.082761,9,
0.005263,0.027216,0.094185,0.743653,0.012384,0.009952,0.000000,0.057904,0.034911,0.014532,3,
0.009436,0.012711,0.070613,0.001804,0.353765,0.032978,0.165139,0.003115,0.109483,0.240956,9,
0.007817,0.002430,0.022972,0.015768,0.215061,0.007165,0.001096,0.183852,0.030647,0.513191,9,
0.000397,0.000621,0.000321,0.000076,0.001261,0.000676,0.996375,0.000000,0.000140,0.000133,6,
0.176177,0.000420,0.156955,0.011713,0.409100,0.014349,0.054445,0.082329,0.017836,0.076677,7,
0.021492,0.000000,0.000630,0.039025,0.045364,0.442764,0.000000,0.012690,0.380716,0.057319,5,
0.013456,0.290256,0.022388,0.005263,0.248844,0.192836,0.039501,0.037263,0.122239,0.027953,6,
0.000000,0.993119,0.000810,0.000000,0.000102,0.000003,0.000173,0.000525,0.005268,0.000000,1,
0.000000,0.777817,0.012523,0.006019,0.136653,0.005567,0.005445,0.017245,0.000323,0.038409,1,
0.343435,0.017618,0.033333,0.231666,0.092238,0.121854,0.015938,0.050523,0.029340,0.064055,0,
0.000000,0.000000,0.000000,0.002059,0.028251,0.008561,0.000000,0.882420,0.000307,0.078401,7,
0.001148,0.000456,0.000851,0.036149,0.036105,0.010768,0.000060,0.287833,0.022000,0.604630,9,
0.913949,0.000000,0.028528,0.000000,0.007196,0.005854,0.043323,0.000242,0.000627,0.000281,0,
0.178603,0.001148,0.032311,0.017745,0.023114,0.033767,0.081556,0.001770,0.583419,0.046566,0,
0.019170,0.006566,0.006367,0.005330,0.714331,0.059888,0.007064,0.069464,0.092946,0.018873,4,
0.001215,0.000000,0.000184,0.063558,0.034107,0.006029,0.000277,0.045031,0.005256,0.844343,7,
0.000000,0.000000,0.000000,0.003088,0.000035,0.001154,0.000000,0.982494,0.000532,0.012698,7,
0.961564,0.000000,0.000063,0.000016,0.005312,0.010728,0.005624,0.005280,0.006106,0.005307,0,
0.070732,0.000000,0.007864,0.074200,0.002970,0.151780,0.000324,0.001007,0.658818,0.032306,3,
0.000000,0.000135,0.000000,0.010278,0.000244,0.005902,0.000000,0.644376,0.000161,0.338904,9,
0.259618,0.006140,0.018202,0.351173,0.005263,0.302491,0.000000,0.042105,0.011153,0.003854,0,
0.000000,0.999242,0.000083,0.000028,0.000258,0.000025,0.000178,0.000180,0.000008,0.000000,1,
0.000000,0.914000,0.068152,0.000000,0.000191,0.000029,0.000008,0.015860,0.001759,0.000000,1,
0.000218,0.000659,0.007830,0.986253,0.000000,0.002338,0.000000,0.000654,0.001565,0.000482,3,
0.000452,0.000432,0.000356,0.000000,0.002403,0.025978,0.969783,0.000000,0.000437,0.000158,6,
0.005702,0.006840,0.063319,0.222531,0.013312,0.554510,0.000000,0.003335,0.116150,0.014302,8,
0.000000,0.776968,0.012193,0.000571,0.165001,0.005263,0.016316,0.000251,0.000000,0.023438,1,
0.001071,0.000091,0.001344,0.000179,0.006822,0.000598,0.978499,0.000000,0.000195,0.011200,6,
0.279288,0.001378,0.068920,0.027783,0.281747,0.004069,0.200135,0.003559,0.072867,0.060254,4,
0.000000,0.998202,0.000376,0.000482,0.000527,0.000000,0.000000,0.000412,0.000000,0.000000,1,
0.000000,0.000000,0.000009,0.066670,0.004531,0.000057,0.000000,0.928080,0.000211,0.000442,7,
0.015122,0.007400,0.008052,0.000000,0.016211,0.097030,0.835605,0.000000,0.017761,0.002820,6,
0.000009,0.000000,0.000000,0.012615,0.029965,0.018206,0.000000,0.744699,0.008724,0.185782,7,
0.052588,0.000000,0.000204,0.062300,0.007389,0.030594,0.000599,0.017590,0.231764,0.596971,8,
0.012437,0.000060,0.760356,0.002789,0.196420,0.000411,0.014783,0.000539,0.000000,0.012205,2,
0.037574,0.316493,0.017912,0.009516,0.344502,0.042297,0.025545,0.012826,0.083736,0.109599,1,
0.087758,0.034834,0.055316,0.030890,0.208743,0.063811,0.005929,0.066026,0.311446,0.135248,8,
0.030631,0.000416,0.000137,0.046666,0.090986,0.124536,0.000590,0.404958,0.078499,0.222583,7,
0.052707,0.000000,0.284133,0.015789,0.354031,0.015789,0.184568,0.071930,0.021053,0.000000,2,
0.000000,0.933343,0.001592,0.006180,0.038207,0.009187,0.000947,0.003805,0.005807,0.000932,1,
0.068593,0.000000,0.021539,0.197733,0.014828,0.512664,0.005263,0.058716,0.065448,0.055215,5,
0.000000,0.000000,0.000000,0.001232,0.000035,0.000038,0.000000,0.996450,0.001046,0.001198,7,
0.820297,0.000000,0.029243,0.010987,0.019706,0.038653,0.026641,0.026806,0.015136,0.012532,0,
0.223807,0.000000,0.024141,0.000000,0.085283,0.000000,0.631907,0.021930,0.009850,0.003082,6,
0.042105,0.005263,0.078947,0.015789,0.410526,0.000000,0.426316,0.000000,0.015789,0.005263,4,
0.000662,0.000000,0.000089,0.004210,0.043799,0.001363,0.000027,0.025519,0.003254,0.921077,9,
0.000000,0.765524,0.010553,0.060526,0.002092,0.006582,0.000019,0.015794,0.138910,0.000000,1,
0.002952,0.004934,0.001327,0.000000,0.042166,0.008664,0.924771,0.000000,0.004282,0.010903,6,
0.000000,0.997548,0.000445,0.000000,0.000769,0.000010,0.000095,0.000156,0.000977,0.000000,1,
0.011003,0.000000,0.000105,0.000000,0.805291,0.044091,0.005509,0.005440,0.060632,0.067929,4,
0.416349,0.000028,0.037631,0.026424,0.034076,0.006772,0.058490,0.003870,0.346589,0.069770,0,
0.790558,0.000000,0.001182,0.000808,0.006088,0.023220,0.036062,0.000000,0.141601,0.000482,0,
0.026425,0.005760,0.024146,0.647816,0.005892,0.269709,0.005375,0.000061,0.011129,0.003687,3,
0.463284,0.000000,0.035110,0.031579,0.065282,0.153906,0.032102,0.031850,0.033325,0.153562,5,
0.004440,0.139804,0.000478,0.012547,0.069492,0.017498,0.000263,0.508470,0.023042,0.223964,9,
0.000000,0.998934,0.000135,0.000013,0.000676,0.000019,0.000037,0.000160,0.000026,0.000000,1,
0.000000,0.994916,0.004020,0.000153,0.000600,0.000005,0.000048,0.000228,0.000031,0.000000,1,
0.000000,0.969674,0.000046,0.010765,0.001024,0.000000,0.000000,0.018165,0.000000,0.000326,1,
0.048859,0.016976,0.040843,0.470835,0.006890,0.355645,0.006579,0.002148,0.031622,0.019604,3,
0.151111,0.069992,0.018022,0.037181,0.132224,0.072389,0.184621,0.001156,0.273365,0.059940,8,
0.000000,0.000000,0.000000,0.023070,0.011229,0.000149,0.000000,0.950995,0.007455,0.007102,7,
0.007212,0.018512,0.009758,0.444717,0.014182,0.282637,0.000020,0.053527,0.078181,0.091256,5,
0.000363,0.770489,0.061157,0.092536,0.010991,0.014170,0.016491,0.012426,0.012993,0.008385,1,
0.000018,0.029161,0.023402,0.021020,0.236200,0.000727,0.000018,0.532967,0.014804,0.141683,7,
0.000000,0.974700,0.000367,0.002440,0.000018,0.000104,0.011128,0.011210,0.000034,0.000000,1,
0.007976,0.000000,0.131653,0.288716,0.031066,0.003484,0.000000,0.477801,0.045661,0.013644,7,
0.280835,0.000350,0.013533,0.046967,0.127094,0.052106,0.019715,0.024799,0.175045,0.259556,9,
0.210208,0.001317,0.028364,0.057132,0.008360,0.016866,0.053864,0.000423,0.597206,0.026260,0,
0.788066,0.000000,0.016190,0.000054,0.015676,0.055838,0.068590,0.005458,0.043719,0.006409,0,
0.000000,0.000000,0.000000,0.002562,0.045698,0.091521,0.000000,0.815425,0.000929,0.043865,7,
0.110916,0.000080,0.012898,0.050541,0.001640,0.029812,0.010232,0.000503,0.773286,0.010093,8,
0.000482,0.001298,0.006455,0.002562,0.260087,0.008461,0.000411,0.039393,0.015864,0.664988,9,
0.000000,0.997968,0.001520,0.000226,0.000052,0.000137,0.000005,0.000005,0.000088,0.000000,1,
0.589662,0.000000,0.030080,0.025232,0.040179,0.013254,0.212015,0.005263,0.078102,0.006212,6,
0.000135,0.000202,0.000085,0.009440,0.008028,0.010865,0.000000,0.774137,0.002540,0.194569,7,
0.000000,0.003509,0.985953,0.010526,0.000000,0.000000,0.000000,0.000000,0.000011,0.000000,2,
0.031115,0.005376,0.032009,0.586820,0.014814,0.046606,0.002037,0.112299,0.065751,0.103173,7,
0.019228,0.021788,0.003411,0.014939,0.141872,0.012941,0.004456,0.164848,0.046624,0.569892,9,
0.320591,0.000000,0.111083,0.000292,0.084786,0.012807,0.443551,0.002196,0.005263,0.019430,6,
0.609250,0.000000,0.020589,0.045995,0.017926,0.048094,0.000671,0.005614,0.221796,0.030064,0,
0.006148,0.006199,0.002831,0.368247,0.019465,0.174395,0.000527,0.088653,0.059396,0.274137,5,
0.000000,0.976772,0.000133,0.000000,0.012050,0.005412,0.000042,0.000156,0.000172,0.005263,1,
0.000211,0.000511,0.000030,0.005924,0.008025,0.003142,0.000030,0.807523,0.003370,0.171234,7,
0.012538,0.040909,0.026966,0.045767,0.718049,0.004685,0.029469,0.024890,0.009959,0.086767,4,
0.015952,0.000000,0.021822,0.019055,0.421155,0.024659,0.047825,0.022634,0.021830,0.405070,9,
0.215544,0.000744,0.029066,0.033110,0.014740,0.031576,0.016651,0.001405,0.622800,0.034365,8,
0.016283,0.005380,0.205156,0.005263,0.074630,0.005526,0.676718,0.005263,0.005327,0.000452,6,
0.074650,0.000000,0.011114,0.000182,0.150222,0.419252,0.000128,0.023865,0.049981,0.270605,9,
0.000000,0.000000,0.000115,0.004375,0.003042,0.003584,0.000000,0.904792,0.000372,0.083721,7,
0.028843,0.092427,0.516589,0.156564,0.040736,0.091098,0.016722,0.027017,0.012660,0.017344,2,
0.000000,0.000000,0.978947,0.000000,0.000000,0.005263,0.010526,0.005263,0.000000,0.000000,2,
0.021886,0.037067,0.011685,0.001452,0.805869,0.029931,0.001336,0.005644,0.010691,0.074437,4,
0.118196,0.000000,0.021435,0.086164,0.065753,0.050188,0.000000,0.117629,0.035677,0.504958,9,
0.012818,0.001102,0.099158,0.708336,0.000579,0.029221,0.004135,0.003226,0.135218,0.006207,3,
0.000000,0.985972,0.000789,0.001057,0.004661,0.000234,0.000202,0.000373,0.005492,0.001221,1,
0.022190,0.000228,0.013211,0.669508,0.000059,0.271617,0.000000,0.011009,0.001113,0.011065,5,
0.040835,0.015702,0.014629,0.012406,0.308592,0.011489,0.008649,0.029031,0.083844,0.474822,4,
0.190773,0.006130,0.016695,0.017433,0.218948,0.022854,0.023910,0.072510,0.116171,0.314576,7,
0.017105,0.000000,0.005679,0.049349,0.000000,0.926460,0.000155,0.000000,0.001044,0.000208,5,
0.000000,0.000240,0.000018,0.001236,0.001016,0.000000,0.000000,0.974116,0.001366,0.022009,7,
0.075350,0.005789,0.230781,0.042105,0.493654,0.023721,0.111747,0.005263,0.000585,0.011005,4,
0.011888,0.001796,0.007030,0.253004,0.011898,0.587005,0.000076,0.011872,0.048428,0.067003,3,
0.233028,0.000263,0.412025,0.048554,0.092650,0.027805,0.067456,0.020874,0.088197,0.009148,2,
0.003488,0.002708,0.021489,0.001593,0.642306,0.009362,0.007414,0.006691,0.065872,0.239076,4,
0.254563,0.000257,0.093900,0.032740,0.340822,0.026226,0.018041,0.166239,0.039364,0.027848,7,
0.014652,0.041444,0.011830,0.013770,0.616532,0.085643,0.065239,0.028240,0.038160,0.084490,4,
0.054575,0.005277,0.145508,0.509003,0.042105,0.124892,0.068421,0.010562,0.029076,0.010580,3,
0.190893,0.000378,0.101387,0.037255,0.408851,0.012166,0.041773,0.059327,0.133740,0.014230,8,
0.000000,0.021053,0.005263,0.063556,0.021097,0.005263,0.000000,0.808267,0.052913,0.022588,7,
0.075023,0.080287,0.016086,0.014481,0.163787,0.455586,0.050764,0.014840,0.099538,0.029610,5,
0.000000,0.988736,0.005552,0.000034,0.000130,0.000036,0.003315,0.001354,0.000843,0.000000,1,
0.001789,0.000164,0.000000,0.004833,0.000468,0.917406,0.012406,0.000117,0.058988,0.003827,5,
0.146887,0.000304,0.013602,0.022014,0.103835,0.011722,0.006004,0.041808,0.212147,0.441677,9,
0.001342,0.006414,0.032869,0.007125,0.796505,0.006335,0.008725,0.004180,0.020833,0.115672,4,
0.000000,0.999536,0.000114,0.000000,0.000164,0.000005,0.000076,0.000092,0.000012,0.000000,1,
0.086447,0.000000,0.229539,0.017105,0.413706,0.018421,0.192675,0.010526,0.000000,0.031579,4,
