0, 1, 2, 3, 4, 5, 6, 7, 8, 9, True
0.013356,0.000002,0.038922,0.021908,0.766784,0.023982,0.013902,0.012555,0.001023,0.107566,4,
0.000792,0.000010,0.012770,0.000007,0.006230,0.000513,0.979169,0.000000,0.000460,0.000050,6,
0.000305,0.782306,0.013557,0.109844,0.000218,0.003244,0.000024,0.078795,0.002113,0.009594,1,
0.176176,0.000000,0.009068,0.000069,0.008477,0.048128,0.720262,0.000000,0.037679,0.000143,6,
0.016708,0.298679,0.024037,0.017610,0.183539,0.096055,0.036710,0.019817,0.094904,0.211941,4,
0.063834,0.000025,0.222684,0.017702,0.336113,0.073783,0.238896,0.001139,0.011536,0.034288,6,
0.047650,0.000628,0.000045,0.019915,0.001470,0.351107,0.000010,0.034208,0.482111,0.062856,9,
0.020680,0.000000,0.838236,0.005943,0.002768,0.007714,0.123316,0.000007,0.001136,0.000201,2,
0.917908,0.000000,0.013743,0.004263,0.000007,0.058422,0.000381,0.000000,0.005274,0.000002,0,
0.000298,0.000000,0.000007,0.008917,0.021332,0.003308,0.000000,0.764359,0.000108,0.201670,7,
0.008646,0.085140,0.013388,0.009423,0.452339,0.051967,0.033097,0.022696,0.031754,0.291549,9,
0.155472,0.000167,0.003152,0.054609,0.001183,0.393814,0.000301,0.003805,0.374771,0.012726,3,
0.104911,0.014588,0.072305,0.151028,0.007540,0.310716,0.006063,0.011594,0.283468,0.037787,3,
0.014422,0.000014,0.083830,0.008491,0.710490,0.022133,0.105141,0.002115,0.001990,0.051376,4,
0.030423,0.047116,0.001345,0.156206,0.000691,0.243949,0.000029,0.097744,0.370030,0.052467,2,
0.003159,0.001282,0.005268,0.946392,0.000000,0.014242,0.000000,0.019199,0.010097,0.000362,3,
0.002132,0.049488,0.897867,0.010349,0.000163,0.003302,0.032018,0.000035,0.004457,0.000189,2,
0.005955,0.022477,0.152173,0.777093,0.000000,0.013968,0.000006,0.000785,0.027496,0.000045,3,
0.000046,0.000202,0.000003,0.009909,0.000473,0.001158,0.000000,0.935962,0.000171,0.052075,7,
0.050823,0.000072,0.037019,0.008328,0.589361,0.091031,0.120027,0.002132,0.020608,0.080599,4,
0.003583,0.003733,0.023497,0.006073,0.733836,0.014907,0.042441,0.011265,0.003302,0.157362,4,
0.124900,0.000000,0.006780,0.040643,0.415496,0.204257,0.002956,0.019605,0.012497,0.172865,4,
0.246605,0.000000,0.000451,0.072483,0.000000,0.270077,0.000001,0.000103,0.410212,0.000068,5,
0.005299,0.792657,0.104469,0.019850,0.000322,0.018269,0.006612,0.000508,0.050284,0.001730,1,
0.005116,0.825018,0.020357,0.009493,0.013520,0.029463,0.012661,0.004131,0.050688,0.029553,1,
0.006599,0.064645,0.001533,0.007193,0.292521,0.059320,0.003857,0.056659,0.041443,0.466231,9,
0.002899,0.128364,0.030609,0.008976,0.513117,0.017701,0.044804,0.022806,0.007476,0.223248,4,
0.000527,0.000027,0.000692,0.016323,0.239216,0.004086,0.000054,0.397254,0.000162,0.341660,2,
0.001481,0.000013,0.356763,0.639686,0.000000,0.001476,0.000002,0.000183,0.000390,0.000006,3,
0.484790,0.000000,0.006586,0.163393,0.000000,0.131254,0.000000,0.000001,0.213975,0.000000,5,
0.040176,0.000003,0.000038,0.624171,0.000000,0.162299,0.000000,0.018122,0.154795,0.000397,3,
0.001005,0.000945,0.000068,0.025686,0.009926,0.014675,0.000003,0.708920,0.003144,0.235628,7,
0.000127,0.000000,0.533283,0.000286,0.128453,0.000067,0.337397,0.000008,0.000001,0.000378,6,
0.010395,0.638902,0.065135,0.026212,0.039425,0.053241,0.028851,0.010652,0.060312,0.066876,1,
0.000223,0.000001,0.093446,0.000025,0.021733,0.000118,0.884360,0.000000,0.000017,0.000076,6,
0.006785,0.000368,0.072955,0.004041,0.650521,0.014568,0.196859,0.001527,0.002696,0.049680,4,
0.001741,0.000020,0.040451,0.032352,0.680761,0.005546,0.003706,0.069095,0.000165,0.166163,4,
0.000026,0.000001,0.000008,0.004647,0.019175,0.000376,0.000000,0.848962,0.000007,0.126797,7,
0.086564,0.002197,0.001979,0.032281,0.000683,0.300787,0.000276,0.003120,0.561244,0.010869,8,
0.179000,0.000454,0.030321,0.031634,0.000071,0.220614,0.001984,0.000082,0.535298,0.000543,0,
0.000043,0.000000,0.999445,0.000458,0.000000,0.000004,0.000049,0.000000,0.000002,0.000000,2,
0.011738,0.000359,0.000343,0.797692,0.000001,0.069188,0.000000,0.049617,0.069955,0.001108,3,
0.000056,0.000065,0.000001,0.003336,0.003736,0.001440,0.000000,0.851608,0.000173,0.139584,7,
0.003713,0.000554,0.002456,0.014234,0.438080,0.023200,0.001271,0.108268,0.003225,0.404998,4,
0.001377,0.000233,0.000029,0.007840,0.060674,0.018546,0.000008,0.435146,0.003443,0.472704,9,
0.003335,0.000209,0.000030,0.012371,0.039925,0.041006,0.000007,0.432028,0.009691,0.461398,9,
0.082661,0.005678,0.402031,0.225382,0.000309,0.133464,0.004547,0.001137,0.142573,0.002218,2,
0.021508,0.000019,0.003677,0.887090,0.000000,0.039925,0.000000,0.000909,0.046848,0.000025,3,
0.983913,0.000000,0.000008,0.000236,0.000000,0.015677,0.000000,0.000000,0.000167,0.000000,0,
0.001882,0.010400,0.001532,0.347245,0.000296,0.020096,0.000002,0.574588,0.007051,0.036908,7,
0.002193,0.020335,0.000101,0.005253,0.119668,0.032696,0.000127,0.199796,0.018120,0.601711,9,
0.599933,0.000000,0.004673,0.000966,0.000045,0.162134,0.005663,0.000000,0.226560,0.000026,0,
0.003490,0.153037,0.000300,0.003688,0.174523,0.045733,0.001047,0.070794,0.046351,0.501037,9,
0.000361,0.000000,0.055443,0.000002,0.001405,0.000038,0.942747,0.000000,0.000003,0.000001,6,
0.157106,0.000632,0.011112,0.061924,0.001913,0.367229,0.001278,0.002962,0.382892,0.012952,5,
0.897567,0.000000,0.000003,0.000869,0.000122,0.100489,0.000000,0.000003,0.000891,0.000056,0,
0.007883,0.024007,0.016661,0.004348,0.629092,0.035747,0.084411,0.006765,0.018922,0.172164,4,
0.014383,0.046758,0.000218,0.062413,0.003140,0.180844,0.000016,0.280897,0.223720,0.187611,8,
0.024146,0.519623,0.107826,0.021716,0.002436,0.075593,0.031224,0.000808,0.209757,0.006872,1,
0.953419,0.000000,0.005027,0.011647,0.000000,0.025489,0.000001,0.000000,0.004418,0.000000,0,
0.115451,0.000118,0.000987,0.100372,0.000065,0.341103,0.000014,0.004577,0.433184,0.004128,5,
0.002602,0.000023,0.130987,0.000523,0.162550,0.002619,0.697396,0.000027,0.000465,0.002809,6,
0.053742,0.096388,0.016684,0.054995,0.026406,0.268399,0.006199,0.023708,0.336336,0.117144,8,
0.043198,0.000000,0.042858,0.060778,0.707694,0.041392,0.004406,0.014847,0.000520,0.084306,4,
0.030897,0.195330,0.113074,0.012467,0.104525,0.100038,0.255091,0.002187,0.131615,0.054776,6,
0.035956,0.000947,0.000954,0.010606,0.249117,0.193064,0.002325,0.035177,0.092029,0.379825,8,
0.000702,0.000759,0.079391,0.003766,0.780522,0.002196,0.071416,0.004569,0.000201,0.056479,4,
0.000233,0.005698,0.000044,0.017668,0.004072,0.004835,0.000001,0.811751,0.001257,0.154440,7,
0.000971,0.000385,0.688438,0.307882,0.000000,0.000673,0.000001,0.000002,0.001649,0.000000,2,
0.027045,0.000000,0.682368,0.001274,0.004429,0.003811,0.280834,0.000000,0.000193,0.000045,6,
0.058688,0.000706,0.000136,0.038779,0.000546,0.349817,0.000011,0.023203,0.498124,0.029991,8,
0.000500,0.965105,0.008326,0.003569,0.002199,0.003611,0.001968,0.001989,0.005770,0.006963,1,
0.030220,0.000191,0.864645,0.002858,0.000002,0.010346,0.048707,0.000000,0.043030,0.000002,2,
0.424652,0.000000,0.025629,0.030691,0.000000,0.151594,0.000125,0.000001,0.367303,0.000005,8,
0.001458,0.000000,0.000181,0.997143,0.000000,0.000964,0.000000,0.000026,0.000229,0.000000,3,
0.002541,0.008966,0.036654,0.003737,0.724550,0.010088,0.099899,0.005252,0.002751,0.105563,4,
0.004005,0.000000,0.076501,0.000027,0.005725,0.000701,0.912936,0.000000,0.000090,0.000015,6,
0.008547,0.001162,0.005748,0.011883,0.554716,0.041951,0.006888,0.039049,0.009061,0.320996,4,
0.004990,0.171876,0.005268,0.007165,0.351012,0.039927,0.013109,0.034626,0.028233,0.343794,9,
0.004120,0.000042,0.236169,0.000580,0.022592,0.003205,0.731534,0.000006,0.001106,0.000647,6,
0.015390,0.002141,0.017860,0.000316,0.103222,0.026463,0.791349,0.000027,0.036449,0.006784,6,
0.868631,0.000000,0.006862,0.003355,0.015037,0.099941,0.004163,0.000005,0.001569,0.000437,0,
0.005236,0.033552,0.033902,0.001582,0.474817,0.018181,0.361963,0.001013,0.012722,0.057032,4,
0.000478,0.001089,0.000009,0.005618,0.018594,0.009804,0.000002,0.605865,0.002648,0.355894,7,
0.023873,0.047606,0.017250,0.229530,0.019126,0.155798,0.000691,0.217993,0.082191,0.205942,3,
0.320419,0.000000,0.000043,0.001191,0.000008,0.237076,0.000017,0.000004,0.441170,0.000071,0,
0.003636,0.050648,0.000656,0.005664,0.261891,0.039645,0.001440,0.085527,0.024339,0.526555,9,
0.001388,0.005119,0.000039,0.058000,0.000658,0.024682,0.000000,0.799310,0.012199,0.098605,7,
0.002553,0.000000,0.064020,0.000052,0.020952,0.000979,0.911152,0.000000,0.000182,0.000110,6,
0.122894,0.004033,0.013850,0.028064,0.018971,0.353444,0.009912,0.003897,0.401082,0.043853,8,
0.256000,0.000000,0.000005,0.000317,0.000057,0.270780,0.000017,0.000007,0.472520,0.000298,8,
0.113115,0.000002,0.001981,0.035905,0.240583,0.285766,0.001052,0.036618,0.033384,0.251594,5,
0.002927,0.045533,0.000464,0.005610,0.230116,0.034698,0.000862,0.108444,0.020149,0.551197,9,
0.029415,0.001646,0.072078,0.765769,0.000018,0.070881,0.000036,0.006464,0.052456,0.001237,3,
0.010710,0.000000,0.077033,0.000017,0.003209,0.000723,0.908265,0.000000,0.000041,0.000003,6,
0.053784,0.000095,0.000531,0.028295,0.103715,0.273265,0.000308,0.087487,0.081388,0.371130,9,
0.000502,0.012541,0.000013,0.005601,0.016348,0.012046,0.000003,0.565827,0.005775,0.381345,7,
0.010832,0.101612,0.080844,0.007130,0.362512,0.040531,0.267685,0.003632,0.029301,0.095921,4,
0.000908,0.948187,0.017466,0.012932,0.000103,0.005141,0.000441,0.001128,0.012315,0.001379,1,
0.000512,0.925128,0.003857,0.021464,0.000630,0.005469,0.000086,0.023462,0.006557,0.012835,1,
0.010125,0.000036,0.047095,0.918397,0.000000,0.013571,0.000001,0.000390,0.010372,0.000014,3,
0.000687,0.960507,0.004739,0.005300,0.001256,0.005528,0.000731,0.003294,0.010114,0.007845,1,
0.382089,0.000009,0.043393,0.013329,0.005480,0.306936,0.034352,0.000088,0.211200,0.003124,5,
0.000578,0.972101,0.004497,0.002568,0.000704,0.004055,0.001092,0.000921,0.010052,0.003432,1,
0.014467,0.003097,0.012104,0.845375,0.000003,0.054775,0.000002,0.015151,0.053986,0.001039,3,
0.001399,0.000110,0.000874,0.096517,0.013564,0.011587,0.000007,0.715453,0.000917,0.159572,3,
0.000855,0.914105,0.012533,0.026244,0.001220,0.007149,0.000375,0.016124,0.007909,0.013485,1,
0.006616,0.033962,0.003752,0.789993,0.000003,0.045487,0.000001,0.054555,0.063459,0.002171,3,
0.023765,0.015311,0.010988,0.007323,0.481134,0.103911,0.052817,0.009415,0.068334,0.227002,9,
0.001294,0.077737,0.000185,0.009057,0.063474,0.022036,0.000087,0.314556,0.012542,0.499032,9,
0.001775,0.002090,0.000064,0.029145,0.008153,0.026562,0.000003,0.668412,0.008428,0.255369,7,
0.011351,0.027640,0.000726,0.093435,0.008008,0.123887,0.000037,0.401906,0.083979,0.249030,7,
0.404153,0.000000,0.001062,0.037344,0.000043,0.359382,0.000026,0.000185,0.197220,0.000586,5,
0.222245,0.000003,0.003040,0.010386,0.181546,0.384757,0.008583,0.002891,0.101971,0.084577,9,
0.347212,0.000004,0.014322,0.055880,0.000586,0.363618,0.000920,0.000430,0.214567,0.002461,5,
0.111602,0.000001,0.000019,0.054792,0.001277,0.520276,0.000001,0.079170,0.167373,0.065490,5,
0.004125,0.000017,0.000009,0.026092,0.005857,0.048415,0.000000,0.667726,0.008841,0.238917,7,
0.023203,0.000064,0.017542,0.015398,0.664697,0.060869,0.019765,0.013385,0.008294,0.176782,4,
0.396406,0.000004,0.131864,0.055210,0.002501,0.280643,0.014893,0.000200,0.115825,0.002453,0,
0.001503,0.000000,0.000339,0.033010,0.157092,0.007838,0.000011,0.508590,0.000141,0.291477,3,
0.000453,0.000000,0.000014,0.028705,0.004441,0.004155,0.000000,0.866149,0.000123,0.095960,7,
0.031139,0.004956,0.758827,0.085263,0.003348,0.049588,0.032645,0.001025,0.028683,0.004526,2,
0.058486,0.002022,0.003686,0.311579,0.001173,0.291434,0.000043,0.094689,0.188112,0.048777,7,
0.000080,0.001075,0.000004,0.008250,0.000999,0.002191,0.000000,0.896945,0.000520,0.089937,7,
0.166667,0.001948,0.049371,0.060150,0.002612,0.319014,0.007472,0.001364,0.382062,0.009340,8,
0.009318,0.041743,0.008223,0.007321,0.497813,0.055099,0.026758,0.020352,0.032257,0.301115,1,
0.000863,0.003141,0.077067,0.000396,0.239004,0.001863,0.669415,0.000092,0.000687,0.007473,6,
0.941234,0.000000,0.003228,0.002161,0.000076,0.051770,0.000255,0.000000,0.001268,0.000007,0,
0.012041,0.001005,0.057340,0.875771,0.000000,0.024333,0.000003,0.001204,0.028232,0.000071,3,
0.931690,0.000000,0.000017,0.000701,0.000000,0.057817,0.000000,0.000000,0.009773,0.000000,0,
0.000188,0.986441,0.002449,0.001805,0.000380,0.001584,0.000362,0.000998,0.003431,0.002362,1,
0.000076,0.000000,0.553341,0.000004,0.001513,0.000002,0.445063,0.000000,0.000000,0.000000,6,
0.086683,0.000007,0.538954,0.273486,0.000000,0.028547,0.000025,0.000001,0.072297,0.000000,2,
0.222548,0.000015,0.016647,0.000320,0.000613,0.109194,0.249423,0.000000,0.401128,0.000111,8,
0.000367,0.967419,0.004611,0.009596,0.000289,0.003241,0.000148,0.004828,0.005295,0.004205,1,
0.011505,0.000006,0.133735,0.006090,0.632012,0.013963,0.173165,0.000887,0.001050,0.027587,4,
0.077045,0.017234,0.044654,0.232399,0.000070,0.205318,0.000338,0.002695,0.417702,0.002543,8,
0.001860,0.000129,0.000018,0.023738,0.006357,0.025714,0.000001,0.707729,0.005370,0.229083,7,
0.011317,0.085467,0.000944,0.004348,0.255474,0.097588,0.005626,0.027671,0.110617,0.400947,9,
0.084670,0.036588,0.050795,0.015214,0.065810,0.238532,0.115763,0.001999,0.338484,0.052145,5,
0.001005,0.452663,0.001437,0.036605,0.009780,0.015214,0.000074,0.306332,0.009846,0.167045,4,
0.110089,0.004394,0.007953,0.020091,0.011876,0.332995,0.006594,0.002834,0.469702,0.033472,8,
0.933156,0.000000,0.000025,0.000773,0.000002,0.063574,0.000001,0.000000,0.002466,0.000002,0,
0.622413,0.000000,0.006311,0.000864,0.000000,0.090628,0.001018,0.000000,0.278765,0.000001,0,
0.209629,0.000012,0.005191,0.103266,0.000002,0.240668,0.000017,0.000128,0.440956,0.000130,8,
0.002192,0.010643,0.846359,0.030098,0.030554,0.005235,0.059961,0.002649,0.001172,0.011138,2,
0.435258,0.000000,0.015063,0.020751,0.000000,0.155480,0.000117,0.000001,0.373324,0.000005,0,
0.124759,0.000762,0.003435,0.002610,0.004284,0.237962,0.014973,0.000107,0.605760,0.005347,8,
0.020946,0.000000,0.004215,0.067017,0.460542,0.048523,0.000348,0.124434,0.001036,0.272939,9,
0.993611,0.000000,0.000370,0.000017,0.000000,0.004664,0.000008,0.000000,0.001331,0.000000,0,
0.016313,0.000063,0.005480,0.020727,0.531425,0.060133,0.003516,0.047438,0.007246,0.307658,9,
0.000503,0.116191,0.000209,0.027234,0.005774,0.010120,0.000007,0.643250,0.005096,0.191616,7,
0.006560,0.002640,0.000581,0.010364,0.250996,0.055286,0.000626,0.119871,0.018166,0.534910,9,
0.002388,0.002202,0.129791,0.851875,0.000001,0.006244,0.000005,0.004183,0.003130,0.000180,3,
0.000462,0.001388,0.064212,0.000136,0.113106,0.000812,0.817312,0.000017,0.000333,0.002222,6,
0.000499,0.008537,0.000375,0.027504,0.021359,0.007456,0.000014,0.676022,0.001529,0.256704,9,
0.023541,0.000000,0.049270,0.131017,0.600365,0.027217,0.001466,0.051662,0.000221,0.115241,4,
0.013781,0.064102,0.003692,0.013678,0.248069,0.102146,0.006510,0.052275,0.074925,0.420821,9,
0.000096,0.000170,0.000001,0.005127,0.001633,0.002540,0.000000,0.872813,0.000477,0.117144,7,
0.000473,0.000011,0.000003,0.010917,0.004329,0.007489,0.000000,0.810933,0.000830,0.165014,7,
0.033811,0.130877,0.052423,0.194108,0.026005,0.181654,0.003797,0.090729,0.127713,0.158882,1,
0.001430,0.007943,0.002792,0.008204,0.466263,0.011915,0.002169,0.096689,0.002476,0.400121,7,
0.007459,0.009240,0.064272,0.000611,0.054663,0.013420,0.828939,0.000036,0.016843,0.004518,6,
0.159980,0.000048,0.001084,0.003348,0.000597,0.256814,0.001414,0.000073,0.574751,0.001891,8,
0.024020,0.239148,0.058792,0.361870,0.000375,0.114637,0.000377,0.025568,0.161979,0.013234,3,
0.003105,0.000000,0.537373,0.004219,0.343800,0.001204,0.107781,0.000099,0.000009,0.002408,4,
0.002172,0.618128,0.292390,0.033309,0.005718,0.008989,0.017635,0.003976,0.007265,0.010419,2,
0.037090,0.000000,0.185232,0.772953,0.000000,0.004307,0.000000,0.000001,0.000417,0.000000,3,
0.004907,0.813296,0.090686,0.013683,0.000476,0.017028,0.009589,0.000416,0.048004,0.001916,1,
0.001911,0.000092,0.012971,0.975527,0.000000,0.004690,0.000000,0.002138,0.002647,0.000025,3,
0.000752,0.884339,0.003453,0.058401,0.000068,0.007880,0.000014,0.027075,0.012510,0.005509,7,
0.000363,0.000029,0.112705,0.886162,0.000000,0.000341,0.000000,0.000011,0.000389,0.000000,3,
0.004489,0.000618,0.048939,0.000402,0.158089,0.006975,0.771108,0.000039,0.003677,0.005664,6,
0.063926,0.000008,0.000183,0.019644,0.114744,0.292523,0.000135,0.076980,0.062678,0.369178,5,
0.010582,0.000049,0.001303,0.022744,0.334556,0.054326,0.000504,0.132215,0.006078,0.437643,4,
0.002373,0.002970,0.000316,0.060028,0.009638,0.028721,0.000009,0.658461,0.007673,0.229811,9,
0.035532,0.004667,0.020160,0.016861,0.442869,0.131283,0.040437,0.014838,0.057535,0.235816,0,
0.007552,0.000000,0.006485,0.975536,0.000000,0.007111,0.000000,0.000146,0.003167,0.000002,3,
0.002598,0.013268,0.001092,0.007736,0.331096,0.024868,0.001258,0.110263,0.008341,0.499481,9,
0.036425,0.005120,0.006085,0.006482,0.434141,0.147868,0.036413,0.007973,0.097961,0.221533,8,
0.041823,0.000002,0.000002,0.008475,0.011022,0.353509,0.000001,0.154517,0.126915,0.303734,7,
0.000013,0.000001,0.000000,0.001048,0.001498,0.000401,0.000000,0.913487,0.000024,0.083527,7,
0.125837,0.002560,0.113416,0.076081,0.100349,0.294418,0.046257,0.009758,0.137519,0.093805,6,
0.000206,0.001130,0.000026,0.008925,0.013712,0.004010,0.000001,0.733520,0.000691,0.237779,7,
0.006126,0.005421,0.004482,0.037144,0.214815,0.044703,0.001129,0.206111,0.010239,0.469831,4,
0.022079,0.000014,0.119600,0.000681,0.028135,0.014654,0.806967,0.000005,0.006884,0.000981,6,
0.312964,0.000000,0.002307,0.531230,0.000000,0.131258,0.000000,0.000120,0.022104,0.000017,3,
0.104074,0.007759,0.036828,0.109042,0.000129,0.233125,0.000858,0.001115,0.504698,0.002372,8,
0.001057,0.000001,0.329153,0.000691,0.179541,0.000742,0.487230,0.000024,0.000038,0.001523,4,
0.001235,0.215367,0.747397,0.025846,0.000005,0.002278,0.002328,0.000034,0.005469,0.000040,2,
0.028758,0.002170,0.001022,0.548410,0.000008,0.160731,0.000001,0.045555,0.209356,0.003990,3,
0.000959,0.023308,0.102539,0.031792,0.504669,0.005518,0.015119,0.090546,0.000654,0.224895,4,
0.101661,0.000109,0.016434,0.469481,0.000001,0.150554,0.000005,0.000485,0.261161,0.000109,2,
0.000508,0.012901,0.055742,0.924414,0.000000,0.001848,0.000000,0.002854,0.001704,0.000029,3,
0.051936,0.000881,0.000335,0.039601,0.017765,0.344252,0.000093,0.096895,0.222073,0.226169,5,
0.174062,0.000000,0.008707,0.041138,0.393994,0.226321,0.003745,0.012194,0.011877,0.127961,9,
0.006217,0.000351,0.000632,0.760106,0.000007,0.041870,0.000000,0.167155,0.019063,0.004599,3,
0.013014,0.300417,0.001191,0.068495,0.003010,0.140791,0.000086,0.130184,0.227621,0.115191,9,
0.027677,0.003534,0.013311,0.006417,0.555258,0.096239,0.069195,0.005801,0.048406,0.174163,5,
0.181271,0.000004,0.000370,0.027974,0.000010,0.299484,0.000008,0.000261,0.490105,0.000512,5,
0.002372,0.873701,0.067143,0.018680,0.000277,0.009965,0.002749,0.000851,0.022413,0.001849,1,
0.000099,0.000002,0.000000,0.002299,0.000717,0.002759,0.000000,0.896393,0.000368,0.097362,7,
0.000839,0.000408,0.022505,0.000034,0.029368,0.001056,0.944367,0.000001,0.000917,0.000505,6,
0.005046,0.000274,0.040402,0.007942,0.769268,0.014265,0.046745,0.007547,0.001763,0.106748,5,
0.017593,0.006648,0.007345,0.007399,0.535387,0.081155,0.027676,0.013947,0.039400,0.263450,9,
0.001251,0.003737,0.000861,0.009003,0.300297,0.012506,0.000449,0.187751,0.002367,0.481778,9,
0.065188,0.051129,0.012961,0.037955,0.027866,0.294342,0.007595,0.014197,0.389507,0.099259,8,
0.046695,0.025908,0.002080,0.096492,0.001531,0.292924,0.000119,0.042279,0.441132,0.050840,8,
0.021719,0.010284,0.584877,0.022401,0.039682,0.039256,0.246006,0.000853,0.021777,0.013145,7,
0.001098,0.000087,0.950196,0.001373,0.000035,0.000590,0.046208,0.000000,0.000405,0.000008,2,
0.087896,0.002137,0.205734,0.006196,0.014146,0.102277,0.442543,0.000063,0.135225,0.003784,6,
0.967381,0.000000,0.000022,0.000303,0.000000,0.030202,0.000000,0.000000,0.002092,0.000000,0,
0.054546,0.010721,0.000870,0.016539,0.005934,0.297387,0.000558,0.009921,0.547553,0.055972,8,
0.286333,0.000000,0.000289,0.356335,0.000101,0.321352,0.000000,0.012662,0.019174,0.003755,0,
0.054251,0.000003,0.864023,0.001284,0.000000,0.008044,0.035843,0.000000,0.036551,0.000000,2,
0.000615,0.002927,0.000009,0.008649,0.007816,0.013486,0.000001,0.675594,0.005187,0.285717,7,
0.538580,0.000000,0.230316,0.157846,0.000001,0.063553,0.000080,0.000001,0.009620,0.000002,5,
0.002826,0.007470,0.000676,0.008385,0.273631,0.027984,0.000658,0.139039,0.008858,0.530473,9,
0.001765,0.826344,0.007926,0.015282,0.016431,0.016050,0.001776,0.029090,0.016008,0.069328,1,
0.290422,0.000003,0.003508,0.056668,0.000059,0.343937,0.000083,0.000331,0.304071,0.000918,0,
0.095566,0.000002,0.792505,0.014063,0.000161,0.032647,0.047985,0.000003,0.017005,0.000063,6,
0.247483,0.000000,0.064669,0.619507,0.000002,0.064252,0.000007,0.000088,0.003962,0.000030,3,
0.023717,0.007446,0.010910,0.005910,0.539003,0.093514,0.062392,0.006763,0.054820,0.195525,4,
0.000128,0.000000,0.048239,0.000001,0.000979,0.000015,0.950637,0.000000,0.000001,0.000000,6,
0.000021,0.000004,0.997498,0.002337,0.000000,0.000009,0.000128,0.000000,0.000003,0.000000,2,
0.149542,0.000077,0.181373,0.003736,0.007010,0.101780,0.447444,0.000012,0.107864,0.001163,6,
0.068547,0.000691,0.170125,0.531478,0.000001,0.081268,0.000050,0.000208,0.147570,0.000063,3,
0.003149,0.634822,0.013450,0.027336,0.047709,0.027521,0.003241,0.064072,0.020534,0.158168,1,
0.423149,0.000000,0.001505,0.006594,0.009039,0.404276,0.002066,0.000227,0.145984,0.007160,0,
0.017657,0.008655,0.004422,0.007574,0.466236,0.092936,0.016357,0.019365,0.050303,0.316495,9,
0.088879,0.000026,0.356433,0.001115,0.000157,0.030336,0.455944,0.000000,0.067084,0.000026,8,
0.003727,0.000000,0.004604,0.982787,0.000000,0.005770,0.000000,0.002063,0.001025,0.000024,3,
0.329878,0.000001,0.003096,0.009257,0.000004,0.202713,0.000163,0.000005,0.454842,0.000041,5,
0.002263,0.294254,0.004336,0.189736,0.001531,0.026907,0.000027,0.387514,0.017391,0.076041,7,
0.039929,0.305450,0.076936,0.046290,0.030471,0.164334,0.033383,0.009322,0.226066,0.067820,0,
0.868317,0.000000,0.003825,0.000169,0.000292,0.080250,0.024087,0.000000,0.023049,0.000011,8,
0.030325,0.006994,0.038713,0.710253,0.000010,0.091621,0.000022,0.007454,0.113329,0.001280,3,
0.001647,0.064920,0.067558,0.000770,0.218890,0.005135,0.619909,0.000266,0.003906,0.016997,4,
0.516216,0.000000,0.007815,0.009872,0.000000,0.148707,0.000121,0.000000,0.317266,0.000003,0,
0.020976,0.013619,0.562984,0.303970,0.000001,0.028226,0.000228,0.000110,0.069843,0.000043,2,
0.280888,0.000000,0.000030,0.013455,0.000001,0.293519,0.000000,0.000042,0.412000,0.000066,5,
0.988467,0.000000,0.000028,0.000009,0.000000,0.010993,0.000026,0.000000,0.000476,0.000000,0,
0.000194,0.985685,0.001972,0.002347,0.000264,0.001744,0.000197,0.001371,0.003831,0.002394,1,
0.000127,0.000000,0.085417,0.000000,0.000307,0.000004,0.914144,0.000000,0.000000,0.000000,6,
0.000906,0.006813,0.000663,0.007666,0.270280,0.010289,0.000357,0.207843,0.002159,0.493023,7,
0.037013,0.000000,0.308459,0.000044,0.002974,0.000662,0.650843,0.000000,0.000005,0.000001,6,
0.432689,0.000000,0.001304,0.032117,0.000000,0.188480,0.000002,0.000003,0.345402,0.000004,8,
0.121232,0.000411,0.001559,0.005935,0.002246,0.286162,0.002060,0.000406,0.572422,0.007568,0,
0.000491,0.000084,0.017720,0.012315,0.732916,0.002200,0.002809,0.064573,0.000080,0.166811,9,
0.000076,0.000731,0.000001,0.003600,0.001198,0.002542,0.000000,0.869655,0.000752,0.121445,7,
0.027834,0.001866,0.284209,0.103310,0.278247,0.072653,0.046811,0.028619,0.012497,0.143954,4,
0.000897,0.960620,0.004962,0.002544,0.001390,0.006073,0.002037,0.001004,0.015271,0.005202,1,
0.001992,0.915756,0.015491,0.007100,0.004594,0.012304,0.005098,0.002814,0.021428,0.013424,1,
0.008794,0.001575,0.070701,0.874215,0.000000,0.015718,0.000001,0.000369,0.028612,0.000015,3,
0.001762,0.000064,0.024720,0.967491,0.000000,0.002699,0.000000,0.000146,0.003117,0.000001,3,
0.037250,0.000019,0.005647,0.033598,0.436136,0.115058,0.002759,0.050189,0.012743,0.306602,9,
0.004056,0.007736,0.000271,0.013773,0.099056,0.047474,0.000136,0.259283,0.019157,0.549060,9,
0.001620,0.939935,0.011437,0.004480,0.001146,0.009158,0.003245,0.000896,0.023621,0.004463,1,
0.001641,0.015663,0.000116,0.012924,0.041218,0.026157,0.000030,0.427569,0.011354,0.463328,7,
0.068765,0.016958,0.005779,0.084444,0.001991,0.311130,0.000479,0.015997,0.461003,0.033455,8,
0.000175,0.000566,0.000001,0.002485,0.009313,0.004845,0.000000,0.689168,0.001306,0.292141,7,
0.001404,0.006548,0.000014,0.015918,0.004114,0.029195,0.000001,0.671710,0.016792,0.254304,7,
0.003662,0.000000,0.058337,0.000057,0.020953,0.001377,0.915214,0.000000,0.000279,0.000121,6,
0.000516,0.005455,0.000038,0.012432,0.012159,0.010071,0.000003,0.674435,0.003130,0.281762,7,
0.008682,0.000002,0.000001,0.007595,0.008179,0.111932,0.000000,0.466297,0.027800,0.369511,7,
0.005327,0.065352,0.710587,0.191220,0.000055,0.012277,0.001327,0.001130,0.012078,0.000647,2,
0.064399,0.000008,0.815182,0.039751,0.000980,0.036922,0.031265,0.000054,0.010941,0.000497,3,
0.098276,0.000011,0.000048,0.007498,0.033504,0.447486,0.000087,0.019466,0.228785,0.164839,8,
0.060745,0.000812,0.000231,0.070044,0.000247,0.341422,0.000007,0.025142,0.481062,0.020287,5,
0.000388,0.000002,0.021579,0.000006,0.005744,0.000197,0.971963,0.000000,0.000095,0.000026,6,
0.076921,0.011699,0.403787,0.191439,0.000170,0.125493,0.004571,0.000720,0.183739,0.001462,5,
0.929675,0.000000,0.007659,0.008906,0.000002,0.051329,0.000043,0.000000,0.002384,0.000001,0,
0.036267,0.007642,0.001986,0.006038,0.292141,0.188121,0.012164,0.012856,0.160776,0.282011,9,
0.000577,0.000836,0.059653,0.000125,0.098343,0.000925,0.837280,0.000013,0.000391,0.001857,6,
0.002302,0.884688,0.026648,0.023268,0.002814,0.014729,0.002162,0.008033,0.019575,0.015781,1,
0.013961,0.018012,0.010142,0.005410,0.564127,0.065232,0.053689,0.009081,0.039153,0.221193,4,
0.001866,0.000006,0.004682,0.987135,0.000000,0.002619,0.000000,0.000074,0.003617,0.000000,3,
0.000527,0.000001,0.980697,0.018334,0.000000,0.000215,0.000185,0.000002,0.000039,0.000001,2,
0.052264,0.001012,0.030050,0.000945,0.074272,0.074314,0.660193,0.000042,0.099144,0.007765,0,
0.001407,0.936795,0.009919,0.014324,0.000284,0.009302,0.000439,0.002725,0.021012,0.003792,1,
0.003089,0.048125,0.000580,0.006408,0.229225,0.035642,0.000962,0.111197,0.020237,0.544535,9,
0.000657,0.016705,0.000484,0.100220,0.001311,0.009811,0.000002,0.784297,0.003017,0.083496,7,
0.039383,0.000935,0.000518,0.014611,0.129779,0.240479,0.000755,0.056845,0.126189,0.390506,8,
0.142950,0.000065,0.000908,0.009758,0.000242,0.283704,0.000262,0.000267,0.559595,0.002249,5,
0.000141,0.000321,0.000001,0.001883,0.007634,0.004196,0.000000,0.706090,0.001094,0.278641,7,
0.000213,0.933830,0.009995,0.034401,0.000106,0.001991,0.000039,0.014068,0.002053,0.003305,1,
0.094620,0.003323,0.002852,0.012223,0.014972,0.330615,0.004047,0.003204,0.490282,0.043863,8,
0.001086,0.000752,0.045854,0.000129,0.087358,0.001663,0.860308,0.000011,0.000894,0.001945,6,
0.000461,0.000827,0.060612,0.000109,0.091907,0.000736,0.843428,0.000011,0.000303,0.001606,6,
0.901863,0.000000,0.000366,0.001180,0.000037,0.090158,0.000064,0.000000,0.006320,0.000012,0,
0.000936,0.891041,0.007627,0.032328,0.001201,0.008907,0.000195,0.029064,0.009738,0.018964,1,
0.001848,0.101133,0.002522,0.149910,0.003287,0.023106,0.000021,0.585409,0.010310,0.122455,7,
0.029651,0.000236,0.160023,0.001434,0.019843,0.026579,0.738740,0.000013,0.021898,0.001582,6,
0.000478,0.000089,0.824513,0.174085,0.000000,0.000230,0.000000,0.000000,0.000604,0.000000,2,
0.000394,0.001532,0.127737,0.000484,0.309617,0.000834,0.551790,0.000136,0.000169,0.007308,6,
0.542219,0.000000,0.097697,0.010642,0.161624,0.109806,0.072297,0.000045,0.002307,0.003363,0,
0.346075,0.000000,0.000994,0.095289,0.000911,0.458965,0.000026,0.004327,0.085004,0.008410,5,
0.005970,0.054906,0.001324,0.017659,0.140881,0.061548,0.000892,0.162564,0.034946,0.519311,9,
0.030456,0.000002,0.000073,0.025555,0.084087,0.170040,0.000020,0.219080,0.021423,0.449264,5,
0.000342,0.000032,0.081559,0.000064,0.053368,0.000332,0.863771,0.000002,0.000078,0.000451,6,
0.043277,0.096903,0.350101,0.012478,0.003704,0.075601,0.229885,0.000127,0.184869,0.003054,6,
0.005165,0.642715,0.261831,0.029490,0.000092,0.013993,0.006173,0.000244,0.039689,0.000607,2,
0.023627,0.008627,0.019537,0.731038,0.000002,0.079044,0.000005,0.006302,0.131152,0.000665,2,
0.106208,0.001441,0.010744,0.205480,0.001941,0.357986,0.000307,0.023841,0.260642,0.031411,8,
0.000103,0.000242,0.000001,0.002203,0.004701,0.003107,0.000000,0.774826,0.000714,0.214102,7,
0.000332,0.000080,0.000002,0.008418,0.002081,0.007043,0.000000,0.834188,0.001404,0.146452,7,
0.002392,0.000058,0.580854,0.412600,0.000000,0.001284,0.000001,0.000001,0.002810,0.000000,2,
0.338203,0.000000,0.002760,0.486997,0.000039,0.164376,0.000001,0.001725,0.005313,0.000586,0,
0.132989,0.000000,0.000000,0.000471,0.000585,0.421686,0.000001,0.000512,0.435412,0.008343,5,
0.006188,0.817158,0.020709,0.015426,0.005689,0.035342,0.006130,0.004742,0.066635,0.021982,1,
0.003740,0.740297,0.012379,0.053637,0.006129,0.031997,0.000746,0.055488,0.032776,0.062811,1,
0.001853,0.178612,0.000232,0.007118,0.075741,0.030184,0.000206,0.193069,0.024370,0.488615,7,
0.029801,0.000004,0.129702,0.794448,0.000038,0.036004,0.000037,0.003541,0.005680,0.000745,3,
0.001234,0.000000,0.000000,0.011334,0.000921,0.018168,0.000000,0.852878,0.001947,0.113517,7,
0.046660,0.000000,0.000005,0.035574,0.020289,0.214847,0.000000,0.378521,0.010669,0.293435,7,
0.122259,0.010030,0.078516,0.019512,0.000846,0.196386,0.026159,0.000141,0.544006,0.002144,5,
0.105270,0.000000,0.000002,0.006099,0.001913,0.519956,0.000001,0.016527,0.295882,0.054350,5,
0.002894,0.059180,0.008075,0.006671,0.532111,0.020753,0.015675,0.033707,0.008649,0.312285,4,
0.000028,0.000259,0.000000,0.003472,0.000268,0.001048,0.000000,0.939347,0.000248,0.055329,7,
0.000942,0.003057,0.000249,0.064986,0.003537,0.012919,0.000002,0.776021,0.003007,0.135279,7,
0.000585,0.000055,0.000011,0.016333,0.005238,0.008913,0.000000,0.792673,0.001210,0.174980,7,
0.003906,0.000083,0.000010,0.028637,0.003523,0.052601,0.000000,0.682301,0.014422,0.214517,7,
0.000307,0.863476,0.014505,0.028169,0.004343,0.003177,0.000353,0.052806,0.001753,0.031110,1,
0.210765,0.000429,0.047415,0.010919,0.000839,0.227028,0.026857,0.000045,0.474479,0.001225,0,
0.090281,0.008980,0.008376,0.023835,0.001671,0.266407,0.002657,0.001422,0.585932,0.010439,0,
0.012153,0.000079,0.000004,0.012031,0.010137,0.155808,0.000001,0.356695,0.071836,0.381257,7,
0.003605,0.000062,0.000441,0.018125,0.215839,0.025992,0.000105,0.263085,0.002573,0.470173,7,
0.002099,0.000035,0.001650,0.021078,0.364419,0.012327,0.000261,0.219073,0.000699,0.378359,4,
0.025593,0.006725,0.011154,0.005876,0.533372,0.098127,0.065889,0.006262,0.058020,0.188983,5,
0.000042,0.000246,0.000002,0.006331,0.000922,0.001150,0.000000,0.917553,0.000177,0.073576,7,
0.000433,0.002323,0.072109,0.000180,0.147527,0.000848,0.772990,0.000031,0.000326,0.003232,6,
0.039845,0.001945,0.002612,0.524417,0.000032,0.188957,0.000003,0.042175,0.193348,0.006665,3,
0.005158,0.057837,0.010425,0.825216,0.000002,0.029884,0.000001,0.024965,0.045518,0.000995,3,
0.001841,0.000000,0.991876,0.000425,0.000000,0.000125,0.005711,0.000000,0.000020,0.000000,2,
0.001791,0.175862,0.000383,0.006058,0.125861,0.026462,0.000471,0.145769,0.019385,0.497956,9,
0.003433,0.001247,0.000154,0.009513,0.141616,0.036985,0.000095,0.234810,0.010062,0.562086,4,
0.040504,0.000011,0.031306,0.016217,0.676022,0.072904,0.035856,0.006217,0.007850,0.113114,4,
0.003501,0.000058,0.411780,0.000381,0.001112,0.001890,0.579827,0.000000,0.001399,0.000051,2,
0.894670,0.000000,0.000014,0.000748,0.000000,0.072025,0.000000,0.000000,0.032542,0.000000,0,
0.039296,0.344229,0.070754,0.040105,0.002498,0.135121,0.013784,0.002046,0.340375,0.011792,1,
0.009770,0.000000,0.111426,0.000005,0.000074,0.000314,0.878371,0.000000,0.000040,0.000000,2,
0.412082,0.000000,0.032964,0.000130,0.006576,0.030766,0.514314,0.000000,0.003140,0.000028,6,
0.001778,0.000000,0.076853,0.000057,0.025108,0.000740,0.895215,0.000000,0.000121,0.000128,6,
0.003249,0.298186,0.008043,0.011175,0.250346,0.028159,0.008976,0.054424,0.017418,0.320025,1,
0.064261,0.056581,0.047553,0.100003,0.045412,0.273123,0.011353,0.033124,0.224717,0.143873,1,
0.000584,0.002000,0.050214,0.000120,0.099302,0.001055,0.843943,0.000015,0.000556,0.002211,6,
0.631262,0.000000,0.074821,0.012828,0.000060,0.168358,0.006749,0.000002,0.105867,0.000053,0,
0.001395,0.000000,0.963899,0.000284,0.000005,0.000164,0.034220,0.000000,0.000033,0.000000,2,
0.000499,0.000000,0.016598,0.000000,0.000177,0.000026,0.982696,0.000000,0.000004,0.000000,6,
0.001629,0.010316,0.062678,0.001898,0.612716,0.005427,0.253059,0.001534,0.001631,0.049112,4,
0.020290,0.000004,0.070023,0.000399,0.045854,0.012832,0.844494,0.000004,0.005026,0.001073,6,
0.005197,0.803229,0.022891,0.060262,0.000270,0.030266,0.000437,0.006707,0.064628,0.006112,1,
0.006452,0.760167,0.022457,0.025878,0.013894,0.041928,0.005458,0.015380,0.054829,0.053558,1,
0.000291,0.003620,0.667596,0.327422,0.000000,0.000313,0.000001,0.000005,0.000751,0.000000,2,
0.606695,0.000000,0.001949,0.003709,0.000010,0.197223,0.000276,0.000001,0.190109,0.000027,0,
0.000803,0.917983,0.016975,0.018091,0.002919,0.006325,0.001006,0.012648,0.006323,0.016928,1,
0.004003,0.245175,0.014659,0.031973,0.170765,0.034023,0.004926,0.123545,0.016169,0.354763,9,
0.014748,0.634893,0.042403,0.023823,0.019697,0.073678,0.019917,0.007125,0.116178,0.047539,1,
0.009771,0.000121,0.001192,0.805317,0.000012,0.050396,0.000000,0.110498,0.018375,0.004318,8,
0.017429,0.628606,0.069616,0.020977,0.004047,0.066184,0.021953,0.001628,0.157690,0.011871,1,
0.136015,0.004933,0.061658,0.014612,0.000774,0.198728,0.026416,0.000090,0.555065,0.001708,8,
0.029573,0.000003,0.113896,0.007445,0.596820,0.031446,0.187436,0.000767,0.002780,0.029836,4,
0.126978,0.000000,0.006050,0.041313,0.400096,0.211230,0.002573,0.020943,0.012956,0.177861,5,
0.001755,0.013537,0.002405,0.008329,0.420469,0.015440,0.002158,0.099560,0.004000,0.432347,9,
0.000117,0.943892,0.005698,0.022487,0.000193,0.001306,0.000032,0.020245,0.001127,0.004904,1,
0.064838,0.000043,0.000051,0.040799,0.004676,0.418297,0.000007,0.110082,0.216535,0.144672,5,
0.563575,0.000000,0.030390,0.280010,0.000000,0.106231,0.000004,0.000007,0.019779,0.000004,6,
0.000287,0.000000,0.939858,0.000157,0.000014,0.000059,0.059611,0.000000,0.000014,0.000000,2,
0.000263,0.000118,0.000796,0.011996,0.255997,0.002423,0.000072,0.391639,0.000112,0.336585,7,
0.001426,0.010868,0.154151,0.824769,0.000000,0.003146,0.000001,0.000367,0.005266,0.000007,3,
0.976216,0.000000,0.000473,0.000209,0.000000,0.021316,0.000026,0.000000,0.001760,0.000000,0,
0.000045,0.000018,0.000000,0.001680,0.004416,0.001270,0.000000,0.831400,0.000138,0.161032,7,
0.024391,0.261141,0.085399,0.328214,0.000918,0.113476,0.000862,0.028305,0.137633,0.019662,1,
0.095882,0.006285,0.006991,0.010424,0.003501,0.255949,0.007102,0.000663,0.602539,0.010665,8,
0.001226,0.682385,0.012438,0.240042,0.000020,0.010385,0.000009,0.036151,0.014211,0.003134,3,
0.000014,0.000370,0.007837,0.991615,0.000000,0.000038,0.000000,0.000074,0.000053,0.000000,3,
0.081979,0.013130,0.032560,0.006816,0.132620,0.209501,0.199476,0.001093,0.268568,0.054255,6,
0.080890,0.000018,0.723254,0.021197,0.002668,0.048569,0.103510,0.000040,0.019067,0.000788,6,
0.001726,0.895287,0.034322,0.032320,0.000424,0.010037,0.000790,0.004444,0.015914,0.004736,1,
0.000160,0.000002,0.356471,0.000269,0.155733,0.000128,0.486425,0.000014,0.000005,0.000793,2,
0.002923,0.002262,0.001121,0.010789,0.332617,0.024185,0.000763,0.137440,0.005101,0.482799,9,
0.001622,0.928520,0.018352,0.015073,0.000346,0.009400,0.000878,0.002025,0.020382,0.003401,1,
0.000047,0.000025,0.000000,0.001453,0.003546,0.001440,0.000000,0.830263,0.000192,0.163033,7,
0.004279,0.219841,0.007933,0.005578,0.390170,0.031612,0.024935,0.021270,0.023185,0.271197,9,
0.011966,0.005872,0.000158,0.212998,0.000245,0.137761,0.000001,0.452244,0.116736,0.062018,3,
0.014317,0.030553,0.000947,0.014134,0.140033,0.126882,0.001269,0.090265,0.096001,0.485598,9,
0.001717,0.605543,0.007664,0.200531,0.000249,0.017811,0.000021,0.130034,0.017120,0.019309,7,
0.124620,0.000216,0.001714,0.033019,0.000119,0.294089,0.000108,0.000877,0.542613,0.002624,5,
0.024631,0.026064,0.002973,0.041560,0.085198,0.181352,0.001332,0.119114,0.118765,0.399011,1,
0.000241,0.000366,0.000002,0.002847,0.014993,0.005813,0.000000,0.641238,0.001349,0.333150,7,
0.007137,0.108851,0.024269,0.018747,0.388001,0.044430,0.024399,0.043558,0.021304,0.319304,4,
0.154040,0.000095,0.001321,0.001589,0.003404,0.254588,0.007960,0.000061,0.573032,0.003908,0,
0.000185,0.000283,0.000004,0.003355,0.021451,0.004022,0.000001,0.649167,0.000673,0.320859,7,
0.001246,0.107990,0.000379,0.056145,0.003639,0.021194,0.000008,0.629503,0.012398,0.167499,7,
0.012410,0.001989,0.002984,0.013930,0.403604,0.070909,0.003681,0.057424,0.020852,0.412217,9,
0.022791,0.040015,0.222085,0.555462,0.000003,0.051531,0.000103,0.001195,0.106524,0.000290,3,
0.001242,0.000000,0.004463,0.000000,0.000287,0.000213,0.993576,0.000000,0.000218,0.000001,6,
0.007230,0.212143,0.170044,0.534484,0.000003,0.023819,0.000051,0.002614,0.049251,0.000362,3,
0.158813,0.000011,0.000318,0.007678,0.000114,0.293016,0.000077,0.000194,0.538320,0.001459,8,
0.001712,0.008236,0.000129,0.010640,0.069561,0.024880,0.000047,0.362509,0.009015,0.513272,4,
0.001909,0.000075,0.536358,0.406423,0.004518,0.004259,0.000539,0.035913,0.000195,0.009810,2,
0.026130,0.426569,0.061245,0.106907,0.006287,0.128450,0.004864,0.019927,0.174619,0.045003,5,
0.000296,0.003442,0.000039,0.022152,0.002685,0.005864,0.000001,0.830959,0.001521,0.133042,7,
0.942703,0.000000,0.000008,0.000096,0.000002,0.053006,0.000003,0.000000,0.004182,0.000001,0,
0.115098,0.001198,0.528357,0.020159,0.000088,0.083619,0.047206,0.000009,0.204118,0.000148,0,
0.007837,0.218533,0.013817,0.014439,0.285202,0.054602,0.019415,0.037778,0.037985,0.310392,4,
0.003178,0.841216,0.084913,0.022557,0.000144,0.011947,0.002586,0.000581,0.031688,0.001192,1,
0.000650,0.934658,0.007622,0.025898,0.000276,0.005636,0.000114,0.011091,0.008005,0.006050,1,
0.000451,0.000079,0.041996,0.000036,0.032945,0.000466,0.923474,0.000001,0.000205,0.000346,6,
0.020867,0.013384,0.028467,0.000851,0.116089,0.045332,0.688470,0.000098,0.072250,0.014191,6,
0.059899,0.056251,0.078673,0.282594,0.000195,0.184840,0.000710,0.005597,0.325968,0.005273,8,
0.000787,0.891449,0.016510,0.045693,0.000596,0.006545,0.000194,0.021263,0.006669,0.010294,1,
0.001059,0.000008,0.000001,0.017373,0.000631,0.017903,0.000000,0.859537,0.003396,0.100092,9,
0.001816,0.001096,0.000397,0.010527,0.214283,0.018024,0.000167,0.241436,0.003166,0.509088,9,
0.005537,0.000001,0.059191,0.018976,0.804135,0.009463,0.013576,0.011177,0.000260,0.077683,4,
0.001045,0.924531,0.013267,0.030981,0.000159,0.007431,0.000170,0.005861,0.012933,0.003621,1,
0.018292,0.561025,0.083361,0.087718,0.000591,0.073530,0.002728,0.003998,0.161658,0.007098,8,
0.306413,0.000014,0.015186,0.043093,0.002087,0.385691,0.002313,0.000695,0.238765,0.005744,5,
0.002163,0.037110,0.020943,0.003656,0.690166,0.011426,0.064832,0.009151,0.004226,0.156328,4,
0.101262,0.000099,0.030415,0.003232,0.292137,0.142100,0.327346,0.000304,0.071651,0.031453,0,
0.002798,0.038056,0.001289,0.026075,0.091886,0.032284,0.000296,0.319524,0.012280,0.475511,9,
0.023780,0.000000,0.765721,0.002118,0.002497,0.004720,0.200692,0.000001,0.000413,0.000058,2,
0.001120,0.000001,0.002879,0.000001,0.000762,0.000429,0.993895,0.000000,0.000909,0.000004,6,
0.000286,0.975076,0.002970,0.004124,0.000763,0.002662,0.000302,0.003581,0.004368,0.005869,1,
0.000731,0.961603,0.005598,0.005679,0.000855,0.005530,0.000712,0.002561,0.010889,0.005843,1,
0.000742,0.881003,0.009498,0.065034,0.000127,0.006662,0.000042,0.022750,0.008433,0.005709,1,
0.160139,0.000010,0.001625,0.238359,0.000067,0.366986,0.000008,0.007701,0.220951,0.004156,3,
0.087465,0.016470,0.012892,0.019218,0.049267,0.311154,0.019859,0.005451,0.395626,0.082598,0,
0.017106,0.610485,0.047189,0.044790,0.006575,0.084088,0.007990,0.008548,0.141601,0.031628,1,
