0, 1, 2, 3, 4, 5, 6, 7, 8, 9, True
0.003521,0.632528,0.026342,0.024697,0.155417,0.009744,0.043344,0.014004,0.011552,0.078850,1,
0.000262,0.931878,0.001960,0.003244,0.025936,0.001117,0.003585,0.009660,0.001216,0.021143,1,
0.061863,0.000576,0.017770,0.196698,0.173083,0.146784,0.013459,0.026912,0.155164,0.207692,5,
0.047393,0.000001,0.000283,0.183984,0.025267,0.222785,0.000106,0.128952,0.173216,0.218012,8,
0.204409,0.000001,0.026619,0.186859,0.065470,0.209543,0.013728,0.000837,0.252355,0.040179,4,
0.079085,0.000112,0.276449,0.076175,0.142006,0.053685,0.271521,0.000163,0.081188,0.019618,6,
0.022270,0.000001,0.448163,0.006322,0.016957,0.004694,0.491552,0.000000,0.009666,0.000374,6,
0.000265,0.002647,0.000007,0.007022,0.004604,0.004364,0.000005,0.880785,0.002834,0.097466,7,
0.000664,0.810950,0.001881,0.009283,0.047972,0.003548,0.002917,0.051188,0.003538,0.068058,1,
0.013352,0.020803,0.004409,0.107497,0.149934,0.062994,0.004078,0.212573,0.058507,0.365853,4,
0.084047,0.000482,0.058712,0.181075,0.211225,0.131285,0.049097,0.006257,0.156791,0.121029,5,
0.078898,0.000663,0.059257,0.178472,0.220362,0.126628,0.050708,0.006970,0.150909,0.127132,7,
0.002685,0.155883,0.001187,0.039075,0.080917,0.019091,0.001296,0.400983,0.016566,0.282315,9,
0.010727,0.000232,0.375275,0.008050,0.042883,0.004389,0.548671,0.000004,0.008127,0.001643,6,
0.000919,0.066948,0.000166,0.018804,0.028739,0.009569,0.000163,0.665200,0.007401,0.202091,7,
0.070542,0.001334,0.086011,0.158394,0.248580,0.105332,0.080701,0.005307,0.130105,0.113694,5,
0.401276,0.000000,0.006198,0.103937,0.007357,0.211309,0.001676,0.000021,0.263962,0.004264,0,
0.003554,0.000681,0.343069,0.002880,0.026355,0.001341,0.618810,0.000002,0.002639,0.000670,6,
0.424365,0.000000,0.024366,0.102608,0.013630,0.177074,0.008379,0.000012,0.245523,0.004043,2,
0.038067,0.001562,0.008438,0.175106,0.158039,0.123944,0.006511,0.075449,0.121678,0.291206,3,
0.210734,0.000001,0.055537,0.172735,0.082317,0.180480,0.032153,0.000465,0.232379,0.033198,8,
0.161361,0.000001,0.009215,0.205736,0.054840,0.238580,0.004312,0.003040,0.257667,0.065249,8,
0.194836,0.000000,0.015468,0.193050,0.054595,0.227284,0.007360,0.001251,0.261018,0.045138,3,
0.027516,0.035881,0.144375,0.085014,0.317173,0.042859,0.190469,0.004860,0.056022,0.095830,2,
0.015045,0.023738,0.006051,0.113683,0.170428,0.065833,0.005745,0.177098,0.062606,0.359772,4,
0.271576,0.000000,0.000291,0.118209,0.002732,0.306164,0.000052,0.000224,0.292277,0.008474,3,
0.002187,0.017041,0.294685,0.003213,0.044629,0.001239,0.633116,0.000009,0.002285,0.001596,2,
0.043248,0.001473,0.267668,0.063134,0.186681,0.037236,0.317114,0.000388,0.055115,0.027944,6,
0.175403,0.000002,0.026537,0.196862,0.081062,0.205886,0.014635,0.001539,0.243030,0.055043,8,
0.116507,0.000014,0.281806,0.078983,0.105607,0.063692,0.241508,0.000067,0.098892,0.012925,3,
0.002842,0.000000,0.468101,0.000106,0.000348,0.000096,0.528195,0.000000,0.000312,0.000001,2,
0.023330,0.007517,0.275236,0.042128,0.188248,0.021610,0.384177,0.000404,0.032447,0.024903,2,
0.023569,0.002170,0.003447,0.145294,0.120411,0.101510,0.002593,0.164582,0.092574,0.343850,7,
0.038683,0.012560,0.050777,0.145675,0.294863,0.084725,0.053203,0.021607,0.097352,0.200555,7,
0.164102,0.000004,0.027227,0.199883,0.089222,0.202406,0.015520,0.001935,0.237571,0.062130,5,
0.099924,0.000164,0.047699,0.192737,0.177310,0.151198,0.036309,0.005349,0.178657,0.110651,2,
0.344806,0.000000,0.003891,0.120076,0.008225,0.237428,0.001046,0.000063,0.277401,0.007064,3,
0.228249,0.000000,0.038825,0.173780,0.064461,0.196267,0.020376,0.000425,0.247634,0.029984,5,
0.453330,0.000000,0.009840,0.090152,0.006773,0.186343,0.002705,0.000008,0.248163,0.002687,8,
0.008254,0.185276,0.009067,0.073943,0.197079,0.035808,0.010784,0.144046,0.035670,0.300072,9,
0.038306,0.000081,0.001494,0.178805,0.067947,0.160116,0.000827,0.128883,0.138497,0.285044,0,
0.013297,0.000001,0.445665,0.003120,0.009975,0.002261,0.520566,0.000000,0.004968,0.000148,4,
0.179162,0.000001,0.021186,0.197630,0.071399,0.214694,0.011106,0.001571,0.249642,0.053608,3,
0.000572,0.001867,0.000015,0.012265,0.007336,0.008025,0.000010,0.833860,0.005376,0.130672,7,
0.026840,0.030513,0.031560,0.133138,0.286356,0.073591,0.034076,0.045435,0.080497,0.257993,9,
0.055502,0.001601,0.027030,0.183520,0.213920,0.126181,0.022832,0.024386,0.137711,0.207318,0,
0.013251,0.002097,0.001168,0.107253,0.077331,0.075254,0.000838,0.308343,0.063538,0.350926,3,
0.002814,0.649387,0.011739,0.025165,0.130856,0.010150,0.018055,0.033948,0.011127,0.106759,1,
0.207712,0.000001,0.027621,0.185313,0.064945,0.208423,0.014238,0.000769,0.252303,0.038676,5,
0.336956,0.000000,0.035184,0.132985,0.029297,0.187985,0.014874,0.000055,0.252772,0.009892,3,
0.217737,0.000000,0.003501,0.174096,0.020201,0.268698,0.001177,0.000931,0.284242,0.029417,0,
0.006163,0.000001,0.420741,0.001423,0.006455,0.000939,0.562035,0.000000,0.002176,0.000068,2,
0.063514,0.001996,0.069351,0.163011,0.256054,0.106590,0.065302,0.008311,0.128029,0.137841,8,
0.060252,0.000001,0.000313,0.195655,0.023233,0.252082,0.000110,0.084641,0.199305,0.184408,5,
0.000311,0.002298,0.000008,0.007870,0.004973,0.004969,0.000006,0.873259,0.003241,0.103065,7,
0.004787,0.000987,0.000171,0.055135,0.029287,0.040258,0.000110,0.566953,0.030215,0.272097,4,
0.219985,0.000000,0.000321,0.141917,0.004519,0.320599,0.000065,0.000779,0.294968,0.016848,0,
0.010695,0.000004,0.422144,0.003525,0.014113,0.002302,0.542094,0.000000,0.004865,0.000257,6,
0.129232,0.000026,0.207639,0.111570,0.134518,0.089816,0.172009,0.000214,0.130602,0.024375,6,
0.078449,0.000041,0.006754,0.215161,0.097242,0.196292,0.003945,0.026538,0.194616,0.180962,9,
0.010931,0.000432,0.000373,0.093293,0.042708,0.073648,0.000225,0.405180,0.057631,0.315579,3,
0.145110,0.000000,0.000356,0.181320,0.009891,0.325547,0.000090,0.005939,0.281511,0.050236,2,
0.040587,0.002934,0.243543,0.069098,0.214607,0.039447,0.295133,0.000670,0.056930,0.037051,2,
0.056653,0.000026,0.002050,0.202874,0.066415,0.195584,0.001064,0.068912,0.175096,0.231325,5,
0.002515,0.111245,0.000861,0.037843,0.069925,0.018996,0.000901,0.458980,0.016104,0.282629,4,
0.081350,0.000015,0.004148,0.216945,0.074519,0.214118,0.002179,0.028426,0.205339,0.172962,3,
0.024722,0.053007,0.130219,0.083864,0.326059,0.041321,0.174936,0.006289,0.053275,0.106307,2,
0.025033,0.007196,0.008251,0.146145,0.177899,0.092521,0.007185,0.113282,0.090164,0.332324,4,
0.045453,0.000363,0.005333,0.189323,0.119131,0.149762,0.003574,0.072593,0.142586,0.271882,0,
0.051364,0.005281,0.092568,0.139758,0.289252,0.084121,0.097056,0.007374,0.103817,0.129409,3,
0.054195,0.000760,0.014103,0.192580,0.168992,0.141845,0.010699,0.037428,0.146424,0.232974,3,
0.002914,0.000254,0.000045,0.037724,0.013815,0.030060,0.000025,0.684962,0.020875,0.209325,7,
0.088036,0.000044,0.010393,0.215806,0.108989,0.193666,0.006318,0.017609,0.199740,0.159399,0,
0.031457,0.010702,0.215271,0.068848,0.253850,0.036347,0.280366,0.001340,0.050993,0.050827,4,
0.006201,0.000133,0.372868,0.003880,0.025122,0.002051,0.585043,0.000001,0.004058,0.000642,2,
0.002364,0.715018,0.027913,0.015727,0.121651,0.005903,0.049659,0.006748,0.007288,0.047728,1,
0.000474,0.903081,0.003873,0.005059,0.039724,0.001783,0.007010,0.009541,0.001997,0.027457,1,
0.009683,0.003437,0.333444,0.012453,0.082546,0.005981,0.537231,0.000033,0.010202,0.004992,6,
0.021834,0.049215,0.026429,0.122208,0.280584,0.065363,0.029347,0.058838,0.070360,0.275822,7,
0.002251,0.000262,0.340046,0.001429,0.014766,0.000663,0.638935,0.000000,0.001398,0.000249,2,
0.001668,0.000006,0.362700,0.000476,0.004214,0.000254,0.630030,0.000000,0.000621,0.000031,2,
0.041417,0.000171,0.002723,0.184607,0.089394,0.155580,0.001653,0.100936,0.140671,0.282849,7,
0.163564,0.000001,0.010764,0.205099,0.058291,0.234183,0.005161,0.002778,0.256141,0.064018,8,
0.135374,0.000036,0.064280,0.184516,0.146296,0.157418,0.045824,0.001863,0.195881,0.068512,8,
0.397268,0.000000,0.267210,0.036333,0.011013,0.056443,0.123273,0.000000,0.107999,0.000461,2,
0.131117,0.000001,0.005695,0.214499,0.055356,0.243297,0.002648,0.007062,0.248206,0.092118,5,
0.633173,0.000000,0.000710,0.033689,0.000329,0.143482,0.000086,0.000000,0.188358,0.000173,0,
0.000265,0.002647,0.000007,0.007022,0.004604,0.004364,0.000005,0.880785,0.002834,0.097466,7,
0.000338,0.911358,0.001939,0.004334,0.030810,0.001534,0.003394,0.015390,0.001630,0.029274,1,
0.344412,0.000000,0.054455,0.125307,0.032846,0.170611,0.024564,0.000036,0.239230,0.008540,0,
0.051936,0.000546,0.009915,0.193716,0.148531,0.147167,0.007150,0.047169,0.147508,0.246362,4,
0.014580,0.004278,0.002042,0.113737,0.101819,0.075557,0.001591,0.258988,0.066307,0.361102,4,
0.152071,0.000001,0.327953,0.059343,0.059384,0.055491,0.248074,0.000010,0.092837,0.004837,8,
0.233952,0.000000,0.185042,0.106271,0.068554,0.109979,0.118657,0.000038,0.167385,0.010121,3,
0.003219,0.015926,0.000408,0.044494,0.048164,0.026132,0.000346,0.551917,0.020896,0.288498,7,
0.065999,0.000244,0.012079,0.204585,0.142079,0.163415,0.008347,0.029379,0.167896,0.205978,5,
0.010637,0.001721,0.000734,0.093815,0.062034,0.066690,0.000511,0.370264,0.054621,0.338974,9,
0.000978,0.052144,0.000158,0.019630,0.028037,0.010202,0.000150,0.676014,0.007848,0.204839,7,
0.001876,0.736067,0.009284,0.017537,0.101195,0.006837,0.014878,0.025687,0.007537,0.079102,1,
0.314498,0.000000,0.055185,0.135961,0.040374,0.175102,0.026226,0.000063,0.241046,0.011546,5,
0.046206,0.000014,0.401849,0.024336,0.055586,0.017487,0.420574,0.000007,0.030906,0.003034,6,
0.026382,0.005817,0.273024,0.046301,0.191430,0.024348,0.369617,0.000423,0.036371,0.026288,0,
0.003447,0.046964,0.278865,0.006679,0.080712,0.002586,0.571679,0.000047,0.004410,0.004612,2,
0.002327,0.409017,0.002375,0.031629,0.096805,0.014003,0.003010,0.211856,0.013034,0.215943,4,
0.029965,0.000016,0.000374,0.156827,0.035340,0.159761,0.000170,0.214976,0.125207,0.277364,8,
0.001000,0.648473,0.001475,0.015412,0.059816,0.006294,0.002054,0.134776,0.005903,0.124797,7,
0.002788,0.572469,0.006485,0.029637,0.123653,0.012427,0.009202,0.077571,0.012731,0.153038,1,
0.051752,0.000042,0.369451,0.035281,0.081358,0.024487,0.390519,0.000023,0.041049,0.006038,6,
0.049003,0.000047,0.370595,0.033904,0.080975,0.023263,0.397196,0.000022,0.039072,0.005922,2,
0.017165,0.000001,0.442984,0.004846,0.014693,0.003482,0.509237,0.000000,0.007305,0.000287,6,
0.168290,0.000000,0.000348,0.168948,0.007712,0.327302,0.000082,0.003063,0.288900,0.035356,5,
0.004503,0.000915,0.000151,0.052786,0.027395,0.038705,0.000096,0.580868,0.028846,0.265736,3,
0.004501,0.000413,0.000102,0.051779,0.021855,0.040272,0.000060,0.600673,0.029257,0.251088,7,
0.247463,0.000000,0.058389,0.159124,0.064779,0.178911,0.031630,0.000217,0.237019,0.022467,4,
0.122486,0.000077,0.091524,0.169387,0.169611,0.135314,0.071401,0.001578,0.173553,0.065070,4,
0.000345,0.924935,0.007915,0.002783,0.032598,0.000910,0.016595,0.001753,0.001145,0.011021,1,
0.212124,0.000001,0.169145,0.118553,0.083785,0.116615,0.112902,0.000077,0.172150,0.014648,8,
0.211176,0.000000,0.003425,0.177004,0.021041,0.269798,0.001163,0.001084,0.283568,0.031741,0,
0.119092,0.000091,0.090092,0.170024,0.173614,0.134562,0.070869,0.001732,0.171918,0.068007,3,
0.185903,0.000000,0.000340,0.159485,0.006405,0.326312,0.000076,0.001891,0.292304,0.027285,0,
0.010009,0.000000,0.460669,0.001404,0.004239,0.001102,0.519867,0.000000,0.002676,0.000035,2,
0.238316,0.000000,0.000311,0.133069,0.003767,0.316079,0.000060,0.000494,0.294776,0.013127,5,
0.006082,0.000947,0.350088,0.005631,0.042057,0.002726,0.585873,0.000005,0.005069,0.001522,6,
0.013994,0.000006,0.422290,0.005276,0.019536,0.003462,0.527952,0.000000,0.007032,0.000452,2,
0.176443,0.000001,0.013669,0.200292,0.059245,0.229022,0.006640,0.001942,0.257251,0.055495,4,
0.049650,0.000005,0.417187,0.021617,0.044796,0.016335,0.418652,0.000004,0.029633,0.002120,2,
0.311636,0.000000,0.193015,0.082773,0.037692,0.100740,0.106855,0.000007,0.163294,0.003987,0,
0.133217,0.000003,0.009307,0.214468,0.069769,0.228764,0.004729,0.005922,0.242039,0.091781,7,
0.059865,0.001708,0.039252,0.178857,0.231907,0.120955,0.034458,0.016311,0.136916,0.179771,2,
0.031630,0.030239,0.075991,0.119574,0.328248,0.063944,0.089529,0.015221,0.076679,0.168946,4,
0.150507,0.000000,0.004728,0.207171,0.042262,0.256060,0.002000,0.004502,0.261933,0.070836,5,
0.001335,0.000004,0.358339,0.000344,0.003243,0.000183,0.636072,0.000000,0.000460,0.000020,2,
0.015519,0.017034,0.276568,0.030841,0.176441,0.014610,0.425509,0.000349,0.022271,0.020857,6,
0.000672,0.883624,0.008598,0.005753,0.051553,0.002010,0.016286,0.005050,0.002403,0.024051,1,
0.242387,0.000000,0.060968,0.159810,0.067888,0.177046,0.033593,0.000231,0.234741,0.023335,0,
0.035302,0.005488,0.016483,0.163186,0.214423,0.104147,0.014699,0.058258,0.107766,0.280246,9,
0.005599,0.000000,0.465132,0.000431,0.001360,0.000360,0.526114,0.000000,0.000998,0.000005,2,
0.019910,0.000409,0.363609,0.018390,0.077166,0.010431,0.487433,0.000022,0.017870,0.004760,2,
0.000624,0.000000,0.353072,0.000087,0.000916,0.000048,0.645109,0.000000,0.000141,0.000002,2,
0.017972,0.092304,0.029484,0.106314,0.290988,0.053817,0.035076,0.055382,0.058717,0.259946,4,
0.005273,0.000000,0.642776,0.000006,0.000003,0.000012,0.351863,0.000000,0.000066,0.000000,2,
0.192373,0.000000,0.008866,0.193119,0.041808,0.244237,0.003808,0.001507,0.269246,0.045038,3,
0.087205,0.000001,0.000903,0.211129,0.031311,0.265464,0.000343,0.032174,0.230440,0.141031,3,
0.019489,0.001195,0.001695,0.132274,0.087959,0.096992,0.001174,0.228393,0.084002,0.346826,9,
0.673134,0.000000,0.003182,0.032782,0.000635,0.117026,0.000502,0.000000,0.172580,0.000159,0,
0.518697,0.000000,0.000601,0.053751,0.000706,0.194244,0.000083,0.000002,0.231278,0.000638,0,
0.061175,0.000026,0.002519,0.206864,0.070532,0.198631,0.001327,0.057402,0.181026,0.220498,5,
0.023433,0.000003,0.435315,0.008375,0.023776,0.005950,0.490721,0.000001,0.011768,0.000659,2,
0.032881,0.000284,0.002156,0.168838,0.086653,0.137599,0.001343,0.139562,0.121775,0.308909,5,
0.007751,0.000003,0.415023,0.002404,0.010930,0.001528,0.558868,0.000000,0.003329,0.000164,2,
0.304245,0.000000,0.229935,0.070255,0.033328,0.086035,0.128877,0.000004,0.144463,0.002859,5,
0.010137,0.085872,0.006864,0.088652,0.183519,0.046147,0.007404,0.183614,0.044565,0.343226,9,
0.050987,0.000041,0.371117,0.034509,0.080109,0.023929,0.393218,0.000022,0.040213,0.005856,5,
0.087310,0.000438,0.068775,0.176202,0.212380,0.127644,0.058149,0.004870,0.155275,0.108956,4,
0.081316,0.000005,0.002201,0.215696,0.053807,0.232538,0.001022,0.033048,0.213287,0.167080,4,
0.000738,0.001041,0.000016,0.014541,0.007497,0.010014,0.000010,0.821231,0.006686,0.138226,7,
0.000205,0.950502,0.003702,0.001992,0.022351,0.000644,0.007669,0.002295,0.000775,0.009863,1,
0.000526,0.000000,0.353217,0.000061,0.000654,0.000035,0.645401,0.000000,0.000105,0.000001,2,
0.016685,0.000701,0.000959,0.120995,0.067214,0.092439,0.000621,0.283632,0.076950,0.339806,4,
0.377205,0.000000,0.001608,0.099538,0.003725,0.240426,0.000341,0.000030,0.273131,0.003997,0,
0.037522,0.002126,0.272386,0.057222,0.186686,0.032674,0.335499,0.000382,0.048598,0.026904,6,
0.039733,0.012040,0.055555,0.144592,0.297766,0.084055,0.058548,0.019078,0.097520,0.191114,4,
0.064435,0.001371,0.044281,0.179210,0.230848,0.122497,0.038708,0.013096,0.140632,0.164922,4,
0.006316,0.160273,0.004729,0.065834,0.154303,0.032408,0.005373,0.221303,0.030704,0.318757,4,
0.010818,0.102989,0.009084,0.090024,0.203306,0.046041,0.010120,0.152169,0.045490,0.329961,1,
0.000475,0.870012,0.001883,0.006414,0.038649,0.002360,0.003095,0.029154,0.002424,0.045534,1,
0.211834,0.000002,0.116918,0.143159,0.091128,0.141530,0.075310,0.000179,0.197778,0.022162,0,
0.059342,0.000000,0.488739,0.009141,0.012114,0.008884,0.402729,0.000000,0.018808,0.000243,6,
0.340307,0.000000,0.018353,0.132887,0.020927,0.206217,0.006817,0.000063,0.264898,0.009532,0,
0.010188,0.092786,0.222821,0.028297,0.206512,0.012029,0.379533,0.000805,0.017696,0.029334,6,
0.001188,0.165118,0.000399,0.022373,0.045005,0.010670,0.000434,0.524788,0.008734,0.221291,7,
0.006714,0.004598,0.000608,0.071192,0.058296,0.046648,0.000462,0.446419,0.037896,0.327165,9,
0.010353,0.000000,0.516993,0.000416,0.000774,0.000436,0.469743,0.000000,0.001283,0.000002,2,
0.039576,0.013978,0.075767,0.133511,0.311771,0.075696,0.083650,0.012969,0.090847,0.162234,4,
0.121072,0.000003,0.006726,0.217159,0.065901,0.232937,0.003336,0.008746,0.238543,0.105577,2,
0.081441,0.000011,0.003553,0.216878,0.068850,0.218763,0.001810,0.029523,0.207508,0.171662,0,
0.026734,0.000054,0.000575,0.150965,0.046106,0.140169,0.000294,0.222875,0.112910,0.299318,0,
0.009503,0.059527,0.004655,0.087435,0.157179,0.047010,0.004761,0.229233,0.044021,0.356676,4,
0.195269,0.000000,0.013410,0.192926,0.050672,0.231868,0.006201,0.001289,0.263645,0.044720,8,
0.002331,0.443623,0.002684,0.030892,0.099389,0.013533,0.003465,0.186103,0.012754,0.205227,1,
0.008608,0.000182,0.000167,0.078637,0.027953,0.065973,0.000092,0.485197,0.049086,0.284107,2,
0.121487,0.000001,0.002932,0.214065,0.042447,0.258583,0.001234,0.010266,0.250125,0.098860,8,
0.033166,0.016550,0.035600,0.144983,0.282467,0.083644,0.036889,0.035082,0.092639,0.238980,4,
0.190497,0.000001,0.024302,0.192658,0.069709,0.211475,0.012720,0.001165,0.250481,0.046991,8,
0.072691,0.000007,0.002020,0.212835,0.056081,0.223278,0.000960,0.043182,0.202162,0.186783,3,
0.156033,0.000000,0.005315,0.205695,0.042916,0.254035,0.002266,0.003855,0.263075,0.066810,3,
0.406183,0.000000,0.035536,0.107822,0.018398,0.171728,0.013486,0.000015,0.241986,0.004847,9,
0.000737,0.860893,0.004559,0.007874,0.053742,0.002884,0.007819,0.016014,0.003166,0.042311,1,
0.104584,0.000000,0.000357,0.199111,0.015306,0.308830,0.000105,0.020348,0.256713,0.094646,5,
0.727836,0.000000,0.000072,0.015218,0.000030,0.113178,0.000005,0.000000,0.143639,0.000022,0,
0.081342,0.000485,0.048120,0.186671,0.205732,0.136389,0.039431,0.008112,0.159441,0.134276,4,
0.011700,0.000040,0.000123,0.092722,0.022769,0.087620,0.000058,0.446991,0.063714,0.274263,7,
0.002430,0.587485,0.081554,0.010925,0.121025,0.003902,0.165010,0.001127,0.005506,0.021038,6,
0.193002,0.000001,0.027163,0.190778,0.071820,0.207740,0.014428,0.001051,0.248646,0.045371,5,
0.002318,0.043095,0.000442,0.035961,0.050174,0.019421,0.000415,0.559040,0.015716,0.273419,9,
0.011026,0.010331,0.307510,0.018307,0.121558,0.008514,0.498840,0.000109,0.013768,0.010037,6,
0.011571,0.267794,0.068638,0.059360,0.291495,0.026060,0.101887,0.014396,0.031847,0.126951,4,
0.168163,0.000009,0.069293,0.177187,0.117418,0.163943,0.045819,0.000878,0.209892,0.047398,5,
0.090319,0.000001,0.001623,0.215210,0.041794,0.251825,0.000683,0.026955,0.227943,0.143648,5,
0.090108,0.000026,0.008149,0.217578,0.095530,0.203270,0.004692,0.018265,0.206149,0.156234,0,
0.256385,0.000000,0.000300,0.124805,0.003159,0.310924,0.000055,0.000320,0.293724,0.010327,5,
0.000439,0.009187,0.000024,0.010560,0.009490,0.006092,0.000019,0.826710,0.004222,0.133256,7,
0.075041,0.000883,0.138630,0.133983,0.235176,0.088906,0.135043,0.002056,0.117090,0.073193,2,
0.000420,0.001755,0.000010,0.009750,0.005744,0.006343,0.000007,0.857449,0.004170,0.114351,7,
0.012177,0.002442,0.001102,0.102223,0.075818,0.070850,0.000800,0.324551,0.059603,0.350434,3,
0.094066,0.000016,0.322305,0.061236,0.095848,0.047534,0.293185,0.000042,0.076128,0.009640,4,
0.213299,0.000000,0.000325,0.145256,0.004834,0.322029,0.000067,0.000923,0.294784,0.018483,0,
0.002151,0.000356,0.000036,0.030661,0.012145,0.023628,0.000021,0.722248,0.016261,0.192495,7,
0.074834,0.000864,0.144046,0.131309,0.233566,0.087003,0.140979,0.001894,0.115221,0.070285,4,
0.328488,0.000000,0.002591,0.122093,0.007183,0.249661,0.000658,0.000085,0.281544,0.007697,8,
0.001905,0.000405,0.000033,0.028200,0.011520,0.021447,0.000019,0.735905,0.014708,0.185858,7,
0.001224,0.005430,0.000066,0.021999,0.017385,0.013632,0.000050,0.737919,0.009862,0.192432,7,
0.022746,0.015235,0.011013,0.137204,0.205343,0.081747,0.010392,0.105384,0.081488,0.329448,4,
0.012951,0.019360,0.003983,0.105937,0.143538,0.062452,0.003644,0.223683,0.057572,0.366880,9,
0.001192,0.801092,0.028044,0.007331,0.077542,0.002550,0.056166,0.002076,0.003347,0.020660,1,
0.016083,0.000005,0.427616,0.005841,0.019982,0.003935,0.518096,0.000000,0.007966,0.000475,2,
0.248052,0.000000,0.082685,0.148473,0.069743,0.161953,0.047245,0.000150,0.222305,0.019393,8,
0.012388,0.000090,0.000203,0.097859,0.030012,0.087046,0.000105,0.414087,0.065382,0.292829,7,
0.085008,0.000163,0.022338,0.206184,0.154838,0.166193,0.015814,0.013125,0.181801,0.154536,5,
0.017953,0.130929,0.088345,0.078667,0.329197,0.036798,0.122846,0.012676,0.045433,0.137157,6,
0.018813,0.000127,0.384936,0.013532,0.054111,0.008023,0.503494,0.000008,0.014387,0.002570,6,
0.018319,0.097409,0.034069,0.104615,0.300426,0.052495,0.041250,0.047525,0.058097,0.245794,1,
0.202282,0.000000,0.412193,0.025574,0.015484,0.031571,0.250092,0.000000,0.062297,0.000506,2,
0.014060,0.000353,0.370196,0.011938,0.058085,0.006571,0.524270,0.000010,0.011702,0.002816,6,
0.009728,0.000053,0.000108,0.082855,0.021577,0.076360,0.000052,0.485312,0.055153,0.268802,7,
0.000354,0.906820,0.001934,0.004570,0.031784,0.001626,0.003356,0.016766,0.001720,0.031070,1,
0.013724,0.000465,0.000555,0.107393,0.051664,0.084541,0.000341,0.345688,0.067851,0.327778,4,
0.347166,0.000000,0.033302,0.129469,0.026692,0.187689,0.013705,0.000046,0.252987,0.008944,2,
0.017517,0.006280,0.003577,0.125162,0.130463,0.080626,0.002949,0.199138,0.073657,0.360633,9,
0.020768,0.019743,0.010693,0.131199,0.206471,0.076660,0.010298,0.113399,0.076223,0.334548,9,
0.005270,0.008299,0.317703,0.007467,0.068265,0.003245,0.580604,0.000023,0.005678,0.003447,2,
0.024090,0.000002,0.441570,0.007820,0.021176,0.005695,0.487683,0.000000,0.011417,0.000545,2,
0.672188,0.000000,0.010098,0.036283,0.001310,0.107813,0.002029,0.000000,0.170071,0.000208,0,
0.000613,0.889338,0.006243,0.005775,0.048021,0.002035,0.011516,0.007117,0.002359,0.026983,1,
0.208344,0.000002,0.059314,0.171731,0.085269,0.177302,0.034891,0.000460,0.229360,0.033327,2,
0.003991,0.000007,0.389470,0.001303,0.008181,0.000753,0.594498,0.000000,0.001700,0.000097,2,
0.030359,0.000026,0.000499,0.159105,0.041140,0.156063,0.000239,0.203301,0.124699,0.284570,9,
0.073662,0.000233,0.255072,0.083014,0.164538,0.056419,0.257478,0.000281,0.083279,0.026025,3,
0.016997,0.121697,0.127191,0.064519,0.313628,0.029488,0.186704,0.006105,0.038333,0.095339,6,
0.195219,0.000000,0.013271,0.192941,0.050426,0.232190,0.006126,0.001294,0.263807,0.044726,5,
0.075954,0.000000,0.000337,0.201850,0.020359,0.278819,0.000111,0.050804,0.224628,0.147139,5,
0.000240,0.937626,0.001964,0.002931,0.024406,0.000999,0.003647,0.008216,0.001097,0.018874,1,
0.030556,0.001795,0.005399,0.162336,0.138932,0.114520,0.004096,0.113222,0.108250,0.320895,2,
0.163859,0.000010,0.066559,0.179482,0.120030,0.164854,0.044207,0.001000,0.209618,0.050381,8,
0.236387,0.000001,0.115800,0.137018,0.077019,0.142854,0.070842,0.000113,0.202543,0.017423,6,
0.018037,0.100847,0.033888,0.103638,0.299924,0.051855,0.041160,0.047801,0.057378,0.245472,1,
0.222173,0.000000,0.001843,0.164476,0.013259,0.283187,0.000537,0.000841,0.289026,0.024656,5,
0.258767,0.000000,0.087597,0.142837,0.065352,0.158521,0.049451,0.000113,0.220498,0.016864,5,
0.000265,0.002647,0.000007,0.007022,0.004604,0.004364,0.000005,0.880785,0.002834,0.097466,7,
0.027167,0.000007,0.000211,0.147121,0.026497,0.158690,0.000088,0.253511,0.119589,0.267120,7,
0.088847,0.000003,0.382055,0.039461,0.058936,0.032538,0.338181,0.000008,0.056094,0.003876,2,
0.001218,0.821917,0.012042,0.010015,0.077497,0.003661,0.021537,0.008371,0.004323,0.039419,1,
0.068358,0.000047,0.004806,0.211383,0.090772,0.192670,0.002760,0.039083,0.184915,0.205206,8,
0.112991,0.000016,0.013806,0.215828,0.099851,0.204644,0.008066,0.008430,0.219652,0.116717,5,
0.012827,0.000955,0.000727,0.104234,0.060319,0.077640,0.000479,0.341831,0.063472,0.337515,7,
0.139135,0.000004,0.012929,0.212238,0.077873,0.220517,0.006872,0.004635,0.240062,0.085736,4,
0.001572,0.003672,0.000075,0.026067,0.018704,0.016752,0.000055,0.715692,0.012157,0.205254,7,
0.001426,0.000346,0.324381,0.000907,0.011532,0.000398,0.659986,0.000000,0.000864,0.000161,2,
0.004378,0.033565,0.000942,0.055097,0.074812,0.030769,0.000872,0.450122,0.025918,0.323524,7,
0.025402,0.010908,0.248764,0.051560,0.220434,0.026384,0.342343,0.000731,0.038409,0.035066,6,
0.108149,0.000000,0.465591,0.016805,0.016147,0.017818,0.339086,0.000000,0.035962,0.000442,2,
0.013143,0.208908,0.039831,0.078549,0.293725,0.036458,0.053440,0.035687,0.041500,0.198757,1,
0.000407,0.898149,0.002202,0.005134,0.035132,0.001840,0.003796,0.017569,0.001952,0.033817,1,
0.161645,0.000000,0.000524,0.178183,0.010598,0.317333,0.000137,0.003755,0.285232,0.042593,0,
0.241658,0.000000,0.041169,0.167956,0.060002,0.193838,0.021249,0.000314,0.247965,0.025848,8,
0.194816,0.000000,0.394804,0.031503,0.021096,0.036692,0.250493,0.000000,0.069748,0.000848,2,
0.025002,0.000340,0.001361,0.148994,0.074146,0.120211,0.000840,0.199987,0.102657,0.326462,5,
0.071291,0.000043,0.005216,0.212801,0.091853,0.194542,0.002999,0.035112,0.188241,0.197902,4,
0.038369,0.000367,0.003537,0.179273,0.104903,0.142611,0.002311,0.102593,0.131172,0.294864,9,
0.316251,0.000000,0.002651,0.127161,0.007972,0.253049,0.000691,0.000109,0.283249,0.008867,0,
0.000302,0.002358,0.000008,0.007710,0.004905,0.004854,0.000006,0.874657,0.003163,0.102036,7,
0.209749,0.000000,0.005021,0.181416,0.026562,0.260161,0.001849,0.001095,0.279846,0.034302,0,
0.430794,0.000000,0.031477,0.100018,0.014739,0.168615,0.011254,0.000010,0.239317,0.003777,0,
0.007497,0.028847,0.001971,0.077381,0.106872,0.044085,0.001827,0.335900,0.038808,0.356812,8,
0.000518,0.002311,0.000015,0.011478,0.007248,0.007369,0.000011,0.838426,0.004942,0.127683,7,
0.081571,0.000258,0.026973,0.201430,0.171028,0.156641,0.020028,0.012694,0.173726,0.155652,9,
0.051891,0.000946,0.014377,0.189814,0.173993,0.137650,0.011100,0.039465,0.142113,0.238652,4,
0.013717,0.004966,0.319618,0.020176,0.116338,0.009900,0.489660,0.000088,0.016095,0.009442,2,
0.013205,0.002475,0.336063,0.016635,0.093940,0.008370,0.508823,0.000045,0.014015,0.006430,2,
0.149265,0.000000,0.002082,0.201048,0.027051,0.279255,0.000750,0.005112,0.270410,0.065027,0,
0.115629,0.000000,0.000991,0.206798,0.024556,0.286951,0.000343,0.013720,0.257162,0.093851,5,
0.000465,0.908110,0.009208,0.003714,0.040198,0.001243,0.018725,0.002359,0.001549,0.014430,1,
0.004747,0.513279,0.016815,0.038807,0.179011,0.016356,0.024643,0.042122,0.017963,0.146256,1,
0.206220,0.000001,0.025250,0.186609,0.063123,0.211555,0.012844,0.000825,0.254044,0.039531,3,
0.001126,0.831902,0.012987,0.008950,0.073737,0.003229,0.023774,0.006494,0.003875,0.033928,1,
0.004221,0.009026,0.000442,0.052967,0.050071,0.032675,0.000356,0.521860,0.026152,0.302230,7,
0.006415,0.011647,0.311920,0.010035,0.085863,0.004386,0.557039,0.000043,0.007446,0.005205,2,
0.380639,0.000000,0.004466,0.108285,0.006947,0.223543,0.001165,0.000031,0.269975,0.004950,8,
0.000652,0.001170,0.000014,0.013326,0.007076,0.009063,0.000009,0.829964,0.006030,0.132695,7,
0.000538,0.008609,0.269702,0.000584,0.013809,0.000202,0.705919,0.000000,0.000428,0.000208,2,
0.000188,0.950491,0.001969,0.002221,0.020636,0.000738,0.003811,0.005283,0.000829,0.013834,1,
0.587539,0.000000,0.026948,0.055371,0.004422,0.123504,0.007448,0.000000,0.194102,0.000664,0,
0.058099,0.000340,0.010117,0.199858,0.141439,0.156772,0.007060,0.039407,0.158012,0.228896,9,
0.008752,0.051535,0.003650,0.083974,0.141740,0.045697,0.003648,0.259918,0.042036,0.359051,9,
0.009120,0.000083,0.000123,0.080246,0.023332,0.071466,0.000062,0.490477,0.052079,0.273013,3,
0.009217,0.000488,0.000306,0.083917,0.038952,0.065467,0.000186,0.443264,0.050638,0.307564,9,
0.029832,0.000000,0.505586,0.003141,0.005094,0.003029,0.446117,0.000000,0.007148,0.000053,6,
0.200805,0.000003,0.098020,0.155103,0.098198,0.151035,0.063210,0.000297,0.205061,0.028270,3,
0.095314,0.000019,0.008062,0.218353,0.090683,0.208486,0.004539,0.016011,0.212097,0.146435,4,
0.125976,0.000000,0.001303,0.205916,0.025866,0.284522,0.000459,0.009987,0.261948,0.084023,5,
0.003965,0.000448,0.000089,0.047519,0.020362,0.036619,0.000053,0.621958,0.026432,0.242556,7,
0.002573,0.000292,0.000041,0.034661,0.013112,0.027240,0.000023,0.700813,0.018847,0.202398,7,
0.011550,0.000469,0.000424,0.096689,0.045548,0.075915,0.000258,0.389180,0.059890,0.320078,3,
0.001273,0.407558,0.000951,0.021522,0.061751,0.009438,0.001181,0.296803,0.008314,0.191209,7,
0.254288,0.000000,0.000301,0.125740,0.003224,0.311553,0.000056,0.000336,0.293885,0.010615,5,
0.028378,0.000587,0.342166,0.030144,0.108941,0.017506,0.434546,0.000061,0.028507,0.009165,2,
0.001263,0.229728,0.000549,0.022970,0.051814,0.010663,0.000623,0.453983,0.008937,0.219471,9,
0.000555,0.001359,0.000013,0.011887,0.006558,0.007953,0.000008,0.840675,0.005268,0.125722,7,
0.070466,0.001006,0.050082,0.179605,0.226809,0.124783,0.043354,0.010084,0.145494,0.148318,8,
0.276075,0.000000,0.408179,0.017936,0.006988,0.027141,0.205691,0.000000,0.057837,0.000152,6,
0.058601,0.000001,0.432219,0.020194,0.035528,0.016431,0.404970,0.000002,0.030584,0.001470,2,
0.000265,0.002647,0.000007,0.007022,0.004604,0.004364,0.000005,0.880785,0.002834,0.097466,7,
0.013095,0.009075,0.305552,0.021788,0.132413,0.010379,0.479093,0.000137,0.016565,0.011903,6,
0.028568,0.000007,0.000217,0.150656,0.026552,0.164009,0.000090,0.241617,0.123906,0.264378,7,
0.025887,0.000014,0.000268,0.145185,0.030671,0.149252,0.000119,0.256150,0.114226,0.278228,5,
0.000701,0.875157,0.005859,0.006853,0.052437,0.002459,0.010478,0.009935,0.002796,0.033326,1,
0.014398,0.197504,0.070668,0.071221,0.313223,0.032373,0.100456,0.016354,0.039242,0.144561,4,
0.001233,0.001168,0.000032,0.021211,0.011296,0.014723,0.000021,0.768969,0.010161,0.171187,7,
0.000410,0.007740,0.000020,0.009996,0.008597,0.005827,0.000016,0.835578,0.004002,0.127815,7,
0.048928,0.006150,0.114405,0.126803,0.292978,0.074505,0.124993,0.005408,0.094368,0.111463,4,
0.481908,0.000000,0.054866,0.079755,0.012732,0.137194,0.020065,0.000003,0.211477,0.002000,3,
0.175978,0.000007,0.087648,0.166027,0.115500,0.153683,0.058891,0.000566,0.202778,0.038921,0,
0.383443,0.000000,0.237618,0.048606,0.016220,0.070620,0.114655,0.000000,0.127913,0.000926,2,
0.142194,0.000004,0.014243,0.211067,0.079496,0.218474,0.007642,0.004171,0.240100,0.082610,8,
0.026605,0.000054,0.394611,0.016937,0.054753,0.010808,0.474207,0.000007,0.019289,0.002729,2,
0.355731,0.000000,0.036373,0.125725,0.026165,0.183011,0.015003,0.000038,0.249817,0.008137,5,
0.005173,0.016727,0.000821,0.061132,0.069403,0.036136,0.000708,0.451600,0.030065,0.328234,4,
0.000446,0.902535,0.003122,0.005074,0.037849,0.001799,0.005549,0.012002,0.001974,0.029649,1,
0.172207,0.000007,0.063829,0.179210,0.112031,0.168745,0.041257,0.000881,0.214808,0.047024,3,
0.000532,0.014999,0.000039,0.012321,0.012567,0.006898,0.000033,0.798072,0.004908,0.149631,7,
0.313347,0.000000,0.197276,0.080639,0.036534,0.098666,0.108917,0.000006,0.160881,0.003735,8,
0.013588,0.007080,0.002397,0.109470,0.111538,0.069908,0.001965,0.257165,0.062072,0.364818,9,
0.158141,0.000001,0.012395,0.206880,0.065336,0.228284,0.006195,0.003023,0.251230,0.068514,0,
0.000265,0.002647,0.000007,0.007022,0.004604,0.004364,0.000005,0.880785,0.002834,0.097466,7,
0.230091,0.000000,0.028807,0.176417,0.056283,0.207463,0.014270,0.000478,0.255809,0.030381,5,
0.053381,0.002399,0.189384,0.098942,0.244711,0.059490,0.210686,0.001418,0.081636,0.057952,0,
0.036403,0.015099,0.048014,0.143406,0.296535,0.082455,0.050777,0.024225,0.094138,0.208948,5,
0.003233,0.104965,0.001190,0.044760,0.082828,0.022692,0.001244,0.417591,0.019581,0.301915,7,
0.163464,0.000000,0.004551,0.201662,0.036978,0.260159,0.001843,0.003290,0.268206,0.059847,5,
0.013138,0.003517,0.001527,0.107174,0.089053,0.072262,0.001158,0.292446,0.062158,0.357568,8,
0.204326,0.000002,0.073940,0.165930,0.092339,0.166352,0.045429,0.000399,0.219412,0.031871,8,
0.169835,0.000003,0.028061,0.197883,0.086514,0.202639,0.015850,0.001685,0.239362,0.058168,0,
0.179098,0.000000,0.003974,0.193644,0.029980,0.265996,0.001503,0.002287,0.275200,0.048319,0,
0.072831,0.001067,0.129431,0.137344,0.241933,0.090431,0.126421,0.002497,0.117798,0.080246,5,
0.052569,0.000050,0.002428,0.199149,0.075445,0.183178,0.001335,0.074598,0.165476,0.245773,4,
0.309200,0.000000,0.004037,0.134553,0.010889,0.247226,0.001164,0.000129,0.282280,0.010522,0,
0.001294,0.001124,0.000033,0.021944,0.011578,0.015298,0.000021,0.764237,0.010575,0.173896,7,
0.002881,0.644311,0.050159,0.015890,0.138037,0.005913,0.092887,0.003554,0.007721,0.038647,1,
0.043038,0.007968,0.047402,0.154412,0.280458,0.093071,0.047583,0.020858,0.106376,0.198833,0,
0.029214,0.000006,0.000220,0.152226,0.026568,0.166410,0.000091,0.236348,0.125861,0.263056,5,
0.157854,0.000000,0.000875,0.186987,0.015009,0.304026,0.000258,0.004200,0.280943,0.049847,3,
0.204077,0.000001,0.024924,0.187509,0.063754,0.211875,0.012707,0.000867,0.253800,0.040486,9,
0.168022,0.000000,0.002263,0.193317,0.023918,0.280197,0.000786,0.003135,0.277115,0.051247,5,
0.009820,0.000000,0.500895,0.000547,0.001179,0.000528,0.485544,0.000000,0.001483,0.000004,6,
0.033349,0.000006,0.000285,0.162542,0.029404,0.177419,0.000119,0.200635,0.136782,0.259458,9,
0.490983,0.000000,0.001243,0.064937,0.001399,0.198808,0.000209,0.000003,0.241341,0.001076,0,
0.002339,0.691854,0.010591,0.021337,0.116580,0.008469,0.016610,0.029833,0.009311,0.093076,1,
0.010077,0.000000,0.514269,0.000421,0.000805,0.000436,0.472712,0.000000,0.001278,0.000002,2,
0.002314,0.005158,0.000147,0.034589,0.027387,0.021918,0.000111,0.650314,0.016486,0.241576,9,
0.000569,0.894570,0.010194,0.004509,0.046261,0.001532,0.020304,0.002875,0.001899,0.017286,1,
0.227420,0.000000,0.372397,0.034336,0.020075,0.041863,0.223884,0.000000,0.079184,0.000842,2,
0.101284,0.000107,0.033888,0.202057,0.157768,0.165099,0.024239,0.006814,0.189224,0.119521,9,
0.126102,0.000000,0.515861,0.007590,0.004770,0.010171,0.311864,0.000000,0.023582,0.000061,6,
0.038759,0.013629,0.128327,0.108796,0.309487,0.059788,0.152173,0.005328,0.076713,0.107000,4,
0.224951,0.000000,0.001981,0.164033,0.013539,0.281132,0.000583,0.000790,0.288813,0.024178,9,
0.393786,0.000000,0.003896,0.102508,0.005816,0.221286,0.000968,0.000024,0.267549,0.004167,3,
0.092012,0.000143,0.027886,0.204272,0.158756,0.164916,0.019961,0.009665,0.184692,0.137698,3,
0.238537,0.000000,0.020247,0.174742,0.045006,0.219144,0.009226,0.000461,0.264600,0.028037,4,
0.038707,0.006481,0.025070,0.162675,0.241985,0.101547,0.023395,0.040258,0.109114,0.250768,4,
0.007561,0.000077,0.000090,0.070748,0.019891,0.063105,0.000045,0.534358,0.045178,0.258945,9,
0.507974,0.000000,0.005196,0.070506,0.003122,0.176142,0.001155,0.000003,0.234599,0.001304,8,
0.005731,0.323688,0.008622,0.055103,0.177147,0.025127,0.011041,0.121139,0.025330,0.247073,7,
0.223945,0.000000,0.007826,0.178344,0.030489,0.247654,0.003052,0.000764,0.277119,0.030807,5,
0.059421,0.002679,0.069570,0.159595,0.264619,0.102242,0.066959,0.009115,0.122583,0.143215,4,
0.074063,0.000061,0.007214,0.213039,0.104499,0.188922,0.004353,0.029195,0.187626,0.191028,0,
0.025232,0.004687,0.006367,0.148190,0.158184,0.097181,0.005272,0.125687,0.092828,0.336372,5,
0.080821,0.000054,0.008842,0.214731,0.107981,0.191006,0.005377,0.022619,0.193573,0.174995,3,
0.063825,0.001536,0.048049,0.176265,0.236972,0.119185,0.042691,0.012310,0.137872,0.161295,4,
0.280218,0.000000,0.000286,0.114598,0.002517,0.303311,0.000050,0.000183,0.291252,0.007584,5,
0.019100,0.112773,0.097609,0.079384,0.331106,0.037411,0.135384,0.010852,0.046685,0.129696,9,
0.190157,0.000000,0.001278,0.175625,0.013981,0.295196,0.000373,0.001812,0.287085,0.034493,0,
0.000360,0.905043,0.001932,0.004662,0.032157,0.001662,0.003342,0.017315,0.001755,0.031774,1,
0.015774,0.006027,0.309401,0.024829,0.135126,0.012275,0.464342,0.000139,0.019511,0.012576,6,
0.021569,0.001326,0.335274,0.025908,0.111992,0.014109,0.457510,0.000070,0.022969,0.009272,6,
0.201133,0.000000,0.000332,0.151475,0.005471,0.324275,0.000071,0.001263,0.294050,0.021929,8,
0.000403,0.007388,0.000019,0.009847,0.008369,0.005756,0.000015,0.837891,0.003944,0.126367,9,
0.000198,0.947879,0.001968,0.002366,0.021446,0.000791,0.003775,0.005843,0.000884,0.014851,1,
0.023536,0.015718,0.240014,0.051269,0.230428,0.025652,0.337290,0.000883,0.037058,0.038153,2,
0.092045,0.000314,0.145801,0.136628,0.205428,0.096786,0.133222,0.001276,0.129615,0.058885,5,
0.140340,0.000023,0.177175,0.125581,0.136208,0.103606,0.141041,0.000285,0.147283,0.028458,4,
0.003671,0.000195,0.000053,0.044079,0.015185,0.036052,0.000029,0.653378,0.025214,0.222144,7,
0.415030,0.000000,0.051920,0.101469,0.020010,0.156925,0.020791,0.000010,0.229680,0.004165,0,
0.050968,0.004761,0.133888,0.120066,0.282516,0.071033,0.146968,0.003756,0.092032,0.094013,4,
0.101748,0.000001,0.001468,0.213685,0.035251,0.265608,0.000578,0.019658,0.241197,0.120806,0,
0.047414,0.000000,0.472747,0.009814,0.016209,0.008656,0.427007,0.000000,0.017773,0.000381,6,
0.770824,0.000000,0.002574,0.017835,0.000212,0.079816,0.000331,0.000000,0.128376,0.000034,0,
0.058638,0.002976,0.111256,0.137091,0.273151,0.084967,0.114537,0.004583,0.107672,0.105128,2,
0.387452,0.000000,0.022270,0.115464,0.016756,0.189499,0.007964,0.000025,0.254657,0.005913,0,
0.150458,0.000009,0.032777,0.200374,0.106448,0.191318,0.020020,0.002337,0.225932,0.070327,4,
0.021263,0.000005,0.429270,0.008198,0.025052,0.005655,0.498722,0.000001,0.011123,0.000712,2,
0.036659,0.007144,0.209881,0.076584,0.253202,0.041899,0.261824,0.001366,0.058442,0.052998,6,
0.000347,0.927111,0.004416,0.003409,0.032259,0.001153,0.008570,0.004468,0.001350,0.016918,1,
0.011438,0.000020,0.406156,0.005269,0.023029,0.003222,0.543856,0.000001,0.006427,0.000583,6,
0.064189,0.001123,0.189491,0.105697,0.226827,0.067050,0.199034,0.001128,0.092435,0.053026,0,
0.069334,0.000381,0.019507,0.200753,0.168075,0.153645,0.014462,0.021024,0.164470,0.188349,3,
0.034963,0.020621,0.115961,0.108243,0.321144,0.058091,0.140084,0.007051,0.073456,0.120385,0,
0.005120,0.006641,0.000496,0.059956,0.052941,0.038011,0.000388,0.493077,0.030569,0.312800,5,
0.000265,0.002647,0.000007,0.007022,0.004604,0.004364,0.000005,0.880785,0.002834,0.097466,7,
0.000073,0.976528,0.001940,0.000758,0.010669,0.000228,0.004392,0.000969,0.000279,0.004165,1,
0.064895,0.000000,0.000322,0.198276,0.022405,0.260924,0.000110,0.072754,0.207478,0.172837,5,
0.076816,0.000605,0.044840,0.186675,0.209345,0.134780,0.037041,0.009621,0.156064,0.144213,0,
0.078203,0.000000,0.000340,0.202183,0.019940,0.281964,0.000110,0.047239,0.227749,0.142271,5,
0.152881,0.000001,0.008078,0.208514,0.054994,0.240481,0.003771,0.003830,0.255681,0.071769,0,
0.009143,0.023911,0.002448,0.087140,0.117458,0.050475,0.002244,0.298340,0.045027,0.363814,9,
0.000378,0.006323,0.000017,0.009363,0.007648,0.005525,0.000013,0.845376,0.003754,0.121602,7,
0.000495,0.906545,0.006783,0.004412,0.041614,0.001512,0.013118,0.004274,0.001806,0.019443,1,
0.528681,0.000000,0.215364,0.024745,0.004401,0.048352,0.079632,0.000000,0.098691,0.000133,5,
0.279049,0.000000,0.000367,0.118172,0.002992,0.299538,0.000068,0.000196,0.291376,0.008243,0,
0.005121,0.297535,0.006119,0.053466,0.158527,0.024673,0.007611,0.159089,0.024164,0.263696,1,
0.001327,0.811198,0.013581,0.010589,0.082300,0.003880,0.024312,0.008027,0.004615,0.040170,1,
0.071790,0.000000,0.000332,0.200903,0.021135,0.272572,0.000111,0.058145,0.218533,0.156481,5,
0.121062,0.000057,0.050046,0.193320,0.152835,0.161841,0.035774,0.003217,0.194714,0.087133,5,
0.107234,0.000008,0.007259,0.218870,0.077435,0.221519,0.003831,0.012176,0.225665,0.126003,0,
0.132956,0.000010,0.258815,0.088754,0.105739,0.074012,0.212097,0.000076,0.113404,0.014137,4,
0.313586,0.000000,0.003200,0.130295,0.009141,0.250396,0.000872,0.000117,0.282860,0.009532,8,
0.106961,0.000000,0.517676,0.007389,0.005354,0.009362,0.331669,0.000000,0.021519,0.000071,6,
0.018044,0.000365,0.000776,0.125454,0.059183,0.100761,0.000471,0.281457,0.082671,0.330820,7,
0.012525,0.000465,0.000479,0.101620,0.048264,0.079919,0.000293,0.368991,0.063540,0.323904,9,
0.275361,0.000000,0.041231,0.155136,0.047559,0.191645,0.019963,0.000163,0.250679,0.018264,6,
