0, 1, 2, 3, 4, 5, 6, 7, 8, 9, True
0.001330,0.944081,0.022970,0.012444,0.006416,0.002792,0.002244,0.003536,0.001844,0.002343,1,
0.000034,0.990403,0.001171,0.000864,0.001992,0.000589,0.000376,0.003377,0.000114,0.001080,1,
0.100570,0.001739,0.018262,0.026233,0.258568,0.199095,0.021657,0.025674,0.155252,0.192949,5,
0.038726,0.000221,0.000863,0.026700,0.015168,0.134211,0.000325,0.066961,0.375782,0.341044,8,
0.060605,0.001855,0.051233,0.046351,0.563033,0.114919,0.024412,0.003712,0.011912,0.121967,4,
0.074838,0.000796,0.330196,0.010146,0.167028,0.009387,0.357970,0.003313,0.030333,0.015994,6,
0.000038,0.000001,0.001222,0.000012,0.000467,0.000419,0.997715,0.000001,0.000065,0.000060,6,
0.000201,0.000858,0.001125,0.017252,0.011977,0.001503,0.000055,0.847741,0.002268,0.117020,7,
0.001088,0.885646,0.018179,0.018171,0.014043,0.001608,0.000309,0.034557,0.003962,0.022437,1,
0.007248,0.001365,0.012406,0.020524,0.179394,0.006095,0.001354,0.042528,0.028917,0.700169,4,
0.166136,0.008456,0.117133,0.008871,0.420974,0.146651,0.009311,0.015422,0.009049,0.097998,5,
0.040945,0.001880,0.352066,0.333898,0.037928,0.013412,0.033551,0.011406,0.144726,0.030188,7,
0.002182,0.098380,0.004965,0.021293,0.187756,0.037657,0.001799,0.511745,0.004705,0.129517,9,
0.000448,0.000059,0.008645,0.000289,0.004673,0.003862,0.981302,0.000026,0.000330,0.000366,6,
0.000404,0.010697,0.002116,0.014092,0.016102,0.002299,0.000082,0.867688,0.000942,0.085579,7,
0.102061,0.004053,0.051508,0.002461,0.582610,0.099750,0.026797,0.011935,0.034502,0.084322,5,
0.061833,0.000009,0.001079,0.000454,0.000109,0.007278,0.000721,0.000005,0.928117,0.000394,0,
0.000602,0.001435,0.119137,0.001480,0.008154,0.001710,0.866722,0.000193,0.000377,0.000189,6,
0.391547,0.000464,0.172436,0.367300,0.003265,0.022081,0.015616,0.005275,0.020303,0.001714,2,
0.000237,0.001582,0.020119,0.970418,0.000086,0.000720,0.000018,0.005312,0.001240,0.000268,3,
0.055061,0.002498,0.122834,0.091335,0.003860,0.210471,0.011079,0.000618,0.497237,0.005006,8,
0.062415,0.000180,0.020758,0.087589,0.003079,0.038624,0.001844,0.000905,0.769194,0.015413,8,
0.112522,0.000924,0.059492,0.463115,0.011018,0.187026,0.007538,0.003095,0.132044,0.023227,3,
0.005071,0.015581,0.809081,0.134832,0.008421,0.001658,0.015068,0.007477,0.001940,0.000871,2,
0.008163,0.047126,0.009148,0.015549,0.400762,0.117118,0.004154,0.124087,0.033359,0.240534,4,
0.178631,0.006269,0.019548,0.372145,0.008174,0.317728,0.006887,0.012083,0.065192,0.013342,3,
0.013485,0.002258,0.716978,0.000277,0.084749,0.000657,0.179077,0.000523,0.000779,0.001217,2,
0.016911,0.000539,0.008109,0.000296,0.230612,0.022269,0.709678,0.001412,0.002718,0.007456,6,
0.189804,0.000259,0.007368,0.003787,0.027136,0.276148,0.019551,0.000995,0.437867,0.037084,8,
0.004705,0.004687,0.605180,0.316206,0.001242,0.028407,0.015141,0.000819,0.022834,0.000780,3,
0.000042,0.000012,0.990469,0.000251,0.000091,0.000043,0.009007,0.000000,0.000083,0.000002,2,
0.019972,0.006354,0.494600,0.020380,0.186096,0.006877,0.206150,0.044663,0.002981,0.011927,2,
0.011134,0.001616,0.012037,0.047695,0.145078,0.025350,0.001668,0.049321,0.043932,0.662170,7,
0.027088,0.009225,0.125913,0.042754,0.542142,0.019462,0.041176,0.033526,0.025298,0.133416,7,
0.253825,0.004382,0.024461,0.001793,0.042183,0.502500,0.006292,0.010815,0.138070,0.015680,5,
0.010712,0.021520,0.122182,0.658960,0.004680,0.106434,0.006396,0.003760,0.060408,0.004949,2,
0.000360,0.000001,0.002318,0.994848,0.000000,0.002221,0.000002,0.000033,0.000215,0.000001,3,
0.427781,0.001322,0.023815,0.002267,0.152729,0.308479,0.015351,0.005465,0.037826,0.024966,5,
0.024602,0.000018,0.012484,0.018285,0.000113,0.011835,0.001097,0.000025,0.931191,0.000351,8,
0.010626,0.011553,0.009790,0.003596,0.353774,0.015589,0.004497,0.029462,0.027656,0.533455,9,
0.074363,0.000682,0.006005,0.040092,0.021317,0.084065,0.001190,0.025304,0.540667,0.206316,0,
0.005761,0.000061,0.252098,0.000263,0.008678,0.001047,0.730748,0.000021,0.001184,0.000137,4,
0.002911,0.000311,0.037429,0.928756,0.000563,0.023551,0.000437,0.001003,0.004544,0.000496,3,
0.000624,0.001610,0.000681,0.024121,0.012499,0.012064,0.000052,0.804172,0.005171,0.139007,7,
0.016544,0.019455,0.034729,0.026639,0.485733,0.045379,0.015583,0.018499,0.063008,0.274430,9,
0.078817,0.001501,0.037957,0.023791,0.228741,0.046410,0.017193,0.007196,0.224293,0.334100,0,
0.037959,0.007832,0.026794,0.416897,0.012095,0.027842,0.001150,0.186027,0.065812,0.217590,3,
0.002396,0.970140,0.007834,0.003836,0.001293,0.001743,0.000365,0.004474,0.005112,0.002807,1,
0.065701,0.000568,0.010522,0.041154,0.019760,0.693829,0.034075,0.001662,0.124321,0.008407,5,
0.001112,0.000045,0.382221,0.596938,0.000075,0.000439,0.000577,0.000060,0.018498,0.000033,3,
0.535605,0.000148,0.009196,0.009633,0.001818,0.183038,0.000830,0.001454,0.251714,0.006564,0,
0.006257,0.000039,0.895962,0.001052,0.001401,0.000278,0.094583,0.000030,0.000369,0.000027,2,
0.159083,0.002591,0.080626,0.016283,0.219345,0.040687,0.066321,0.006752,0.249081,0.159231,8,
0.088503,0.000206,0.001859,0.037590,0.020780,0.058277,0.000412,0.299571,0.038673,0.454129,5,
0.000192,0.000125,0.001459,0.069156,0.002133,0.000455,0.000019,0.905898,0.000690,0.019874,7,
0.011162,0.002964,0.003144,0.073532,0.038058,0.077408,0.000601,0.360046,0.081783,0.351302,4,
0.446473,0.000894,0.002018,0.020953,0.002031,0.478411,0.000927,0.005447,0.034886,0.007960,0,
0.001121,0.000065,0.068364,0.000450,0.003507,0.001147,0.924980,0.000301,0.000034,0.000031,6,
0.028419,0.001261,0.137857,0.018696,0.390155,0.013059,0.345748,0.007163,0.012531,0.045111,6,
0.154105,0.001558,0.019335,0.027890,0.070524,0.142469,0.005173,0.028304,0.329449,0.221193,9,
0.019376,0.001849,0.007578,0.461472,0.004850,0.025678,0.000376,0.319481,0.054499,0.104841,3,
0.131032,0.000916,0.003103,0.011678,0.001697,0.331745,0.000881,0.002073,0.510004,0.006872,2,
0.009138,0.000100,0.012916,0.000157,0.613198,0.002751,0.346285,0.004443,0.000467,0.010545,2,
0.054904,0.001299,0.012331,0.303939,0.013335,0.267581,0.001226,0.035785,0.212102,0.097498,5,
0.000880,0.012066,0.006476,0.028865,0.157521,0.005064,0.000741,0.661907,0.002282,0.124198,4,
0.009798,0.000596,0.073413,0.801307,0.002055,0.010062,0.000674,0.004293,0.091738,0.006064,3,
0.006562,0.050815,0.673610,0.227897,0.007735,0.003850,0.005603,0.018029,0.003775,0.002125,2,
0.008338,0.002439,0.005694,0.018725,0.586852,0.065642,0.020728,0.132764,0.009895,0.148923,4,
0.039393,0.000407,0.006235,0.017059,0.178008,0.023284,0.004178,0.022393,0.107264,0.601781,0,
0.003732,0.004927,0.265420,0.659528,0.020020,0.003981,0.006191,0.012257,0.015722,0.008223,3,
0.000589,0.001633,0.026601,0.955709,0.000585,0.003810,0.000244,0.008273,0.001931,0.000625,3,
0.001118,0.000274,0.001059,0.116191,0.012494,0.018456,0.000089,0.688070,0.010909,0.151340,7,
0.166222,0.001906,0.078712,0.238094,0.028096,0.081007,0.003702,0.048324,0.274267,0.079670,0,
0.015917,0.004622,0.142659,0.014846,0.274655,0.013061,0.475220,0.004806,0.021042,0.033172,4,
0.001584,0.002549,0.902704,0.011426,0.003340,0.001052,0.075418,0.000041,0.001709,0.000176,2,
0.008980,0.894194,0.045562,0.002898,0.017264,0.003560,0.007704,0.002915,0.009884,0.007039,1,
0.000034,0.994814,0.001599,0.001606,0.000345,0.000243,0.000086,0.000895,0.000106,0.000271,1,
0.002664,0.000885,0.060336,0.001434,0.047434,0.004790,0.877791,0.000438,0.001703,0.002525,6,
0.069270,0.291897,0.101494,0.034213,0.124441,0.069183,0.011171,0.119551,0.089731,0.089049,7,
0.002773,0.000598,0.837388,0.000887,0.005998,0.000638,0.145577,0.000037,0.005561,0.000542,2,
0.000412,0.000329,0.987403,0.002263,0.000193,0.000089,0.009256,0.000005,0.000044,0.000007,2,
0.007540,0.000195,0.000880,0.002194,0.168497,0.023668,0.001946,0.011460,0.036766,0.746853,7,
0.032941,0.000962,0.053812,0.276485,0.005530,0.117610,0.003607,0.001903,0.497929,0.009221,8,
0.118120,0.001519,0.113075,0.184460,0.015311,0.125324,0.032850,0.002494,0.381442,0.025406,8,
0.080732,0.005198,0.620338,0.011154,0.158864,0.067059,0.030369,0.005084,0.006672,0.014530,2,
0.286682,0.001111,0.008117,0.018103,0.054795,0.509323,0.004436,0.025450,0.052295,0.039687,5,
0.956594,0.000135,0.008909,0.018135,0.000135,0.015315,0.000107,0.000240,0.000279,0.000152,0,
0.000167,0.000528,0.001515,0.024402,0.008192,0.000611,0.000039,0.864002,0.001685,0.098859,7,
0.000004,0.995395,0.000437,0.000416,0.000456,0.000069,0.000021,0.002932,0.000015,0.000256,1,
0.798385,0.000101,0.013134,0.002059,0.005040,0.087468,0.032389,0.000448,0.059734,0.001241,0,
0.019627,0.001558,0.027626,0.077370,0.331543,0.041715,0.005470,0.053745,0.140168,0.301178,4,
0.012303,0.001982,0.038248,0.037194,0.517426,0.016853,0.012079,0.099475,0.004026,0.260414,4,
0.052961,0.000674,0.395228,0.039481,0.010193,0.012089,0.300779,0.000760,0.183961,0.003874,8,
0.013638,0.000937,0.311412,0.651016,0.000603,0.016927,0.001612,0.000094,0.003338,0.000423,3,
0.002279,0.010917,0.005044,0.031881,0.107486,0.029734,0.000464,0.469720,0.008501,0.333974,7,
0.020987,0.035880,0.010569,0.058319,0.004018,0.838006,0.001607,0.011023,0.015261,0.004330,5,
0.006235,0.006632,0.006125,0.053142,0.159801,0.097778,0.003293,0.289838,0.032688,0.344468,9,
0.000788,0.023470,0.002775,0.030365,0.028849,0.011517,0.000237,0.802025,0.003102,0.096872,7,
0.000157,0.930643,0.013254,0.025698,0.009954,0.002270,0.001689,0.013866,0.000336,0.002133,1,
0.060067,0.000845,0.017622,0.038056,0.002542,0.754772,0.025333,0.000604,0.098770,0.001389,5,
0.006719,0.000173,0.010858,0.000479,0.010104,0.029062,0.932102,0.000104,0.009013,0.001387,6,
0.035221,0.001940,0.168535,0.004366,0.214294,0.010028,0.501084,0.002128,0.023339,0.039065,0,
0.000860,0.011636,0.924013,0.025719,0.007630,0.000412,0.024589,0.004337,0.000244,0.000562,2,
0.004547,0.331127,0.010546,0.024905,0.104222,0.037592,0.004089,0.387006,0.005215,0.090749,4,
0.076391,0.000213,0.002204,0.018493,0.003819,0.015304,0.000264,0.010537,0.628191,0.244585,8,
0.000855,0.539741,0.014428,0.091596,0.012008,0.003279,0.000612,0.326109,0.000982,0.010389,7,
0.000365,0.944699,0.007448,0.011952,0.008890,0.003535,0.000504,0.014644,0.001590,0.006372,1,
0.028556,0.000989,0.062228,0.003287,0.019527,0.061189,0.788914,0.000323,0.032554,0.002431,6,
0.017017,0.008130,0.805286,0.102658,0.000716,0.014095,0.010596,0.000513,0.040358,0.000631,2,
0.004280,0.000023,0.122730,0.000135,0.018800,0.000939,0.852541,0.000096,0.000309,0.000146,6,
0.126259,0.000752,0.001249,0.015912,0.007393,0.688732,0.001104,0.016211,0.102586,0.039802,5,
0.006259,0.000158,0.001489,0.022926,0.042131,0.009989,0.000132,0.425791,0.007448,0.483677,3,
0.009769,0.000220,0.001299,0.029528,0.019855,0.028280,0.000129,0.583472,0.024385,0.303063,7,
0.062970,0.000564,0.045041,0.014246,0.554839,0.235683,0.047232,0.006802,0.013308,0.019315,4,
0.162177,0.001235,0.090375,0.026927,0.402864,0.030084,0.154337,0.012873,0.035536,0.083591,4,
0.000001,0.997667,0.001384,0.000179,0.000071,0.000150,0.000311,0.000104,0.000073,0.000060,1,
0.048685,0.002667,0.198349,0.028596,0.007766,0.051451,0.053998,0.001416,0.600726,0.006345,8,
0.104832,0.000005,0.003060,0.005370,0.000222,0.004370,0.000214,0.000082,0.877822,0.004023,0,
0.001189,0.001923,0.088671,0.883505,0.001595,0.010194,0.004641,0.004396,0.003457,0.000429,3,
0.340500,0.000496,0.002860,0.025860,0.004823,0.586306,0.000427,0.024408,0.003822,0.010499,0,
0.001931,0.000046,0.956673,0.004783,0.000119,0.000095,0.036231,0.000015,0.000101,0.000006,2,
0.256347,0.002069,0.002765,0.029387,0.002849,0.639228,0.001937,0.009155,0.042644,0.013619,5,
0.000731,0.000160,0.019380,0.000116,0.007091,0.001719,0.969425,0.000042,0.000597,0.000739,6,
0.003756,0.000857,0.950106,0.020610,0.003444,0.001244,0.019464,0.000105,0.000233,0.000182,2,
0.470323,0.001077,0.011263,0.004575,0.123178,0.298534,0.008056,0.009292,0.035326,0.038377,4,
0.015577,0.000731,0.701525,0.078074,0.007439,0.006855,0.185254,0.001788,0.002128,0.000630,2,
0.005022,0.000008,0.981583,0.009654,0.001002,0.000043,0.002159,0.000495,0.000010,0.000025,0,
0.243007,0.000405,0.024791,0.028702,0.321538,0.090784,0.008484,0.039761,0.016179,0.226348,7,
0.064502,0.025598,0.120971,0.186894,0.055924,0.113805,0.019175,0.012853,0.314796,0.085484,2,
0.006913,0.013414,0.017512,0.014685,0.746100,0.032772,0.034169,0.009360,0.015359,0.109715,4,
0.268631,0.001633,0.009366,0.033446,0.034449,0.605982,0.001747,0.007133,0.011070,0.026543,5,
0.000738,0.000095,0.944202,0.000270,0.002814,0.000054,0.051785,0.000017,0.000015,0.000010,2,
0.007084,0.001971,0.036983,0.001303,0.065065,0.012994,0.862798,0.000834,0.003513,0.007454,6,
0.000002,0.997624,0.000487,0.000268,0.000120,0.000602,0.000358,0.000354,0.000090,0.000095,1,
0.152740,0.000543,0.057760,0.080474,0.004819,0.144397,0.036106,0.000812,0.515679,0.006669,0,
0.019633,0.003202,0.017255,0.019469,0.278882,0.043652,0.008054,0.011579,0.108352,0.489923,9,
0.000970,0.000110,0.697659,0.000406,0.000868,0.003344,0.296510,0.000003,0.000125,0.000005,2,
0.001957,0.002662,0.947414,0.025356,0.001153,0.000457,0.008551,0.000105,0.012066,0.000279,2,
0.000153,0.000120,0.976967,0.001212,0.000181,0.000083,0.021257,0.000012,0.000012,0.000002,2,
0.019358,0.047119,0.041409,0.016278,0.347563,0.035563,0.015429,0.013955,0.078709,0.384619,4,
0.000197,0.000001,0.715448,0.000008,0.000015,0.000343,0.283951,0.000000,0.000037,0.000000,2,
0.154871,0.000925,0.071839,0.215446,0.005262,0.051373,0.010413,0.002253,0.474609,0.013009,3,
0.005817,0.000089,0.003320,0.933995,0.000047,0.025960,0.000025,0.001394,0.028322,0.001030,3,
0.009859,0.000098,0.001985,0.002919,0.073133,0.004264,0.000330,0.011673,0.023451,0.872286,9,
0.884992,0.000006,0.000536,0.000120,0.000367,0.108093,0.000433,0.000032,0.005329,0.000093,0,
0.866927,0.000083,0.006527,0.013036,0.000516,0.104861,0.000282,0.000306,0.006983,0.000479,0,
0.072765,0.001141,0.010274,0.092905,0.060142,0.432301,0.002596,0.108958,0.115331,0.103586,5,
0.002513,0.000311,0.979725,0.004888,0.003500,0.001583,0.005879,0.000041,0.000999,0.000563,2,
0.093889,0.056057,0.043882,0.061466,0.034019,0.279086,0.005305,0.279350,0.040427,0.106519,5,
0.004999,0.000509,0.755945,0.000701,0.007514,0.003770,0.225773,0.000040,0.000633,0.000116,2,
0.026854,0.001694,0.194684,0.054727,0.004607,0.077121,0.549259,0.001272,0.088131,0.001649,5,
0.006012,0.012697,0.007518,0.010135,0.395971,0.028993,0.004319,0.079448,0.018134,0.436772,9,
0.025098,0.010794,0.112901,0.018116,0.011555,0.178640,0.595035,0.000669,0.045765,0.001427,5,
0.075430,0.005130,0.028387,0.013412,0.473104,0.289451,0.056554,0.017655,0.014309,0.026569,4,
0.125531,0.000846,0.004223,0.010021,0.042183,0.429827,0.002375,0.041252,0.241697,0.102044,4,
0.000594,0.000027,0.000163,0.008430,0.002280,0.003894,0.000005,0.869226,0.003435,0.111945,7,
0.000648,0.983667,0.004956,0.000442,0.004736,0.000641,0.001717,0.001368,0.000620,0.001205,1,
0.000218,0.000018,0.871370,0.000195,0.000330,0.000026,0.127810,0.000001,0.000032,0.000002,2,
0.006907,0.001845,0.003414,0.007093,0.253604,0.189697,0.002264,0.452057,0.009357,0.073760,4,
0.506437,0.000657,0.006984,0.032332,0.000689,0.447536,0.000293,0.002100,0.002324,0.000650,0,
0.022061,0.001442,0.053168,0.004071,0.073017,0.030307,0.796931,0.001511,0.009059,0.008432,6,
0.110022,0.068769,0.101266,0.067175,0.145966,0.139150,0.070316,0.034111,0.168992,0.094233,4,
0.335709,0.015291,0.122019,0.044088,0.160775,0.120260,0.020267,0.031845,0.063433,0.086312,4,
0.019517,0.381224,0.023197,0.047951,0.052114,0.063135,0.003271,0.293950,0.024258,0.091384,4,
0.004292,0.370476,0.025475,0.262905,0.037730,0.047699,0.004387,0.215162,0.006955,0.024920,1,
0.000005,0.987060,0.000738,0.000373,0.000933,0.000054,0.000015,0.010012,0.000018,0.000793,1,
0.504999,0.002106,0.305830,0.029716,0.031481,0.048716,0.028434,0.009351,0.028945,0.010422,0,
0.012909,0.000041,0.148264,0.000346,0.005529,0.001440,0.829893,0.000109,0.001243,0.000225,6,
0.695465,0.001556,0.042463,0.005448,0.128384,0.089830,0.006458,0.009931,0.002839,0.017626,0,
0.004222,0.025583,0.013913,0.002142,0.031971,0.044280,0.868195,0.002411,0.002203,0.005080,6,
0.000790,0.055591,0.004818,0.044674,0.014644,0.004981,0.000207,0.828487,0.001471,0.044337,7,
0.001863,0.003074,0.004749,0.064803,0.146679,0.023093,0.000770,0.514175,0.011717,0.229076,9,
0.002175,0.000074,0.936523,0.000622,0.000098,0.001550,0.058917,0.000002,0.000038,0.000002,2,
0.024702,0.002492,0.042915,0.018715,0.623481,0.032182,0.077228,0.009995,0.025357,0.142932,4,
0.017516,0.000554,0.039101,0.008261,0.002301,0.012915,0.000821,0.000646,0.911675,0.006210,2,
0.103539,0.000388,0.007207,0.029599,0.033931,0.033855,0.002280,0.004737,0.477344,0.307120,0,
0.051336,0.000217,0.002458,0.037462,0.031443,0.048684,0.000530,0.061985,0.243624,0.522261,0,
0.030664,0.071462,0.017564,0.040870,0.178396,0.105957,0.006704,0.212122,0.050870,0.285391,4,
0.096411,0.000146,0.035220,0.353021,0.001824,0.048661,0.003261,0.001224,0.450738,0.009495,8,
0.041280,0.528743,0.043358,0.044753,0.019009,0.016505,0.004078,0.150524,0.063125,0.088626,1,
0.000919,0.004245,0.010699,0.945741,0.000740,0.010054,0.000136,0.016695,0.008215,0.002556,2,
0.154232,0.000406,0.004240,0.008216,0.045838,0.288064,0.002613,0.011801,0.410114,0.074477,8,
0.181555,0.010483,0.137148,0.033816,0.078243,0.025108,0.014582,0.016653,0.282663,0.219747,4,
0.127991,0.000261,0.017704,0.006367,0.018862,0.103851,0.008504,0.000770,0.685913,0.029776,8,
0.071238,0.001010,0.018131,0.764662,0.004664,0.067852,0.000299,0.031280,0.007517,0.033346,3,
0.051860,0.001556,0.049097,0.726957,0.001241,0.134978,0.000294,0.002436,0.025761,0.005819,3,
0.341822,0.000343,0.007810,0.001767,0.022010,0.231726,0.074499,0.000501,0.314085,0.005438,9,
0.003888,0.924703,0.016217,0.005960,0.014342,0.002092,0.001414,0.014876,0.004907,0.011603,1,
0.033892,0.000202,0.000282,0.011828,0.002126,0.445542,0.000255,0.028644,0.426799,0.050429,5,
0.892888,0.001124,0.008701,0.070529,0.001316,0.018463,0.001116,0.001733,0.002667,0.001463,0,
0.040808,0.015717,0.056338,0.006947,0.507885,0.301800,0.013972,0.013567,0.007022,0.035944,4,
0.010427,0.000175,0.000321,0.016455,0.004354,0.038955,0.000158,0.513505,0.069562,0.346088,7,
0.012573,0.508451,0.087998,0.011802,0.079582,0.022417,0.250017,0.007963,0.008086,0.011110,6,
0.020950,0.000912,0.042171,0.674620,0.001541,0.176705,0.005502,0.002304,0.072972,0.002322,5,
0.015276,0.003612,0.006570,0.017913,0.052798,0.007858,0.000412,0.232915,0.030366,0.632281,9,
0.000708,0.002808,0.033617,0.006986,0.017936,0.005365,0.929029,0.002144,0.000342,0.001065,6,
0.007115,0.018305,0.045352,0.007545,0.737469,0.011143,0.044200,0.008110,0.008290,0.112471,4,
0.169618,0.001431,0.029184,0.035685,0.062004,0.306787,0.166851,0.003945,0.199588,0.024907,5,
0.161317,0.001848,0.003986,0.006898,0.004666,0.409831,0.001514,0.012680,0.379012,0.018248,5,
0.252747,0.001517,0.052169,0.148489,0.045365,0.035234,0.003895,0.013905,0.187793,0.258887,0,
0.031532,0.000055,0.000144,0.000209,0.005669,0.720669,0.000152,0.001388,0.232757,0.007425,5,
0.000310,0.007407,0.001983,0.022874,0.010887,0.002407,0.000084,0.878094,0.002074,0.073880,7,
0.039126,0.001759,0.148109,0.006865,0.612687,0.007315,0.081898,0.036352,0.006790,0.059099,2,
0.000134,0.000045,0.000280,0.037273,0.002952,0.001312,0.000039,0.877175,0.006302,0.074488,7,
0.028566,0.002379,0.016298,0.195006,0.035554,0.020898,0.001055,0.186522,0.091356,0.422365,3,
0.070496,0.001516,0.182539,0.003221,0.413132,0.085561,0.221973,0.001437,0.006558,0.013566,4,
0.706540,0.000581,0.002876,0.014003,0.002022,0.224486,0.000545,0.028713,0.004999,0.015236,0,
0.000618,0.000029,0.000266,0.043003,0.001789,0.008849,0.000012,0.905084,0.002606,0.037744,7,
0.096771,0.003422,0.039639,0.006421,0.431538,0.136573,0.211870,0.005243,0.044830,0.023693,4,
0.009806,0.000020,0.006574,0.084061,0.000133,0.011845,0.000295,0.000056,0.886399,0.000811,8,
0.002380,0.000186,0.000802,0.050172,0.012781,0.014538,0.000049,0.639242,0.016263,0.263587,7,
0.010770,0.002827,0.003172,0.031646,0.012663,0.010105,0.000196,0.363172,0.048804,0.516645,7,
0.006271,0.001083,0.004478,0.003286,0.603184,0.022664,0.005588,0.045562,0.011430,0.296454,4,
0.009856,0.006617,0.012239,0.025319,0.154272,0.024634,0.002377,0.056989,0.061298,0.646400,9,
0.000068,0.981790,0.011623,0.002860,0.000628,0.000458,0.001820,0.000258,0.000234,0.000260,1,
0.004519,0.000272,0.887617,0.006950,0.009164,0.003031,0.084853,0.000094,0.003004,0.000496,2,
0.043830,0.000835,0.137422,0.378713,0.006003,0.123301,0.041310,0.001132,0.262730,0.004723,8,
0.010298,0.000204,0.001933,0.063019,0.017229,0.047473,0.000181,0.670470,0.019145,0.170048,7,
0.129425,0.003633,0.044906,0.295334,0.040304,0.322123,0.027316,0.029327,0.071063,0.036566,5,
0.051429,0.253639,0.119020,0.042417,0.191270,0.083975,0.139466,0.022239,0.045859,0.050686,6,
0.015354,0.004185,0.222226,0.001520,0.049877,0.007975,0.695896,0.001479,0.000860,0.000628,6,
0.009178,0.854614,0.040186,0.050914,0.001092,0.006602,0.000563,0.003226,0.028831,0.004795,1,
0.029793,0.000836,0.834897,0.076233,0.001205,0.009291,0.033397,0.000586,0.013072,0.000691,2,
0.001549,0.000102,0.010337,0.000122,0.014030,0.003848,0.969393,0.000205,0.000128,0.000285,6,
0.002236,0.000302,0.000545,0.042941,0.018468,0.040448,0.000294,0.576752,0.025001,0.293012,7,
0.000000,0.998508,0.000133,0.000137,0.000092,0.000019,0.000006,0.000991,0.000010,0.000103,1,
0.008018,0.000408,0.002648,0.013163,0.138330,0.045472,0.000356,0.179940,0.029827,0.581838,4,
0.078531,0.000724,0.116779,0.651382,0.002644,0.100465,0.006924,0.001008,0.038736,0.002807,2,
0.009582,0.000626,0.002843,0.003789,0.162132,0.016182,0.001608,0.021043,0.045166,0.737030,9,
0.041964,0.015254,0.023829,0.034582,0.257154,0.074646,0.007646,0.053056,0.109576,0.382291,9,
0.001343,0.012219,0.861571,0.026470,0.010992,0.001469,0.083148,0.000487,0.001611,0.000690,2,
0.006457,0.000635,0.892226,0.035048,0.001747,0.002975,0.056920,0.000074,0.003725,0.000192,2,
0.987350,0.000006,0.005741,0.000175,0.000461,0.003656,0.000797,0.000014,0.001630,0.000170,0,
0.001134,0.981245,0.005226,0.000552,0.003451,0.001151,0.001007,0.002168,0.001763,0.002304,1,
0.072586,0.002703,0.170850,0.251927,0.005060,0.264523,0.027328,0.001688,0.200041,0.003295,2,
0.001615,0.000468,0.988403,0.001863,0.000334,0.000177,0.007035,0.000011,0.000073,0.000019,2,
0.022618,0.000388,0.004245,0.017714,0.028582,0.147597,0.000327,0.650120,0.020496,0.107912,9,
0.000574,0.000632,0.455082,0.535661,0.000543,0.000899,0.002091,0.000667,0.003706,0.000145,3,
0.055730,0.387265,0.178484,0.012925,0.082658,0.048016,0.105190,0.005257,0.085733,0.038742,6,
0.120809,0.001123,0.004483,0.001094,0.030043,0.788646,0.002538,0.008776,0.036003,0.006485,5,
0.022402,0.000771,0.002400,0.204750,0.004632,0.197016,0.000975,0.010253,0.472762,0.084039,5,
0.000001,0.998090,0.000056,0.000180,0.000043,0.000186,0.000030,0.001295,0.000022,0.000097,1,
0.009189,0.000799,0.004943,0.025244,0.449670,0.079679,0.005904,0.087080,0.023309,0.314185,2,
0.286384,0.000447,0.054716,0.018736,0.034519,0.050293,0.090166,0.001822,0.426537,0.036381,8,
0.053688,0.000647,0.258189,0.016863,0.031536,0.006243,0.609912,0.012416,0.006239,0.004267,6,
0.027856,0.354120,0.061698,0.073177,0.212019,0.074917,0.025505,0.043962,0.047955,0.078791,1,
0.765546,0.000289,0.006678,0.008415,0.011334,0.159486,0.000626,0.005338,0.019665,0.022623,5,
0.123681,0.003384,0.542644,0.256593,0.019634,0.020715,0.007018,0.005460,0.007729,0.013142,5,
0.000083,0.000465,0.001091,0.013625,0.002963,0.000368,0.000021,0.958678,0.000951,0.021754,7,
0.010617,0.000305,0.000425,0.070586,0.000539,0.145351,0.000233,0.715509,0.031405,0.025031,7,
0.000141,0.000019,0.934428,0.063710,0.000027,0.000011,0.000995,0.000018,0.000648,0.000003,2,
0.000221,0.982105,0.007833,0.005654,0.000758,0.000550,0.000359,0.001495,0.000428,0.000595,1,
0.165964,0.000623,0.013971,0.041441,0.024961,0.028339,0.002564,0.010606,0.492192,0.219338,8,
0.064625,0.000559,0.005448,0.002759,0.511119,0.308387,0.010680,0.029655,0.013472,0.053297,5,
0.009465,0.000640,0.027563,0.063467,0.083414,0.008509,0.004021,0.678255,0.006440,0.118228,7,
0.053226,0.002188,0.011497,0.005769,0.368451,0.456312,0.006436,0.063092,0.005117,0.027912,4,
0.001124,0.002426,0.000962,0.050102,0.009643,0.020285,0.000072,0.856411,0.002733,0.056243,7,
0.001115,0.000545,0.855104,0.000998,0.005565,0.000181,0.134716,0.000021,0.001556,0.000199,2,
0.001261,0.011472,0.008347,0.110689,0.076497,0.009306,0.000627,0.664532,0.003806,0.113463,7,
0.019668,0.004361,0.186465,0.014125,0.150852,0.018369,0.554851,0.003271,0.018788,0.029250,6,
0.038376,0.000849,0.105844,0.001139,0.460918,0.003559,0.381129,0.001197,0.002306,0.004684,2,
0.004525,0.687072,0.029225,0.045820,0.081701,0.033173,0.043539,0.052906,0.005725,0.016315,1,
0.000066,0.990503,0.001009,0.002427,0.000527,0.000673,0.000090,0.004160,0.000106,0.000440,1,
0.877390,0.000124,0.008622,0.026365,0.001693,0.063743,0.000176,0.007718,0.005969,0.008200,0,
0.256363,0.000046,0.019772,0.010605,0.001990,0.035610,0.015385,0.000241,0.654181,0.005808,8,
0.007090,0.000783,0.667567,0.282481,0.000105,0.016937,0.015483,0.000057,0.009453,0.000043,2,
0.020513,0.003857,0.008571,0.169827,0.045754,0.293616,0.001522,0.334021,0.035624,0.086694,5,
0.136984,0.000495,0.003838,0.003728,0.107171,0.016300,0.004616,0.005931,0.146257,0.574680,4,
0.098481,0.000601,0.009656,0.012607,0.028552,0.018768,0.001325,0.009935,0.383958,0.436118,9,
0.723199,0.001483,0.022429,0.092235,0.002363,0.122074,0.001585,0.003228,0.027962,0.003441,0,
0.000375,0.000591,0.000674,0.068182,0.000965,0.002002,0.000005,0.898578,0.001487,0.027142,7,
0.212088,0.000803,0.005942,0.008083,0.005834,0.509304,0.002847,0.002859,0.244478,0.007763,0,
0.625433,0.000035,0.011566,0.002542,0.001373,0.055220,0.021228,0.000114,0.280900,0.001588,0,
0.018882,0.110524,0.043001,0.575339,0.003546,0.011003,0.001284,0.115717,0.061768,0.058937,8,
0.001379,0.001154,0.001291,0.041191,0.007481,0.003851,0.000022,0.693425,0.012007,0.238198,7,
0.240766,0.001329,0.039551,0.027948,0.071244,0.047353,0.023994,0.007599,0.368020,0.172195,9,
0.017877,0.006836,0.202948,0.406756,0.203818,0.026515,0.006851,0.020786,0.015657,0.091956,4,
0.025706,0.003416,0.801561,0.003512,0.079650,0.003831,0.069766,0.000860,0.004650,0.007047,2,
0.006366,0.007685,0.798008,0.024241,0.034666,0.004647,0.109148,0.000499,0.010408,0.004334,2,
0.125427,0.000156,0.008453,0.019869,0.005899,0.466272,0.000657,0.004414,0.349115,0.019739,0,
0.044042,0.000265,0.001406,0.034591,0.012160,0.783048,0.001323,0.004196,0.087907,0.031060,5,
0.000976,0.978924,0.008500,0.000611,0.003977,0.000909,0.003172,0.000905,0.000960,0.001066,1,
0.001074,0.701431,0.027177,0.061401,0.103836,0.011153,0.012632,0.062383,0.002187,0.016726,1,
0.001803,0.000234,0.042728,0.946047,0.000022,0.002113,0.000064,0.000385,0.006564,0.000039,3,
0.000584,0.977046,0.008805,0.004083,0.002928,0.001187,0.001671,0.002182,0.000562,0.000952,1,
0.006322,0.020319,0.005254,0.094399,0.039938,0.076287,0.000622,0.552056,0.020892,0.183911,7,
0.004912,0.004510,0.715226,0.010167,0.034046,0.002372,0.219742,0.000758,0.004892,0.003375,2,
0.079765,0.000000,0.000946,0.000373,0.000015,0.001462,0.000100,0.000004,0.917063,0.000271,8,
0.000164,0.000022,0.000321,0.127157,0.000658,0.000651,0.000010,0.821955,0.005926,0.043136,7,
0.001127,0.001136,0.638582,0.000655,0.029239,0.000369,0.327249,0.000279,0.000682,0.000682,2,
0.000001,0.998101,0.000216,0.000138,0.000087,0.000075,0.000036,0.001145,0.000036,0.000166,1,
0.908661,0.000153,0.055452,0.004808,0.005023,0.019527,0.003898,0.001327,0.000577,0.000575,0,
0.036942,0.000854,0.010233,0.003914,0.074761,0.007727,0.004933,0.002605,0.253699,0.604333,9,
0.032998,0.007303,0.020884,0.059103,0.151456,0.019962,0.003199,0.237785,0.031533,0.435778,9,
0.029625,0.000220,0.001979,0.036034,0.019765,0.029928,0.000305,0.123520,0.229069,0.529555,3,
0.005518,0.000382,0.001009,0.017900,0.113544,0.058635,0.000750,0.490982,0.012938,0.298342,9,
0.018787,0.000059,0.100266,0.000082,0.005512,0.002002,0.872895,0.000073,0.000250,0.000075,6,
0.002986,0.001559,0.299733,0.682366,0.000172,0.005162,0.000465,0.000252,0.007222,0.000083,3,
0.260145,0.000974,0.005643,0.002170,0.066433,0.337011,0.005448,0.020242,0.241677,0.060257,4,
0.143403,0.001034,0.002437,0.006698,0.021786,0.694804,0.002332,0.045308,0.061855,0.020343,5,
0.002891,0.001028,0.003428,0.030684,0.079962,0.027114,0.000819,0.443919,0.030820,0.379335,7,
0.000543,0.000018,0.000177,0.029549,0.003347,0.004849,0.000007,0.811678,0.002932,0.146899,7,
0.018298,0.006484,0.095697,0.487287,0.006526,0.009606,0.000763,0.333443,0.021591,0.020306,3,
0.000746,0.521816,0.006176,0.011872,0.056589,0.006661,0.000578,0.298424,0.002386,0.094752,7,
0.190684,0.003280,0.008912,0.484262,0.004791,0.161522,0.004080,0.010852,0.120705,0.010911,5,
0.002810,0.007638,0.620518,0.232108,0.010832,0.005541,0.113312,0.006150,0.000525,0.000565,2,
0.005863,0.230024,0.014596,0.042273,0.024994,0.021853,0.001748,0.524456,0.013282,0.120912,9,
0.000629,0.001401,0.013710,0.080223,0.015851,0.002543,0.000554,0.866024,0.002441,0.016625,7,
0.176236,0.001524,0.066800,0.007979,0.043853,0.019447,0.019198,0.003355,0.544402,0.117206,8,
0.091357,0.000441,0.382862,0.001992,0.006482,0.025656,0.487087,0.000432,0.003079,0.000612,6,
0.051429,0.000335,0.704386,0.004176,0.014229,0.001764,0.218522,0.000868,0.003251,0.001041,2,
0.000188,0.000068,0.000781,0.096568,0.001439,0.001033,0.000031,0.860764,0.007673,0.031454,7,
0.026799,0.017773,0.183257,0.003139,0.049044,0.027867,0.665290,0.001081,0.017902,0.007848,6,
0.017441,0.000400,0.001308,0.027181,0.005593,0.428875,0.000266,0.454111,0.030420,0.034405,7,
0.058953,0.000647,0.004384,0.194777,0.018690,0.126641,0.000563,0.159105,0.100155,0.336084,5,
0.000541,0.989661,0.002157,0.000884,0.001353,0.001049,0.000503,0.002311,0.000701,0.000841,1,
0.011977,0.298586,0.076169,0.022227,0.389475,0.034993,0.080079,0.034248,0.010097,0.042150,4,
0.001586,0.002127,0.017187,0.047088,0.007882,0.003279,0.000387,0.906128,0.001588,0.012749,7,
0.000441,0.004786,0.008183,0.069250,0.026577,0.001553,0.000410,0.832845,0.002127,0.053828,7,
0.028918,0.009016,0.055898,0.004006,0.719123,0.052207,0.045260,0.023071,0.007156,0.055346,4,
0.039323,0.000575,0.115143,0.592917,0.000620,0.098602,0.018534,0.000479,0.133318,0.000487,3,
0.085581,0.000201,0.008632,0.000364,0.746264,0.062825,0.057325,0.002506,0.009297,0.027005,0,
0.192517,0.005611,0.305569,0.022734,0.029787,0.152068,0.262850,0.005090,0.016935,0.006841,2,
0.146698,0.000702,0.018981,0.037860,0.049684,0.064619,0.015471,0.002981,0.548660,0.114345,8,
0.058250,0.000685,0.277076,0.000966,0.491887,0.002841,0.151328,0.001167,0.002654,0.013144,2,
0.014818,0.000734,0.052322,0.897288,0.000437,0.031844,0.000610,0.000662,0.000895,0.000389,5,
0.007736,0.013030,0.005595,0.043014,0.112835,0.057722,0.001022,0.446657,0.019978,0.292409,4,
0.000510,0.987458,0.002611,0.001486,0.001240,0.000676,0.000239,0.003871,0.000699,0.001211,1,
0.109383,0.004291,0.144917,0.210004,0.001873,0.106590,0.005849,0.001157,0.411112,0.004825,3,
0.000201,0.003018,0.001064,0.010593,0.014056,0.002015,0.000051,0.916614,0.000623,0.051764,7,
0.149995,0.002396,0.043169,0.017157,0.005538,0.333157,0.211393,0.001926,0.232119,0.003148,8,
0.007135,0.000705,0.005502,0.012721,0.103656,0.007254,0.000909,0.033796,0.040631,0.787691,9,
0.376889,0.001120,0.051160,0.059799,0.032385,0.038300,0.008554,0.013593,0.339182,0.079017,0,
0.000114,0.002184,0.001695,0.010947,0.004356,0.000368,0.000031,0.931868,0.000881,0.047555,7,
0.047610,0.001583,0.019542,0.058315,0.015840,0.744862,0.019788,0.002350,0.084535,0.005577,5,
0.144905,0.001146,0.093735,0.001662,0.554122,0.010541,0.096479,0.005117,0.016847,0.075446,0,
0.077830,0.004563,0.098943,0.005312,0.496545,0.022576,0.014520,0.026122,0.032623,0.220965,5,
0.001927,0.096298,0.006339,0.053340,0.063996,0.024418,0.001482,0.693117,0.003667,0.055416,7,
0.218504,0.001228,0.011508,0.009207,0.084938,0.561958,0.004033,0.041132,0.028872,0.038620,5,
0.031978,0.005146,0.032024,0.315457,0.018870,0.015430,0.001149,0.143950,0.131739,0.304257,8,
0.128472,0.000578,0.108616,0.058812,0.006159,0.015336,0.020822,0.000952,0.640361,0.019892,8,
0.180744,0.001810,0.103285,0.336770,0.070691,0.193496,0.021336,0.011788,0.037690,0.042390,0,
0.477524,0.000886,0.007487,0.008021,0.021669,0.435755,0.001075,0.011153,0.016552,0.019879,0,
0.050431,0.001749,0.064604,0.026207,0.298825,0.063684,0.363414,0.005818,0.049996,0.075271,5,
0.145630,0.000731,0.008406,0.078821,0.052821,0.069353,0.003341,0.068410,0.249401,0.323086,4,
0.287776,0.003752,0.024365,0.073662,0.006614,0.267236,0.006229,0.005122,0.316324,0.008918,0,
0.001605,0.000405,0.000703,0.049535,0.005006,0.010305,0.000024,0.842406,0.003842,0.086169,7,
0.004057,0.885159,0.059352,0.008326,0.010407,0.003541,0.018587,0.002223,0.004839,0.003509,1,
0.056175,0.004285,0.345026,0.009188,0.333353,0.009789,0.046132,0.153885,0.005168,0.036999,0,
0.013056,0.000603,0.001415,0.129703,0.005639,0.376432,0.000495,0.309303,0.088634,0.074720,5,
0.005703,0.000018,0.003524,0.954871,0.000038,0.027041,0.000009,0.000489,0.007748,0.000558,3,
0.264396,0.000413,0.016806,0.001465,0.020308,0.040598,0.006534,0.001327,0.615095,0.033058,9,
0.008795,0.000138,0.004478,0.604605,0.005373,0.326565,0.001590,0.009860,0.031464,0.007133,5,
0.002395,0.000018,0.250200,0.000081,0.000444,0.000487,0.744921,0.000002,0.001434,0.000017,6,
0.117109,0.000397,0.001589,0.029515,0.015966,0.024071,0.000711,0.074732,0.193174,0.542738,9,
0.813030,0.000039,0.001661,0.002770,0.000720,0.171104,0.000388,0.000125,0.009346,0.000818,0,
0.001119,0.979038,0.002618,0.004878,0.001412,0.003645,0.000529,0.004872,0.000807,0.001081,1,
0.003209,0.000052,0.870935,0.000235,0.000441,0.003842,0.121200,0.000005,0.000075,0.000007,2,
0.003599,0.000530,0.001935,0.035854,0.028681,0.008238,0.000133,0.637040,0.007281,0.276708,9,
0.000464,0.989961,0.004920,0.000407,0.001017,0.000580,0.001153,0.000464,0.000594,0.000441,1,
0.007290,0.000077,0.522980,0.451104,0.000530,0.003233,0.013756,0.000103,0.000808,0.000119,2,
0.293044,0.001574,0.032041,0.007062,0.071659,0.120713,0.021298,0.007050,0.370531,0.075026,9,
0.016034,0.000020,0.055426,0.000122,0.001206,0.001974,0.920863,0.000020,0.004270,0.000065,6,
0.039320,0.006798,0.144889,0.035830,0.477447,0.032050,0.165711,0.039852,0.010325,0.047778,4,
0.310811,0.001352,0.005831,0.061354,0.007893,0.543274,0.005124,0.030626,0.027399,0.006335,9,
0.247439,0.008087,0.083022,0.389135,0.013004,0.199453,0.009056,0.016787,0.020194,0.013824,3,
0.010461,0.004474,0.462929,0.505198,0.000569,0.003345,0.000474,0.011128,0.001153,0.000270,3,
0.450292,0.000828,0.003438,0.001000,0.065164,0.245352,0.016496,0.002069,0.192359,0.023002,4,
0.019608,0.004957,0.016059,0.013084,0.605473,0.072422,0.019512,0.034006,0.040315,0.174565,4,
0.006247,0.000122,0.000680,0.046123,0.005644,0.007433,0.000096,0.499818,0.025726,0.408110,9,
0.026001,0.000037,0.007749,0.035709,0.000080,0.005770,0.000746,0.000046,0.923576,0.000286,8,
0.005216,0.447227,0.067586,0.241765,0.032728,0.009449,0.002306,0.150806,0.010278,0.032638,7,
0.016071,0.000152,0.004237,0.052888,0.004937,0.866159,0.004358,0.000708,0.047229,0.003260,5,
0.009034,0.002314,0.038587,0.059049,0.682591,0.041533,0.035154,0.011434,0.016179,0.104126,4,
0.134693,0.000441,0.008915,0.018248,0.079560,0.055049,0.005823,0.007072,0.371630,0.318571,0,
0.088679,0.008524,0.016576,0.017867,0.218164,0.157853,0.004523,0.146716,0.052945,0.288153,5,
0.002080,0.000206,0.633982,0.281960,0.012752,0.000705,0.002047,0.002124,0.056680,0.007464,3,
0.026202,0.005170,0.031942,0.002657,0.741206,0.081062,0.039947,0.041475,0.004930,0.025410,4,
0.250526,0.004856,0.012824,0.096583,0.007147,0.582153,0.005779,0.011121,0.019960,0.009051,5,
0.065632,0.067702,0.144877,0.025745,0.368548,0.047931,0.148654,0.018952,0.041492,0.070467,9,
0.311437,0.001277,0.011024,0.038273,0.010550,0.561016,0.001590,0.045083,0.009440,0.010310,0,
0.000018,0.981754,0.004470,0.004813,0.001246,0.000120,0.000044,0.006667,0.000088,0.000780,1,
0.003367,0.000608,0.009873,0.000293,0.031028,0.010671,0.940161,0.000232,0.001402,0.002364,6,
0.022530,0.037822,0.568594,0.039612,0.019107,0.011027,0.279960,0.008110,0.008766,0.004473,6,
0.027231,0.000009,0.000079,0.002936,0.000055,0.006134,0.000018,0.000030,0.956538,0.006971,8,
0.001330,0.002797,0.000967,0.018755,0.005750,0.004329,0.000022,0.803816,0.004916,0.157318,9,
0.000012,0.996305,0.000497,0.000636,0.000374,0.000157,0.000093,0.001729,0.000022,0.000176,1,
0.003966,0.057814,0.621844,0.284536,0.002759,0.008019,0.011528,0.002565,0.006168,0.000801,2,
0.180217,0.002536,0.040758,0.001103,0.536567,0.135145,0.034175,0.003236,0.022503,0.043760,5,
0.096742,0.006101,0.083647,0.006177,0.431280,0.237300,0.114830,0.010837,0.005005,0.008082,4,
0.003796,0.000154,0.000771,0.157150,0.001355,0.007290,0.000054,0.744101,0.011292,0.074038,7,
0.824994,0.000587,0.069634,0.005826,0.012313,0.063077,0.016003,0.001126,0.004552,0.001889,0,
0.033449,0.008414,0.184651,0.046005,0.439879,0.040620,0.060328,0.003691,0.056303,0.126660,4,
0.127003,0.000492,0.002946,0.006884,0.030556,0.247696,0.001574,0.011402,0.473616,0.097832,0,
0.164511,0.000410,0.169791,0.000350,0.041995,0.015352,0.602273,0.000356,0.004243,0.000720,6,
0.927307,0.000038,0.008018,0.001888,0.000086,0.061624,0.000338,0.000035,0.000633,0.000034,0,
0.004333,0.013935,0.374227,0.580215,0.002681,0.004751,0.003005,0.014542,0.001622,0.000689,2,
0.677937,0.000938,0.051677,0.014209,0.062191,0.152451,0.018666,0.004295,0.009820,0.007816,0,
0.103085,0.000992,0.019502,0.008994,0.464205,0.232790,0.066590,0.030104,0.033422,0.040317,4,
0.011849,0.000350,0.909669,0.003064,0.012679,0.006075,0.053185,0.000123,0.001907,0.001097,2,
0.006196,0.002803,0.010745,0.003285,0.163788,0.050068,0.736409,0.002953,0.005321,0.018433,6,
0.000023,0.976687,0.011867,0.006768,0.001831,0.000273,0.000308,0.001838,0.000071,0.000334,1,
0.001428,0.000045,0.035884,0.000109,0.013379,0.001690,0.946695,0.000035,0.000449,0.000285,6,
0.037576,0.001819,0.176373,0.033942,0.249533,0.019835,0.372244,0.005055,0.043730,0.059892,0,
0.066511,0.007057,0.064469,0.489874,0.016800,0.132543,0.007023,0.016802,0.151175,0.047747,3,
0.137947,0.036599,0.192358,0.031774,0.179080,0.067435,0.144968,0.010935,0.121484,0.077419,0,
0.013093,0.005988,0.009403,0.087153,0.036470,0.021786,0.000359,0.493440,0.008926,0.323382,5,
0.000008,0.000004,0.000039,0.003650,0.000175,0.000070,0.000001,0.988306,0.000209,0.007538,7,
0.000081,0.994790,0.001216,0.000196,0.001477,0.000196,0.001104,0.000610,0.000064,0.000267,1,
0.041431,0.000651,0.001318,0.026058,0.001899,0.846657,0.000475,0.045303,0.028910,0.007300,5,
0.316460,0.003260,0.116644,0.067640,0.065314,0.065804,0.026899,0.010683,0.230833,0.096461,0,
0.120657,0.001165,0.002662,0.006907,0.003841,0.357871,0.000994,0.061079,0.410533,0.034293,5,
0.297901,0.001080,0.043612,0.354736,0.001759,0.171087,0.001684,0.006800,0.116838,0.004504,0,
0.007233,0.002670,0.006210,0.011418,0.155545,0.013743,0.001160,0.066109,0.036203,0.699709,9,
0.000345,0.000898,0.001799,0.012790,0.052252,0.002227,0.000222,0.843161,0.001003,0.085305,7,
0.000228,0.993303,0.001954,0.000739,0.000864,0.000665,0.000822,0.000843,0.000238,0.000345,1,
0.050014,0.002549,0.070732,0.030291,0.003681,0.121399,0.548879,0.002258,0.167222,0.002974,5,
0.620152,0.000478,0.003729,0.042872,0.001652,0.318226,0.000459,0.007311,0.002276,0.002844,0,
0.008461,0.648394,0.025374,0.152969,0.007337,0.014309,0.000993,0.113726,0.008453,0.019983,1,
0.000512,0.989934,0.002825,0.001251,0.001026,0.001378,0.000947,0.001049,0.000575,0.000502,1,
0.011633,0.000214,0.000766,0.028347,0.009243,0.747432,0.000241,0.147910,0.029780,0.024434,5,
0.280902,0.014740,0.050707,0.006497,0.089188,0.235758,0.018104,0.012930,0.217911,0.073262,5,
0.417117,0.001048,0.016365,0.018076,0.087509,0.046219,0.007048,0.015747,0.153236,0.237635,0,
0.075322,0.001679,0.500305,0.112042,0.066164,0.017011,0.172340,0.042688,0.005173,0.007277,4,
0.153109,0.000082,0.001976,0.004551,0.000421,0.107328,0.000874,0.000150,0.730252,0.001257,8,
0.003582,0.000004,0.035104,0.000086,0.001669,0.000939,0.956162,0.000005,0.002376,0.000073,6,
0.036682,0.000787,0.005204,0.112012,0.033783,0.079514,0.000883,0.470872,0.042443,0.217820,7,
0.072859,0.001613,0.005674,0.106083,0.019880,0.060029,0.001338,0.318269,0.105826,0.308430,9,
0.070337,0.000680,0.618060,0.047289,0.083628,0.012375,0.131814,0.030625,0.002510,0.002683,6,
