0, 1, 2, 3, 4, 5, 6, 7, 8, 9, True
0.011366,0.151017,0.358004,0.008306,0.038896,0.002904,0.422360,0.000057,0.005173,0.001917,2,
0.062122,0.257860,0.192955,0.051360,0.132262,0.024549,0.220407,0.001441,0.038042,0.019001,4,
0.141612,0.050050,0.003259,0.152065,0.110381,0.140890,0.003477,0.082838,0.162579,0.152847,4,
0.113314,0.228936,0.083918,0.101125,0.179853,0.058652,0.093960,0.006751,0.083384,0.050106,4,
0.120290,0.023210,0.000830,0.137739,0.073248,0.150153,0.000870,0.155515,0.161160,0.176985,3,
0.120172,0.023122,0.000824,0.137645,0.073093,0.150163,0.000865,0.155934,0.161118,0.177065,3,
0.142610,0.158201,0.032010,0.135631,0.177246,0.092415,0.035249,0.018639,0.122287,0.085711,5,
0.000168,0.020424,0.433723,0.000097,0.001420,0.000019,0.544096,0.000000,0.000044,0.000009,2,
0.148202,0.129626,0.020724,0.144549,0.167177,0.104986,0.022671,0.026446,0.135025,0.100594,9,
0.145980,0.142953,0.025562,0.140685,0.172436,0.099125,0.028051,0.022465,0.129223,0.093519,0,
0.118799,0.219931,0.073927,0.107008,0.181956,0.063539,0.082573,0.007937,0.089392,0.054936,1,
0.150362,0.105550,0.013570,0.150120,0.155059,0.115670,0.014754,0.035793,0.144901,0.114222,8,
0.078173,0.259074,0.155092,0.066194,0.151833,0.033612,0.176053,0.002435,0.050701,0.026832,1,
0.127330,0.029239,0.001242,0.143131,0.083240,0.148903,0.001309,0.131048,0.163183,0.171375,7,
0.094353,0.250735,0.120594,0.081790,0.167473,0.044070,0.136056,0.003926,0.064742,0.036261,6,
0.124311,0.209420,0.064111,0.113100,0.183211,0.068880,0.071422,0.009398,0.095818,0.060328,1,
0.001248,0.054588,0.421583,0.000804,0.006943,0.000204,0.514095,0.000001,0.000419,0.000114,2,
0.000144,0.018881,0.433969,0.000082,0.001252,0.000016,0.545613,0.000000,0.000036,0.000007,2,
0.080822,0.258344,0.149213,0.068701,0.154681,0.035225,0.169209,0.002640,0.052905,0.028259,1,
0.085046,0.007650,0.000128,0.105598,0.037935,0.141312,0.000132,0.298836,0.138433,0.184929,0,
0.148554,0.073810,0.006737,0.153855,0.133051,0.130083,0.007255,0.055615,0.156354,0.134686,3,
0.149559,0.081103,0.008073,0.153466,0.138818,0.126739,0.008715,0.049928,0.153938,0.129660,5,
0.108843,0.016194,0.000447,0.128117,0.059611,0.149765,0.000466,0.197805,0.155821,0.182930,9,
0.086791,0.008097,0.000141,0.107348,0.039293,0.142253,0.000145,0.290736,0.139964,0.185232,7,
0.145897,0.143384,0.025730,0.140552,0.172589,0.098936,0.028239,0.022347,0.129031,0.093295,3,
0.131344,0.193420,0.051823,0.121216,0.183241,0.076540,0.057517,0.011843,0.104773,0.068284,1,
0.149480,0.080395,0.007938,0.153518,0.138279,0.127063,0.008567,0.050443,0.154180,0.130139,0,
0.022477,0.197717,0.311445,0.017160,0.065010,0.006703,0.363248,0.000195,0.011364,0.004681,6,
0.011324,0.150781,0.358206,0.008273,0.038786,0.002891,0.422623,0.000057,0.005151,0.001907,6,
0.126903,0.203898,0.059559,0.116040,0.183453,0.071576,0.066263,0.010208,0.099005,0.063097,0,
0.094119,0.250921,0.121070,0.081559,0.167278,0.043908,0.136605,0.003899,0.064529,0.036112,1,
0.052853,0.252306,0.216858,0.043054,0.119132,0.019820,0.248674,0.001021,0.031232,0.015050,2,
0.035554,0.229850,0.266826,0.028045,0.090692,0.011900,0.308559,0.000461,0.019445,0.008668,6,
0.140544,0.047770,0.002993,0.151544,0.107817,0.141889,0.003189,0.086529,0.162968,0.154757,3,
0.146729,0.138896,0.024016,0.141917,0.170940,0.100908,0.026330,0.023607,0.131014,0.095645,3,
0.052094,0.002254,0.000018,0.069908,0.017239,0.113884,0.000018,0.477617,0.102206,0.164761,9,
0.001423,0.058155,0.419882,0.000923,0.007700,0.000239,0.511056,0.000002,0.000486,0.000135,2,
0.136387,0.040391,0.002208,0.149229,0.098910,0.144990,0.002343,0.100582,0.163807,0.161153,3,
0.136867,0.178132,0.042227,0.127981,0.181563,0.083538,0.046706,0.014510,0.112675,0.075800,9,
0.142879,0.157118,0.031516,0.136012,0.176947,0.092893,0.034697,0.018889,0.122791,0.086258,4,
0.000028,0.008336,0.433562,0.000015,0.000339,0.000002,0.557712,0.000000,0.000006,0.000001,2,
0.149023,0.076845,0.007277,0.153734,0.135510,0.128690,0.007845,0.053140,0.155368,0.132567,1,
0.000134,0.018232,0.434057,0.000076,0.001184,0.000014,0.546262,0.000000,0.000034,0.000007,2,
0.044755,0.244011,0.239255,0.035946,0.106498,0.015968,0.275370,0.000726,0.025565,0.011906,6,
0.141752,0.161554,0.033576,0.134429,0.178131,0.090934,0.037001,0.017882,0.120716,0.084025,1,
0.143966,0.055888,0.003994,0.153060,0.116594,0.138282,0.004272,0.074471,0.161371,0.148100,3,
0.101053,0.244568,0.107216,0.088471,0.172653,0.048883,0.120649,0.004752,0.071014,0.040740,1,
0.097090,0.248411,0.115070,0.084501,0.169686,0.045997,0.129688,0.004245,0.067268,0.038044,4,
0.135671,0.181698,0.044311,0.126478,0.182089,0.081926,0.049050,0.013854,0.110878,0.074046,1,
0.049552,0.249345,0.225801,0.040140,0.114119,0.018219,0.259307,0.000893,0.028890,0.013735,6,
0.016081,0.174078,0.336826,0.012009,0.050619,0.004437,0.395121,0.000106,0.007711,0.003011,6,
0.052094,0.002254,0.000018,0.069908,0.017239,0.113884,0.000018,0.477617,0.102206,0.164761,2,
0.002612,0.077712,0.409592,0.001752,0.012419,0.000493,0.494156,0.000005,0.000968,0.000292,6,
0.037522,0.233365,0.260708,0.029719,0.094214,0.012743,0.301159,0.000512,0.020726,0.009331,2,
0.104835,0.014300,0.000362,0.124542,0.055416,0.149025,0.000377,0.213491,0.153447,0.184206,0,
0.149975,0.112899,0.015555,0.148627,0.159132,0.112389,0.016946,0.032577,0.141974,0.109925,8,
0.146947,0.065898,0.005434,0.153857,0.126222,0.133717,0.005835,0.062922,0.158761,0.140407,9,
0.052094,0.002254,0.000018,0.069908,0.017239,0.113884,0.000018,0.477617,0.102206,0.164761,7,
0.106461,0.015040,0.000395,0.126004,0.057087,0.149361,0.000410,0.207068,0.154439,0.183736,0,
0.087605,0.008313,0.000147,0.108159,0.039937,0.142675,0.000151,0.286998,0.140665,0.185349,7,
0.004548,0.100654,0.395661,0.003148,0.019165,0.000960,0.473444,0.000012,0.001817,0.000591,6,
0.146182,0.141890,0.025150,0.141013,0.172052,0.099593,0.027593,0.022759,0.129694,0.094074,0,
0.135653,0.181750,0.044342,0.126455,0.182096,0.081902,0.049085,0.013844,0.110852,0.074020,4,
0.121645,0.024245,0.000895,0.138812,0.075060,0.150011,0.000940,0.150726,0.161634,0.176034,9,
0.025660,0.207198,0.299835,0.019768,0.071668,0.007902,0.348877,0.000249,0.013260,0.005583,6,
0.079840,0.006438,0.000097,0.100290,0.034060,0.138209,0.000099,0.323736,0.133633,0.183597,9,
0.148915,0.124122,0.018918,0.145990,0.164711,0.107414,0.020668,0.028305,0.137354,0.103603,4,
0.083357,0.007238,0.000117,0.103890,0.036649,0.140354,0.000120,0.306793,0.136914,0.184567,5,
0.136758,0.178464,0.042417,0.127843,0.181616,0.083389,0.046920,0.014448,0.112509,0.075637,0,
0.052094,0.002254,0.000018,0.069908,0.017239,0.113884,0.000018,0.477617,0.102206,0.164761,5,
0.052094,0.002254,0.000018,0.069908,0.017239,0.113884,0.000018,0.477617,0.102206,0.164761,7,
0.052094,0.002254,0.000018,0.069908,0.017239,0.113884,0.000018,0.477617,0.102206,0.164761,7,
0.093297,0.009971,0.000198,0.113742,0.044646,0.145322,0.000205,0.261552,0.145329,0.185736,7,
0.069844,0.259688,0.174231,0.058424,0.142173,0.028764,0.198411,0.001871,0.043990,0.022602,1,
0.004902,0.104171,0.393356,0.003408,0.020316,0.001050,0.470156,0.000013,0.001979,0.000650,6,
0.139920,0.046524,0.002852,0.151224,0.106380,0.142428,0.003037,0.088663,0.163158,0.155814,4,
0.147713,0.069315,0.005978,0.153916,0.129250,0.132148,0.006428,0.059601,0.157753,0.137900,8,
0.141020,0.164288,0.034895,0.133424,0.178806,0.089723,0.038478,0.017285,0.119422,0.082658,1,
0.138978,0.171413,0.038526,0.130698,0.180365,0.086553,0.042549,0.015808,0.115993,0.079117,5,
0.136458,0.040500,0.002218,0.149271,0.099050,0.144946,0.002355,0.100346,0.163800,0.161056,9,
0.131481,0.033736,0.001599,0.146067,0.089934,0.147493,0.001691,0.117009,0.163799,0.167190,8,
0.036361,0.231327,0.264301,0.028730,0.092146,0.012244,0.305503,0.000482,0.019968,0.008938,2,
0.001538,0.060372,0.418795,0.001002,0.008187,0.000262,0.509162,0.000002,0.000531,0.000149,2,
0.113386,0.228827,0.083786,0.101201,0.179886,0.058714,0.093809,0.006766,0.083460,0.050167,4,
0.038732,0.235386,0.257012,0.030752,0.096338,0.013268,0.296700,0.000545,0.021520,0.009747,2,
0.054041,0.253239,0.213697,0.044109,0.120893,0.020407,0.244923,0.001069,0.032086,0.015535,1,
0.134961,0.038271,0.002004,0.148350,0.096159,0.145827,0.002124,0.105355,0.163899,0.163051,8,
0.143918,0.055755,0.003977,0.153043,0.116458,0.138342,0.004253,0.074646,0.161402,0.148206,2,
0.090528,0.253540,0.128457,0.078038,0.164163,0.041460,0.145138,0.003516,0.061291,0.033869,6,
0.052094,0.002254,0.000018,0.069908,0.017239,0.113884,0.000018,0.477617,0.102206,0.164761,9,
0.138985,0.171390,0.038514,0.130707,0.180361,0.086563,0.042536,0.015813,0.116003,0.079128,1,
0.136318,0.040283,0.002197,0.149187,0.098773,0.145033,0.002332,0.100815,0.163813,0.161249,9,
0.143879,0.055647,0.003963,0.153028,0.116348,0.138390,0.004238,0.074789,0.161427,0.148292,5,
0.097977,0.011552,0.000253,0.118209,0.048802,0.147097,0.000262,0.241513,0.148843,0.185492,8,
0.124722,0.208571,0.063387,0.113562,0.183266,0.069299,0.070601,0.009520,0.096315,0.060756,6,
0.114233,0.019159,0.000596,0.132764,0.065695,0.150284,0.000623,0.177455,0.158618,0.180575,0,
0.142437,0.158894,0.032329,0.135385,0.177434,0.092109,0.035606,0.018480,0.121964,0.085362,4,
0.076810,0.259350,0.158154,0.064912,0.150326,0.032796,0.179621,0.002335,0.049581,0.026114,2,
0.052094,0.002254,0.000018,0.069908,0.017239,0.113884,0.000018,0.477617,0.102206,0.164761,5,
0.129855,0.031872,0.001446,0.144942,0.087228,0.148113,0.001527,0.122483,0.163616,0.168918,4,
0.150439,0.094765,0.010943,0.151933,0.148434,0.120523,0.011863,0.041270,0.149036,0.120794,8,
0.054649,0.253691,0.212091,0.044650,0.121785,0.020710,0.243019,0.001095,0.032525,0.015786,0,
0.029223,0.216423,0.287465,0.022721,0.078791,0.009295,0.333682,0.000317,0.015438,0.006646,5,
0.096356,0.249060,0.116543,0.083772,0.169106,0.045476,0.131385,0.004157,0.066586,0.037560,3,
0.047561,0.247285,0.231316,0.038394,0.111004,0.017274,0.265882,0.000821,0.027499,0.012964,4,
0.147904,0.131680,0.021425,0.143988,0.168052,0.104082,0.023450,0.025787,0.134147,0.099486,1,
0.114704,0.019444,0.000611,0.133160,0.066253,0.150301,0.000639,0.175716,0.158839,0.180333,7,
0.054939,0.002548,0.000022,0.073186,0.018701,0.117022,0.000022,0.459960,0.105898,0.167701,8,
0.064347,0.003711,0.000040,0.083757,0.023941,0.126306,0.000041,0.404861,0.117321,0.175677,9,
0.148514,0.127332,0.019958,0.145161,0.166170,0.105998,0.021821,0.027204,0.136001,0.101842,9,
0.052094,0.002254,0.000018,0.069908,0.017239,0.113884,0.000018,0.477617,0.102206,0.164761,5,
0.146884,0.065636,0.005393,0.153848,0.125985,0.133837,0.005791,0.063189,0.158837,0.140602,3,
0.069853,0.259688,0.174210,0.058433,0.142184,0.028769,0.198387,0.001872,0.043997,0.022607,4,
0.104633,0.014211,0.000359,0.124360,0.055212,0.148980,0.000373,0.214292,0.153321,0.184259,7,
0.142975,0.053273,0.003656,0.152670,0.113871,0.139458,0.003906,0.078043,0.161947,0.150202,0,
0.012536,0.157334,0.352494,0.009216,0.041914,0.003272,0.415201,0.000068,0.005789,0.002176,4,
0.072898,0.259764,0.167095,0.061254,0.145838,0.030504,0.190060,0.002065,0.046413,0.024109,1,
0.148890,0.124334,0.018986,0.145936,0.164809,0.107321,0.020743,0.028231,0.137265,0.103486,9,
0.144279,0.151142,0.028894,0.138054,0.175179,0.095525,0.031767,0.020326,0.125539,0.089294,7,
0.057097,0.002787,0.000026,0.075646,0.019848,0.119297,0.000026,0.446891,0.108623,0.169761,5,
0.144052,0.056130,0.004026,0.153092,0.116841,0.138173,0.004307,0.074155,0.161316,0.147908,9,
0.108809,0.016177,0.000447,0.128087,0.059574,0.149760,0.000465,0.197935,0.155802,0.182942,5,
0.098755,0.011836,0.000264,0.118941,0.049520,0.147357,0.000273,0.238254,0.149398,0.185402,3,
0.150465,0.096252,0.011286,0.151712,0.149396,0.119851,0.012239,0.040453,0.148478,0.119868,3,
0.125459,0.207024,0.062091,0.114395,0.183348,0.070057,0.069132,0.009745,0.097214,0.061533,1,
0.135276,0.038724,0.002046,0.148547,0.096754,0.145651,0.002170,0.104303,0.163886,0.162643,8,
0.091818,0.009514,0.000184,0.112307,0.043388,0.144686,0.000189,0.268048,0.144158,0.185708,5,
0.000472,0.033973,0.430066,0.000288,0.003216,0.000064,0.531748,0.000000,0.000139,0.000033,6,
0.117721,0.021385,0.000720,0.135663,0.069942,0.150306,0.000754,0.164708,0.160165,0.178636,3,
0.066789,0.004067,0.000046,0.086435,0.025407,0.128454,0.000047,0.391323,0.120095,0.177337,5,
0.035168,0.229128,0.268040,0.027718,0.089992,0.011737,0.310029,0.000452,0.019196,0.008540,1,
0.145280,0.146473,0.026959,0.139578,0.173660,0.097578,0.029608,0.021520,0.127650,0.091693,0,
0.027507,0.212148,0.293346,0.021295,0.075402,0.008618,0.340893,0.000283,0.014382,0.006127,6,
0.082400,0.007013,0.000111,0.102916,0.035933,0.139790,0.000114,0.311353,0.136036,0.184332,9,
0.087241,0.255539,0.135354,0.074847,0.161122,0.039288,0.153122,0.003195,0.058394,0.031898,1,
0.145901,0.143363,0.025722,0.140558,0.172582,0.098945,0.028229,0.022353,0.129041,0.093306,0,
0.052094,0.002254,0.000018,0.069908,0.017239,0.113884,0.000018,0.477617,0.102206,0.164761,7,
0.091260,0.253044,0.126940,0.078752,0.164815,0.041952,0.143385,0.003591,0.061944,0.034317,3,
0.087541,0.255373,0.134719,0.075137,0.161407,0.039484,0.152386,0.003223,0.058656,0.032075,0,
0.147462,0.068139,0.005788,0.153906,0.128221,0.132688,0.006220,0.060714,0.158106,0.138756,4,
0.002588,0.077379,0.409780,0.001735,0.012330,0.000488,0.494449,0.000005,0.000958,0.000288,6,
0.130889,0.033040,0.001541,0.145661,0.088935,0.147730,0.001629,0.118999,0.163742,0.167833,4,
0.079799,0.258656,0.151473,0.067730,0.153594,0.034598,0.171839,0.002559,0.052050,0.027703,6,
0.070172,0.004602,0.000056,0.090101,0.027514,0.131258,0.000057,0.373052,0.123812,0.179376,5,
0.124214,0.209620,0.064283,0.112991,0.183198,0.068782,0.071616,0.009369,0.095701,0.060227,3,
0.148258,0.129225,0.020589,0.144657,0.167003,0.105163,0.022521,0.026577,0.135197,0.100812,5,
0.081931,0.257964,0.146781,0.069754,0.155840,0.035911,0.166382,0.002730,0.053838,0.028869,6,
0.052094,0.002254,0.000018,0.069908,0.017239,0.113884,0.000018,0.477617,0.102206,0.164761,5,
0.052094,0.002254,0.000018,0.069908,0.017239,0.113884,0.000018,0.477617,0.102206,0.164761,9,
0.081001,0.258286,0.148820,0.068870,0.154869,0.035335,0.168753,0.002654,0.053055,0.028357,6,
0.150366,0.105448,0.013543,0.150139,0.155000,0.115715,0.014725,0.035840,0.144941,0.114283,5,
0.000195,0.021961,0.433433,0.000113,0.001595,0.000022,0.542619,0.000000,0.000051,0.000011,2,
0.149050,0.122959,0.018550,0.146282,0.164168,0.107928,0.020260,0.028716,0.137840,0.104246,9,
0.085809,0.007843,0.000134,0.106364,0.038524,0.141729,0.000137,0.295283,0.139107,0.185070,9,
0.101018,0.012701,0.000297,0.121050,0.051654,0.148052,0.000308,0.228894,0.150966,0.185059,8,
0.140167,0.167352,0.036421,0.132271,0.179512,0.088363,0.040188,0.016637,0.117958,0.081131,4,
0.061374,0.003309,0.000033,0.080460,0.022217,0.123549,0.000034,0.421751,0.113839,0.173434,7,
0.055773,0.002638,0.000023,0.074138,0.019140,0.117912,0.000024,0.454881,0.106958,0.168514,5,
0.052094,0.002254,0.000018,0.069908,0.017239,0.113884,0.000018,0.477617,0.102206,0.164761,5,
0.037693,0.233656,0.260184,0.029865,0.094515,0.012816,0.300528,0.000517,0.020837,0.009390,6,
0.072687,0.259770,0.167582,0.061058,0.145591,0.030382,0.190630,0.002051,0.046245,0.024004,0,
0.000008,0.004428,0.431086,0.000004,0.000124,0.000000,0.564348,0.000000,0.000001,0.000000,2,
0.052094,0.002254,0.000018,0.069908,0.017239,0.113884,0.000018,0.477617,0.102206,0.164761,0,
0.149512,0.080681,0.007992,0.153497,0.138498,0.126932,0.008627,0.050234,0.154082,0.129945,4,
0.124694,0.208631,0.063438,0.113530,0.183262,0.069270,0.070658,0.009512,0.096281,0.060726,3,
0.139610,0.169280,0.037409,0.131530,0.179929,0.087505,0.041296,0.016239,0.117028,0.080174,0,
0.149845,0.114659,0.016056,0.148241,0.160057,0.111607,0.017499,0.031859,0.141261,0.108916,4,
0.058108,0.002905,0.000027,0.076791,0.020396,0.120333,0.000028,0.440857,0.109878,0.170678,8,
0.097932,0.247641,0.113387,0.085341,0.170341,0.046601,0.127748,0.004348,0.068055,0.038605,9,
0.070707,0.004691,0.000058,0.090676,0.027856,0.131684,0.000059,0.370211,0.124386,0.179671,7,
0.085096,0.007663,0.000129,0.105648,0.037973,0.141339,0.000132,0.298606,0.138477,0.184938,7,
0.001547,0.060551,0.418706,0.001008,0.008227,0.000264,0.509009,0.000002,0.000535,0.000150,2,
0.000062,0.012424,0.434316,0.000034,0.000641,0.000006,0.552500,0.000000,0.000014,0.000003,2,
0.139675,0.169058,0.037294,0.131616,0.179882,0.087604,0.041167,0.016285,0.117136,0.080284,0,
0.130057,0.196600,0.054058,0.119696,0.183392,0.075051,0.060041,0.011332,0.103057,0.066716,4,
0.145573,0.060785,0.004670,0.153577,0.121454,0.136057,0.005005,0.068444,0.160167,0.144269,5,
0.140287,0.047249,0.002934,0.151414,0.107220,0.142115,0.003125,0.087410,0.163050,0.155197,9,
0.147433,0.068003,0.005766,0.153904,0.128102,0.132750,0.006197,0.060844,0.158146,0.138856,0,
0.013875,0.164045,0.346408,0.010265,0.045275,0.003704,0.407357,0.000082,0.006505,0.002484,6,
0.148276,0.072216,0.006462,0.153894,0.131725,0.130815,0.006955,0.056983,0.156859,0.135815,4,
0.136988,0.041339,0.002302,0.149588,0.100111,0.144606,0.002445,0.098568,0.163741,0.160313,8,
0.060747,0.003228,0.000032,0.079759,0.021861,0.122946,0.000033,0.425377,0.113089,0.172928,3,
0.030678,0.219822,0.282577,0.023936,0.081609,0.009880,0.327708,0.000348,0.016344,0.007096,6,
0.090482,0.009118,0.000171,0.111001,0.042272,0.144079,0.000176,0.273986,0.143075,0.185639,7,
0.149429,0.079960,0.007855,0.153549,0.137946,0.127262,0.008477,0.050762,0.154327,0.130433,4,
0.108194,0.236179,0.093474,0.095766,0.177234,0.054401,0.104884,0.005825,0.078060,0.045984,4,
0.008579,0.133845,0.372024,0.006163,0.031347,0.002064,0.440860,0.000035,0.003748,0.001333,6,
0.149330,0.120366,0.017747,0.146918,0.162928,0.109075,0.019370,0.029658,0.138919,0.105689,3,
0.055793,0.002641,0.000023,0.074162,0.019151,0.117933,0.000024,0.454756,0.106984,0.168533,8,
0.098115,0.247471,0.113023,0.085523,0.170481,0.046733,0.127329,0.004371,0.068226,0.038728,6,
0.135806,0.181305,0.044077,0.126646,0.182035,0.082104,0.048787,0.013925,0.111078,0.074239,8,
0.148310,0.128846,0.020461,0.144759,0.166837,0.105330,0.022379,0.026701,0.135358,0.101018,8,
0.130491,0.032584,0.001504,0.145386,0.088273,0.147882,0.001589,0.120339,0.163697,0.168256,7,
0.139781,0.046254,0.002822,0.151152,0.106066,0.142544,0.003005,0.089136,0.163197,0.156044,2,
0.096453,0.248975,0.116347,0.083869,0.169183,0.045545,0.131159,0.004169,0.066676,0.037624,1,
0.052094,0.002254,0.000018,0.069908,0.017239,0.113884,0.000018,0.477617,0.102206,0.164761,7,
0.047523,0.247244,0.231421,0.038361,0.110945,0.017256,0.266008,0.000820,0.027473,0.012949,6,
0.084666,0.256840,0.140850,0.072368,0.158617,0.037631,0.159494,0.002962,0.056166,0.030406,6,
0.044404,0.243570,0.240262,0.035642,0.105924,0.015807,0.276575,0.000715,0.025325,0.011776,3,
0.146107,0.062645,0.004941,0.153707,0.123223,0.135207,0.005299,0.066352,0.159671,0.142849,7,
0.119608,0.218486,0.072474,0.107890,0.182198,0.064294,0.080920,0.008132,0.090308,0.055690,0,
0.150157,0.088068,0.009475,0.152802,0.143903,0.123561,0.010251,0.045234,0.151492,0.125057,9,
0.138509,0.172958,0.039352,0.130086,0.180664,0.085863,0.043476,0.015502,0.115237,0.078353,5,
0.130507,0.032601,0.001505,0.145397,0.088298,0.147876,0.001590,0.120286,0.163699,0.168240,4,
0.000541,0.036348,0.429230,0.000333,0.003587,0.000075,0.529682,0.000000,0.000163,0.000040,2,
0.145445,0.145665,0.026633,0.139836,0.173385,0.097934,0.029245,0.021734,0.128013,0.092111,9,
0.139779,0.168702,0.037110,0.131753,0.179806,0.087762,0.040961,0.016358,0.117308,0.080460,2,
0.136455,0.040495,0.002218,0.149269,0.099044,0.144948,0.002354,0.100356,0.163800,0.161060,9,
0.089146,0.008736,0.000160,0.109687,0.041177,0.143444,0.000164,0.279988,0.141969,0.185528,7,
0.148205,0.071829,0.006397,0.153900,0.131400,0.130993,0.006884,0.057322,0.156980,0.136091,5,
0.118647,0.022023,0.000758,0.136417,0.071115,0.150268,0.000794,0.161377,0.160538,0.178064,9,
0.134154,0.037144,0.001899,0.147837,0.094656,0.146259,0.002012,0.108055,0.163914,0.164070,8,
0.092410,0.252225,0.124568,0.079878,0.165822,0.042732,0.140644,0.003712,0.062978,0.035032,5,
0.150470,0.100939,0.012406,0.150953,0.152324,0.117738,0.013472,0.038013,0.146693,0.116991,9,
0.074935,0.259619,0.162410,0.063155,0.148205,0.031689,0.184588,0.002203,0.048054,0.025143,1,
0.121476,0.024112,0.000886,0.138679,0.074830,0.150031,0.000931,0.151323,0.161576,0.176156,8,
0.149570,0.117903,0.017004,0.147502,0.161713,0.110166,0.018548,0.030585,0.139935,0.107073,8,
0.050093,0.249868,0.224318,0.040616,0.114953,0.018479,0.257541,0.000913,0.029271,0.013947,4,
0.148782,0.075223,0.006986,0.153807,0.134206,0.129434,0.007526,0.054443,0.155899,0.133695,8,
0.134217,0.185830,0.046837,0.124681,0.182598,0.080043,0.051895,0.013121,0.108763,0.072016,3,
0.146560,0.064343,0.005195,0.153797,0.124804,0.134429,0.005575,0.064527,0.159203,0.141567,4,
0.014335,0.166239,0.344365,0.010628,0.046410,0.003855,0.404737,0.000087,0.006755,0.002592,7,
0.146508,0.140126,0.024478,0.141548,0.171403,0.100367,0.026844,0.023254,0.130473,0.094998,1,
0.001585,0.061259,0.418355,0.001034,0.008386,0.000271,0.508404,0.000002,0.000549,0.000155,6,
0.135378,0.182550,0.044821,0.126112,0.182202,0.081539,0.049625,0.013700,0.110445,0.073627,5,
0.043571,0.242494,0.242666,0.034919,0.104554,0.015426,0.279455,0.000688,0.024758,0.011469,2,
0.136043,0.039863,0.002156,0.149020,0.098234,0.145201,0.002288,0.101735,0.163837,0.161623,0,
0.108153,0.236232,0.093550,0.095724,0.177211,0.054369,0.104972,0.005818,0.078019,0.045953,1,
0.007337,0.124944,0.378787,0.005222,0.027784,0.001708,0.449967,0.000027,0.003134,0.001090,2,
0.137559,0.175995,0.041019,0.128861,0.181212,0.084501,0.045349,0.014913,0.113739,0.076853,1,
0.140675,0.048041,0.003024,0.151611,0.108126,0.141771,0.003223,0.086076,0.162925,0.154528,8,
0.145915,0.061961,0.004840,0.153663,0.122578,0.135520,0.005190,0.067109,0.159855,0.143368,9,
0.092394,0.009690,0.000189,0.112867,0.043875,0.144938,0.000195,0.265510,0.144617,0.185725,5,
0.144655,0.057875,0.004262,0.153302,0.118603,0.137382,0.004562,0.071929,0.160901,0.146530,5,
0.071731,0.004866,0.000062,0.091772,0.028516,0.132485,0.000063,0.364816,0.125475,0.180215,0,
0.150449,0.095281,0.011061,0.151857,0.148769,0.120290,0.011992,0.040985,0.148843,0.120472,9,
0.149221,0.121411,0.018068,0.146664,0.163432,0.108613,0.019725,0.029274,0.138486,0.105106,1,
0.136987,0.041337,0.002302,0.149587,0.100109,0.144607,0.002445,0.098570,0.163741,0.160315,4,
0.109800,0.234021,0.090450,0.097435,0.178119,0.055706,0.101424,0.006099,0.079704,0.047242,6,
0.148336,0.128655,0.020398,0.144810,0.166754,0.105414,0.022309,0.026764,0.135439,0.101121,8,
0.000779,0.043425,0.426497,0.000489,0.004785,0.000116,0.523600,0.000001,0.000246,0.000063,2,
0.136284,0.179892,0.043245,0.127244,0.181832,0.082744,0.047851,0.014183,0.111791,0.074934,0,
0.126333,0.028277,0.001171,0.142397,0.081731,0.149161,0.001233,0.134455,0.162966,0.172275,9,
0.052094,0.002254,0.000018,0.069908,0.017239,0.113884,0.000018,0.477617,0.102206,0.164761,7,
0.105840,0.239158,0.097949,0.093339,0.175837,0.052533,0.110011,0.005446,0.075692,0.044196,1,
0.146582,0.064431,0.005208,0.153801,0.124885,0.134389,0.005590,0.064434,0.159178,0.141501,9,
0.078770,0.258932,0.153759,0.066757,0.152484,0.033973,0.174501,0.002480,0.051195,0.027150,1,
0.124282,0.026419,0.001040,0.140854,0.078730,0.149604,0.001093,0.141523,0.162444,0.174012,8,
0.052094,0.002254,0.000018,0.069908,0.017239,0.113884,0.000018,0.477617,0.102206,0.164761,3,
0.052094,0.002254,0.000018,0.069908,0.017239,0.113884,0.000018,0.477617,0.102206,0.164761,7,
0.108318,0.236015,0.093239,0.095894,0.177304,0.054501,0.104615,0.005846,0.078186,0.046081,1,
0.094169,0.010250,0.000208,0.114584,0.045400,0.145681,0.000214,0.257758,0.146006,0.185729,3,
0.001596,0.061461,0.418253,0.001042,0.008431,0.000274,0.508230,0.000002,0.000554,0.000156,6,
0.000424,0.032251,0.430642,0.000258,0.002958,0.000056,0.533257,0.000000,0.000124,0.000029,6,
0.144746,0.149009,0.027998,0.138759,0.174500,0.096464,0.030767,0.020864,0.126507,0.090387,4,
0.001004,0.049137,0.424066,0.000639,0.005849,0.000157,0.518733,0.000001,0.000328,0.000087,6,
0.000029,0.008473,0.433608,0.000015,0.000348,0.000002,0.557517,0.000000,0.000006,0.000001,2,
0.057390,0.255511,0.204947,0.047097,0.125731,0.022091,0.234561,0.001214,0.034522,0.016936,1,
0.150482,0.099238,0.011992,0.151239,0.151279,0.118504,0.013016,0.038876,0.147346,0.118027,3,
0.091747,0.009493,0.000183,0.112238,0.043328,0.144654,0.000189,0.268362,0.144101,0.185705,5,
0.130212,0.196223,0.053788,0.119878,0.183378,0.075228,0.059737,0.011392,0.103261,0.066902,6,
0.076221,0.005693,0.000079,0.096526,0.031515,0.135789,0.000081,0.341712,0.130095,0.182288,7,
0.003838,0.093068,0.400481,0.002631,0.016788,0.000783,0.480428,0.000009,0.001498,0.000476,2,
0.004671,0.101892,0.394855,0.003238,0.019567,0.000991,0.472291,0.000012,0.001873,0.000611,6,
0.145432,0.060314,0.004603,0.153538,0.121000,0.136272,0.004932,0.068989,0.160289,0.144632,4,
0.046326,0.245899,0.234785,0.037315,0.109039,0.016695,0.270024,0.000779,0.026644,0.012494,4,
0.098630,0.011790,0.000262,0.118824,0.049404,0.147316,0.000271,0.238776,0.149310,0.185417,3,
0.000588,0.037856,0.428676,0.000364,0.003831,0.000083,0.528378,0.000000,0.000179,0.000044,2,
0.117875,0.221546,0.075595,0.106005,0.181657,0.062688,0.084471,0.007721,0.088355,0.054088,6,
0.102889,0.013462,0.000327,0.122772,0.053472,0.148561,0.000340,0.221285,0.152209,0.184684,7,
0.139425,0.169911,0.037736,0.131286,0.180061,0.087224,0.041663,0.016111,0.116723,0.079861,1,
0.066426,0.004012,0.000045,0.086039,0.025186,0.128141,0.000046,0.393316,0.119687,0.177101,7,
0.056602,0.255023,0.206987,0.046391,0.124608,0.021691,0.236973,0.001179,0.033944,0.016602,1,
0.008227,0.131410,0.373908,0.005895,0.030349,0.001962,0.443383,0.000033,0.003572,0.001262,6,
0.044978,0.244288,0.238617,0.036140,0.106861,0.016070,0.274607,0.000733,0.025717,0.011989,3,
0.144036,0.152220,0.029355,0.137694,0.175512,0.095051,0.032282,0.020060,0.125047,0.088743,0,
0.149750,0.082943,0.008431,0.153316,0.140200,0.125898,0.009107,0.048625,0.153304,0.128427,4,
0.107275,0.015425,0.000412,0.126730,0.057939,0.149511,0.000429,0.203883,0.154921,0.183476,8,
0.052094,0.002254,0.000018,0.069908,0.017239,0.113884,0.000018,0.477617,0.102206,0.164761,7,
0.071084,0.004755,0.000059,0.091080,0.028098,0.131981,0.000061,0.368218,0.124789,0.179874,9,
0.060689,0.257251,0.196543,0.050064,0.130322,0.023795,0.224635,0.001370,0.036966,0.018365,1,
0.104975,0.240199,0.099605,0.092454,0.175295,0.051860,0.111911,0.005313,0.074834,0.043554,5,
0.087800,0.008366,0.000149,0.108354,0.040093,0.142775,0.000153,0.286103,0.140832,0.185375,9,
0.120315,0.023228,0.000831,0.137758,0.073281,0.150151,0.000871,0.155427,0.161169,0.176968,8,
0.017154,0.178559,0.332340,0.012864,0.053141,0.004803,0.389434,0.000119,0.008308,0.003277,2,
0.138993,0.044772,0.002660,0.150729,0.104317,0.143177,0.002830,0.091813,0.163394,0.157315,4,
0.146949,0.065904,0.005435,0.153857,0.126228,0.133714,0.005836,0.062916,0.158760,0.140402,8,
0.109684,0.234181,0.090669,0.097313,0.178057,0.055610,0.101674,0.006079,0.079584,0.047150,6,
0.052094,0.002254,0.000018,0.069908,0.017239,0.113884,0.000018,0.477617,0.102206,0.164761,7,
0.018110,0.182359,0.328426,0.013629,0.055349,0.005134,0.384494,0.000132,0.008846,0.003520,6,
0.105648,0.239391,0.098315,0.093143,0.175719,0.052383,0.110430,0.005416,0.075501,0.044053,3,
0.090021,0.253874,0.129514,0.077543,0.163705,0.041120,0.146361,0.003465,0.060840,0.033559,4,
0.150456,0.095617,0.011139,0.151807,0.148987,0.120138,0.012078,0.040800,0.148717,0.120263,9,
0.084346,0.007477,0.000124,0.104891,0.037398,0.140920,0.000127,0.302124,0.137807,0.184787,9,
0.067888,0.004235,0.000049,0.087632,0.026082,0.129387,0.000050,0.385323,0.121319,0.178033,7,
0.138660,0.172464,0.039086,0.130282,0.180570,0.086084,0.043178,0.015599,0.115479,0.078597,8,
0.069536,0.004497,0.000054,0.089416,0.027111,0.130747,0.000055,0.376443,0.123124,0.179016,5,
0.078849,0.006227,0.000092,0.099266,0.033351,0.137568,0.000094,0.328601,0.132681,0.183270,7,
0.073909,0.259711,0.164761,0.062196,0.147021,0.031089,0.187334,0.002132,0.047226,0.024619,1,
0.052094,0.002254,0.000018,0.069908,0.017239,0.113884,0.000018,0.477617,0.102206,0.164761,5,
0.007509,0.126232,0.377829,0.005352,0.028285,0.001757,0.448669,0.000028,0.003218,0.001123,6,
0.134636,0.037811,0.001961,0.148145,0.095549,0.146004,0.002078,0.106442,0.163908,0.163466,4,
0.131810,0.192234,0.051013,0.121772,0.183166,0.077091,0.056603,0.012037,0.105405,0.068868,6,
0.147480,0.068221,0.005801,0.153907,0.128294,0.132650,0.006235,0.060635,0.158081,0.138696,8,
0.098738,0.011830,0.000264,0.118925,0.049504,0.147351,0.000273,0.238325,0.149386,0.185404,8,
0.117869,0.021485,0.000726,0.135784,0.070128,0.150301,0.000760,0.164175,0.160225,0.178546,0,
0.002701,0.078954,0.408887,0.001815,0.012750,0.000514,0.493063,0.000005,0.001005,0.000304,2,
0.087107,0.255613,0.135638,0.074718,0.160994,0.039201,0.153450,0.003183,0.058277,0.031819,4,
0.136088,0.039931,0.002162,0.149047,0.098322,0.145174,0.002295,0.101585,0.163833,0.161563,9,
0.113175,0.229147,0.084174,0.100978,0.179790,0.058533,0.094252,0.006724,0.083236,0.049990,1,
0.147449,0.068079,0.005778,0.153905,0.128169,0.132715,0.006210,0.060771,0.158123,0.138800,3,
0.149736,0.116007,0.016446,0.147938,0.160753,0.111008,0.017930,0.031322,0.140712,0.108147,5,
0.085601,0.256395,0.138845,0.073266,0.159539,0.038229,0.157168,0.003045,0.056971,0.030943,0,
0.053059,0.252472,0.216309,0.043236,0.119439,0.019921,0.248021,0.001029,0.031379,0.015134,0,
0.075978,0.005646,0.000078,0.096272,0.031348,0.135619,0.000080,0.342938,0.129852,0.182189,3,
0.030583,0.219606,0.282895,0.023856,0.081426,0.009842,0.328095,0.000346,0.016284,0.007066,2,
0.148369,0.072737,0.006551,0.153883,0.132161,0.130576,0.007053,0.056530,0.156695,0.135445,9,
0.150387,0.104804,0.013377,0.150260,0.154626,0.116004,0.014542,0.036141,0.145193,0.114666,0,
0.000179,0.021032,0.433613,0.000103,0.001488,0.000020,0.543508,0.000000,0.000047,0.000010,2,
0.043795,0.242788,0.242015,0.035114,0.104925,0.015528,0.278676,0.000695,0.024911,0.011552,2,
0.139968,0.046617,0.002862,0.151249,0.106489,0.142388,0.003048,0.088500,0.163144,0.155734,0,
0.052094,0.002254,0.000018,0.069908,0.017239,0.113884,0.000018,0.477617,0.102206,0.164761,7,
0.112457,0.230224,0.085501,0.100219,0.179457,0.057921,0.095768,0.006585,0.082475,0.049393,1,
0.110339,0.016965,0.000484,0.129426,0.061246,0.149966,0.000505,0.192074,0.156644,0.182351,7,
0.150479,0.097581,0.011597,0.151506,0.150241,0.119251,0.012582,0.039741,0.147976,0.119045,3,
0.106214,0.014925,0.000390,0.125783,0.056830,0.149313,0.000405,0.208038,0.154291,0.183811,0,
0.059245,0.256548,0.200197,0.048762,0.128333,0.023044,0.228947,0.001300,0.035890,0.017733,2,
0.122931,0.025277,0.000962,0.139815,0.076824,0.149834,0.001011,0.146221,0.162047,0.175077,5,
0.100411,0.245229,0.108477,0.087825,0.172192,0.048408,0.122099,0.004666,0.070400,0.040294,4,
0.052094,0.002254,0.000018,0.069908,0.017239,0.113884,0.000018,0.477617,0.102206,0.164761,7,
0.120612,0.023451,0.000845,0.137995,0.073675,0.150123,0.000886,0.154373,0.161276,0.176764,5,
0.141095,0.048923,0.003126,0.151818,0.109124,0.141386,0.003333,0.084629,0.162778,0.153787,0,
0.042941,0.241653,0.244494,0.034374,0.103511,0.015140,0.281647,0.000668,0.024332,0.011240,4,
0.100206,0.245437,0.108882,0.087618,0.172043,0.048256,0.122564,0.004639,0.070204,0.040152,0,
0.117002,0.223031,0.077174,0.105063,0.181354,0.061896,0.086269,0.007523,0.087386,0.053301,6,
0.106974,0.015282,0.000406,0.126463,0.057623,0.149457,0.000422,0.205056,0.154745,0.183574,3,
0.000041,0.010145,0.434037,0.000022,0.000464,0.000004,0.555277,0.000000,0.000009,0.000002,6,
0.144798,0.148767,0.027898,0.138838,0.174421,0.096570,0.030655,0.020926,0.126617,0.090511,0,
0.135135,0.038520,0.002027,0.148459,0.096487,0.145730,0.002150,0.104774,0.163892,0.162826,9,
0.138280,0.173699,0.039754,0.129790,0.180803,0.085531,0.043928,0.015357,0.114873,0.077986,5,
0.136297,0.040252,0.002194,0.149174,0.098733,0.145046,0.002329,0.100884,0.163815,0.161277,8,
0.088485,0.008553,0.000154,0.109033,0.040642,0.143119,0.000159,0.282984,0.141414,0.185458,5,
0.127561,0.202430,0.058408,0.116795,0.183474,0.072282,0.064960,0.010429,0.099833,0.063828,0,
0.149948,0.113282,0.015663,0.148544,0.159335,0.112219,0.017065,0.032419,0.141819,0.109705,3,
0.099067,0.246564,0.111131,0.086475,0.171202,0.047423,0.125151,0.004491,0.069123,0.039372,1,
0.002103,0.070129,0.413764,0.001394,0.010477,0.000381,0.500770,0.000003,0.000757,0.000221,6,
0.140406,0.166505,0.035994,0.132592,0.179322,0.088739,0.039710,0.016814,0.118364,0.081553,5,
0.099594,0.246048,0.110088,0.087004,0.171594,0.047807,0.123951,0.004559,0.069622,0.039731,1,
0.138915,0.171623,0.038637,0.130615,0.180407,0.086460,0.042674,0.015767,0.115890,0.079013,1,
0.017388,0.179507,0.331373,0.013051,0.053685,0.004884,0.388212,0.000122,0.008440,0.003336,4,
0.003972,0.094554,0.399554,0.002728,0.017242,0.000816,0.479071,0.000009,0.001558,0.000497,4,
0.130247,0.196139,0.053729,0.119919,0.183374,0.075267,0.059669,0.011405,0.103307,0.066943,8,
0.141923,0.050751,0.003344,0.152209,0.111153,0.140581,0.003568,0.081755,0.162450,0.152266,4,
0.072802,0.259767,0.167316,0.061165,0.145726,0.030448,0.190319,0.002059,0.046337,0.024061,1,
0.073135,0.005114,0.000067,0.093269,0.029436,0.133555,0.000068,0.357491,0.126948,0.180918,8,
0.129670,0.197532,0.054731,0.119242,0.183422,0.074612,0.060802,0.011185,0.102548,0.066256,0,
0.150407,0.104119,0.013202,0.150387,0.154225,0.116311,0.014348,0.036464,0.145461,0.115076,8,
0.079780,0.258661,0.151514,0.067712,0.153574,0.034587,0.171887,0.002558,0.052034,0.027693,1,
0.098586,0.247027,0.112087,0.085993,0.170839,0.047073,0.126252,0.004430,0.068669,0.039045,1,
0.150264,0.089957,0.009877,0.152579,0.145215,0.122702,0.010691,0.044066,0.150809,0.123840,0,
0.001757,0.064355,0.416789,0.001153,0.009093,0.000307,0.505750,0.000002,0.000617,0.000176,6,
0.089973,0.253904,0.129612,0.077497,0.163662,0.041089,0.146474,0.003460,0.060798,0.033531,0,
0.138630,0.044117,0.002589,0.150529,0.103530,0.143454,0.002754,0.093041,0.163473,0.157882,9,
0.054390,0.253501,0.212775,0.044419,0.121406,0.020581,0.243829,0.001084,0.032337,0.015679,6,
0.012603,0.157680,0.352185,0.009268,0.042084,0.003293,0.414802,0.000069,0.005824,0.002191,2,
0.133526,0.036300,0.001823,0.147431,0.093513,0.146575,0.001930,0.110156,0.163910,0.164837,8,
0.019665,0.188178,0.322225,0.014879,0.058863,0.005682,0.376701,0.000153,0.009731,0.003922,6,
0.088455,0.254845,0.132792,0.076022,0.162265,0.040083,0.150154,0.003310,0.059457,0.032617,6,
0.000092,0.015120,0.434333,0.000051,0.000877,0.000009,0.549491,0.000000,0.000022,0.000004,6,
0.000646,0.039638,0.428001,0.000401,0.004127,0.000093,0.526844,0.000000,0.000199,0.000050,6,
0.071728,0.004865,0.000062,0.091770,0.028514,0.132483,0.000063,0.364830,0.125472,0.180213,0,
0.070794,0.259749,0.171995,0.059303,0.143329,0.029301,0.195793,0.001930,0.044739,0.023066,2,
0.139607,0.169293,0.037415,0.131525,0.179932,0.087499,0.041303,0.016237,0.117022,0.080167,2,
0.052094,0.002254,0.000018,0.069908,0.017239,0.113884,0.000018,0.477617,0.102206,0.164761,5,
0.114862,0.226531,0.081073,0.102769,0.180525,0.059994,0.090714,0.007064,0.085045,0.051422,2,
0.083195,0.007199,0.000116,0.103726,0.036527,0.140259,0.000119,0.307564,0.136766,0.184529,3,
0.129184,0.031143,0.001388,0.144468,0.086145,0.148343,0.001465,0.124750,0.163518,0.169596,3,
0.000042,0.010247,0.434056,0.000023,0.000471,0.000004,0.555147,0.000000,0.000009,0.000002,2,
0.031000,0.220547,0.281509,0.024206,0.082225,0.010010,0.326405,0.000355,0.016546,0.007197,2,
0.102315,0.243224,0.104750,0.089747,0.173536,0.049827,0.117815,0.004926,0.072230,0.041629,1,
0.139470,0.045659,0.002756,0.150987,0.105368,0.142799,0.002934,0.090195,0.163279,0.156553,0,
0.052718,0.252195,0.217219,0.042934,0.118931,0.019754,0.249102,0.001015,0.031135,0.014995,2,
0.108164,0.015856,0.000432,0.127518,0.058882,0.149661,0.000449,0.200428,0.155436,0.183174,2,
0.132158,0.191340,0.050410,0.122187,0.183103,0.077506,0.055922,0.012185,0.105880,0.069307,1,
0.148287,0.072274,0.006472,0.153893,0.131775,0.130788,0.006966,0.056931,0.156840,0.135774,0,
0.145810,0.143828,0.025905,0.140413,0.172747,0.098741,0.028433,0.022227,0.128833,0.093064,4,
0.135253,0.038690,0.002043,0.148533,0.096711,0.145664,0.002167,0.104379,0.163887,0.162673,9,
0.124366,0.026493,0.001045,0.140918,0.078851,0.149588,0.001099,0.141229,0.162467,0.173944,9,
0.121960,0.214098,0.068274,0.110476,0.182791,0.066542,0.076147,0.008736,0.093023,0.057952,1,
0.053371,0.252721,0.215478,0.043513,0.119902,0.020075,0.247035,0.001042,0.031603,0.015261,6,
0.149745,0.082893,0.008422,0.153321,0.140163,0.125921,0.009096,0.048659,0.153321,0.128459,8,
0.061631,0.003342,0.000034,0.080746,0.022363,0.123793,0.000034,0.420277,0.114144,0.173637,9,
0.100740,0.244893,0.107832,0.088155,0.172428,0.048651,0.121357,0.004710,0.070713,0.040521,0,
0.063060,0.003533,0.000037,0.082335,0.023187,0.125132,0.000038,0.412116,0.115828,0.174736,3,
0.109232,0.234796,0.091517,0.096843,0.177812,0.055241,0.102645,0.006001,0.079119,0.046793,1,
0.020208,0.190116,0.320099,0.015318,0.060072,0.005877,0.374039,0.000160,0.010044,0.004066,5,
0.002806,0.080380,0.408072,0.001890,0.013136,0.000537,0.491806,0.000005,0.001050,0.000319,6,
0.148608,0.126605,0.019720,0.145351,0.165845,0.106318,0.021556,0.027449,0.136308,0.102239,4,
0.148941,0.076277,0.007174,0.153762,0.135056,0.128950,0.007732,0.053591,0.155555,0.132961,3,
0.099623,0.012161,0.000276,0.119753,0.050330,0.147634,0.000286,0.234645,0.150008,0.185284,9,
0.000563,0.037061,0.428970,0.000347,0.003702,0.000079,0.529065,0.000000,0.000170,0.000042,6,
0.138781,0.172065,0.038873,0.130441,0.180493,0.086262,0.042939,0.015679,0.115674,0.078794,3,
0.052094,0.002254,0.000018,0.069908,0.017239,0.113884,0.000018,0.477617,0.102206,0.164761,7,
0.142782,0.157510,0.031695,0.135875,0.177056,0.092720,0.034896,0.018798,0.122609,0.086060,9,
0.110399,0.233190,0.089328,0.098060,0.178435,0.056199,0.100141,0.006206,0.080323,0.047719,4,
0.127633,0.202268,0.058283,0.116877,0.183475,0.072359,0.064818,0.010453,0.099924,0.063908,0,
0.076962,0.005840,0.000083,0.097302,0.032026,0.136302,0.000085,0.337984,0.130833,0.182582,7,
0.097299,0.011309,0.000245,0.117569,0.048182,0.146863,0.000253,0.244370,0.148352,0.185559,7,
0.114577,0.019366,0.000607,0.133053,0.066102,0.150297,0.000635,0.176185,0.158780,0.180399,5,
0.003079,0.083967,0.405986,0.002084,0.014128,0.000601,0.488624,0.000006,0.001166,0.000359,2,
0.145188,0.059523,0.004491,0.153468,0.120230,0.136633,0.004810,0.069922,0.160492,0.145244,5,
0.003650,0.090920,0.401808,0.002495,0.016142,0.000737,0.482379,0.000008,0.001415,0.000446,2,
0.121011,0.023754,0.000864,0.138312,0.074206,0.150083,0.000906,0.152961,0.161417,0.176486,3,
0.150373,0.092472,0.010427,0.152254,0.146920,0.121561,0.011295,0.042573,0.149888,0.122237,5,
0.002739,0.079472,0.408592,0.001842,0.012890,0.000522,0.492607,0.000005,0.001021,0.000310,6,
0.106961,0.015275,0.000405,0.126451,0.057609,0.149454,0.000422,0.205108,0.154737,0.183578,9,
0.147192,0.066937,0.005596,0.153885,0.127156,0.133240,0.006012,0.061883,0.158460,0.139639,0,
0.017139,0.178499,0.332401,0.012852,0.053106,0.004798,0.389512,0.000119,0.008300,0.003274,2,
0.142226,0.051454,0.003429,0.152347,0.111920,0.140269,0.003661,0.080692,0.162315,0.151687,3,
0.115608,0.225334,0.079710,0.103566,0.180827,0.060651,0.089159,0.007220,0.085856,0.052069,0,
0.007612,0.126998,0.377255,0.005430,0.028586,0.001786,0.447892,0.000029,0.003269,0.001142,5,
0.126111,0.028068,0.001156,0.142232,0.081400,0.149215,0.001217,0.135217,0.162914,0.172470,5,
0.105046,0.240115,0.099470,0.092526,0.175340,0.051914,0.111755,0.005324,0.074903,0.043606,1,
0.058353,0.002934,0.000028,0.077068,0.020530,0.120581,0.000028,0.439404,0.110180,0.170895,8,
0.150152,0.087988,0.009458,0.152811,0.143846,0.123597,0.010232,0.045284,0.151521,0.125109,0,
0.107752,0.236754,0.094309,0.095309,0.176980,0.054047,0.105841,0.005752,0.077612,0.045644,4,
0.047787,0.247529,0.230686,0.038591,0.111361,0.017380,0.265131,0.000829,0.027656,0.013050,1,
0.140264,0.167008,0.036247,0.132402,0.179436,0.088516,0.039993,0.016709,0.118123,0.081302,1,
0.107434,0.237164,0.094913,0.094980,0.176795,0.053792,0.106532,0.005700,0.077290,0.045400,4,
