0, 1, 2, 3, 4, 5, 6, 7, 8, 9, True
0.012903,0.170088,0.335484,0.158944,0.048387,0.029032,0.051613,0.174194,0.009677,0.009677,2,
0.000000,0.902054,0.006453,0.009677,0.049098,0.003226,0.006455,0.006866,0.000041,0.016129,4,
0.009677,0.122581,0.016129,0.016214,0.199597,0.251613,0.012903,0.163667,0.022581,0.185038,4,
0.038710,0.070968,0.161290,0.041935,0.164516,0.209677,0.038710,0.127419,0.003226,0.143548,4,
0.001055,0.235321,0.013441,0.105946,0.177879,0.158817,0.006581,0.093130,0.005161,0.202670,3,
0.048387,0.151613,0.267742,0.289785,0.019355,0.045161,0.003226,0.139247,0.035484,0.000000,3,
0.012903,0.148566,0.022581,0.051613,0.259556,0.254916,0.041935,0.087097,0.016129,0.104704,5,
0.009677,0.048387,0.696774,0.012903,0.077419,0.009677,0.077419,0.025806,0.003226,0.038710,2,
0.006452,0.325806,0.106452,0.064516,0.174194,0.061290,0.019355,0.162159,0.000000,0.079777,9,
0.216129,0.112903,0.038710,0.064516,0.093548,0.319355,0.051613,0.070968,0.012903,0.019355,0,
0.000000,0.808805,0.000000,0.003251,0.000716,0.061290,0.112903,0.013035,0.000000,0.000000,1,
0.038710,0.276349,0.061290,0.313589,0.019565,0.100058,0.000000,0.129149,0.054839,0.006452,8,
0.000000,0.973316,0.006481,0.000000,0.000203,0.006560,0.009695,0.003733,0.000013,0.000000,1,
0.074194,0.019355,0.103226,0.054839,0.096774,0.116129,0.029032,0.383871,0.016129,0.106452,7,
0.000000,0.585539,0.009677,0.003451,0.139900,0.061895,0.165692,0.019575,0.003226,0.011046,6,
0.000000,0.998776,0.000002,0.000000,0.000000,0.000000,0.000007,0.000868,0.000000,0.000347,1,
0.016129,0.051613,0.709677,0.051613,0.038710,0.045161,0.029032,0.025806,0.019355,0.012903,2,
0.009677,0.054839,0.670968,0.045161,0.054839,0.041935,0.061290,0.041935,0.006452,0.012903,2,
0.000000,0.825791,0.000000,0.025806,0.003226,0.029032,0.041935,0.067757,0.000000,0.006452,1,
0.206452,0.067742,0.029032,0.061290,0.100000,0.254839,0.061290,0.174194,0.009677,0.035484,0,
0.051613,0.067742,0.280645,0.422581,0.000000,0.077419,0.012903,0.080645,0.006452,0.000000,3,
0.167742,0.100000,0.119355,0.190323,0.045161,0.248387,0.054839,0.029032,0.041935,0.003226,5,
0.000000,0.393435,0.000000,0.039756,0.079260,0.025806,0.000214,0.200514,0.003226,0.257789,9,
0.000000,0.398731,0.006452,0.041935,0.152373,0.039219,0.003226,0.309677,0.019355,0.029032,7,
0.029032,0.579889,0.035484,0.238738,0.000000,0.055520,0.003226,0.054885,0.003226,0.000000,3,
0.000000,0.790254,0.003226,0.019355,0.032258,0.016129,0.009731,0.074209,0.000000,0.054839,1,
0.009677,0.054839,0.006452,0.032258,0.090663,0.596434,0.003226,0.151613,0.009677,0.045161,0,
0.045161,0.096774,0.180645,0.067742,0.109677,0.080645,0.309677,0.035484,0.019355,0.054839,6,
0.029032,0.100000,0.364516,0.051613,0.106452,0.045161,0.216129,0.032258,0.016129,0.038710,6,
0.452419,0.048387,0.061290,0.038710,0.035484,0.150000,0.129032,0.022581,0.042742,0.019355,0,
0.000000,0.976220,0.006453,0.000000,0.003871,0.000000,0.003232,0.009901,0.000000,0.000323,1,
0.041935,0.167742,0.041935,0.025806,0.025806,0.561290,0.016129,0.087097,0.019355,0.012903,2,
0.012903,0.106452,0.019355,0.006452,0.063226,0.103226,0.522258,0.012903,0.069355,0.083871,6,
0.016129,0.315207,0.041935,0.354839,0.029954,0.129032,0.000000,0.093548,0.009677,0.009677,3,
0.009677,0.391211,0.054839,0.448662,0.001020,0.036482,0.003270,0.054839,0.000000,0.000000,3,
0.003226,0.054839,0.000000,0.016129,0.042063,0.016129,0.000000,0.596185,0.000000,0.271430,9,
0.006452,0.212903,0.400000,0.203226,0.009677,0.038710,0.051613,0.045161,0.016129,0.016129,2,
0.009677,0.029032,0.106509,0.731181,0.003226,0.029994,0.000000,0.064516,0.016129,0.009735,3,
0.012903,0.388330,0.019355,0.022581,0.143048,0.229032,0.023438,0.109701,0.009677,0.041935,9,
0.006452,0.381723,0.009677,0.009677,0.179296,0.129032,0.087147,0.161510,0.006452,0.029032,4,
0.029032,0.354839,0.312903,0.032258,0.041935,0.041935,0.109677,0.070968,0.003226,0.003226,2,
0.000000,0.895483,0.003226,0.032258,0.021815,0.000095,0.000000,0.034221,0.000000,0.012903,1,
0.003226,0.019240,0.625806,0.106452,0.029032,0.054839,0.103226,0.048502,0.003226,0.006452,2,
0.006452,0.248387,0.006452,0.003226,0.014516,0.058439,0.547836,0.003226,0.066253,0.045213,6,
0.000000,0.893075,0.003396,0.006498,0.051662,0.012931,0.016129,0.006452,0.000000,0.009857,1,
0.003226,0.430644,0.119355,0.345285,0.000210,0.019412,0.000000,0.065739,0.016129,0.000000,3,
0.000000,0.965983,0.000000,0.000000,0.004738,0.022581,0.000003,0.006695,0.000000,0.000000,1,
0.016129,0.550625,0.138710,0.032845,0.045308,0.077419,0.083871,0.048642,0.000000,0.006452,4,
0.000000,0.950969,0.000000,0.022707,0.000175,0.009852,0.000000,0.012977,0.000000,0.003321,1,
0.000000,0.754183,0.003235,0.006677,0.012595,0.102768,0.114091,0.006452,0.000000,0.000000,6,
0.067742,0.048387,0.093548,0.016129,0.079691,0.109677,0.441935,0.019400,0.022581,0.100909,6,
0.022581,0.033871,0.003763,0.032258,0.066667,0.625699,0.000000,0.141935,0.023763,0.049462,2,
0.000000,0.502652,0.083882,0.003233,0.079552,0.032353,0.245267,0.017793,0.004936,0.030330,6,
0.016129,0.599939,0.070979,0.090323,0.003239,0.019368,0.064524,0.093563,0.041935,0.000000,2,
0.003226,0.526256,0.022581,0.061548,0.034514,0.071157,0.016210,0.188394,0.022581,0.053534,0,
0.006452,0.473010,0.000018,0.016129,0.077419,0.119355,0.009687,0.233402,0.003239,0.061290,8,
0.003226,0.512342,0.019355,0.058205,0.054979,0.051706,0.003226,0.141045,0.003226,0.152690,9,
0.006452,0.048387,0.009677,0.074194,0.041935,0.100000,0.000000,0.474194,0.003226,0.241935,7,
0.045161,0.116129,0.032258,0.158065,0.022581,0.461290,0.006452,0.116129,0.035484,0.006452,0,
0.000000,0.217359,0.000000,0.012903,0.178951,0.016487,0.000000,0.455843,0.000000,0.118456,7,
0.000000,0.609349,0.158066,0.003226,0.025850,0.012947,0.171118,0.003315,0.000000,0.016129,6,
0.003787,0.615953,0.003533,0.013082,0.180328,0.027372,0.016163,0.028664,0.036436,0.074681,0,
0.000000,0.403660,0.003226,0.035484,0.123491,0.140860,0.047312,0.020161,0.064516,0.161290,4,
0.000000,0.250097,0.003226,0.009677,0.224962,0.055992,0.000000,0.079364,0.009756,0.366926,9,
0.029032,0.041935,0.003226,0.009677,0.016129,0.133554,0.618007,0.000000,0.129032,0.019407,6,
0.000380,0.057192,0.006452,0.026885,0.071632,0.064611,0.003226,0.467693,0.000892,0.301038,9,
0.000000,0.033517,0.000000,0.000700,0.733525,0.002783,0.003304,0.025458,0.000069,0.200645,4,
0.006452,0.232258,0.003226,0.138710,0.120161,0.166129,0.006452,0.172581,0.006452,0.147581,5,
0.119355,0.376751,0.087097,0.042522,0.048387,0.125806,0.045161,0.132340,0.006452,0.016129,0,
0.016129,0.024194,0.016129,0.032258,0.034946,0.744086,0.000000,0.061290,0.029032,0.041935,5,
0.006452,0.020161,0.029032,0.059140,0.037097,0.041935,0.003226,0.628441,0.003226,0.171290,7,
0.009677,0.006452,0.000000,0.016129,0.038757,0.581888,0.000000,0.229355,0.001613,0.116129,7,
0.000000,0.504525,0.019355,0.051613,0.198167,0.018251,0.000000,0.159701,0.029032,0.019355,7,
0.000000,0.956653,0.006452,0.000000,0.004450,0.003226,0.003229,0.019540,0.000000,0.006452,1,
0.000000,0.146952,0.035732,0.016129,0.442675,0.051708,0.245009,0.020260,0.009677,0.031858,6,
0.038710,0.089247,0.016129,0.003226,0.213001,0.350224,0.012903,0.204035,0.045845,0.026679,4,
0.029032,0.200000,0.012903,0.110000,0.035484,0.354516,0.048387,0.048387,0.109677,0.051613,8,
0.000000,0.834465,0.012903,0.110523,0.003276,0.000028,0.000000,0.035484,0.000000,0.003321,1,
0.006452,0.198332,0.006452,0.035484,0.022635,0.246774,0.293548,0.016129,0.064516,0.109677,5,
0.036290,0.235753,0.006452,0.030824,0.224364,0.123387,0.009677,0.098011,0.012903,0.222339,9,
0.022468,0.044966,0.003763,0.007312,0.033017,0.153486,0.035603,0.003226,0.664928,0.031231,8,
0.035484,0.138710,0.383871,0.244822,0.009677,0.097114,0.025806,0.064516,0.000000,0.000000,2,
0.064516,0.051613,0.451613,0.190323,0.022581,0.090323,0.029032,0.038710,0.051613,0.009677,2,
0.000000,0.385746,0.009677,0.016129,0.132156,0.126316,0.045968,0.084074,0.006452,0.193483,4,
0.029761,0.051660,0.161338,0.006452,0.096007,0.020000,0.525058,0.048387,0.054839,0.006499,2,
0.000000,0.838686,0.006453,0.006452,0.019355,0.019355,0.087103,0.016144,0.006452,0.000000,1,
0.033522,0.475151,0.026114,0.023888,0.105800,0.135476,0.020622,0.005486,0.105338,0.068603,8,
0.000020,0.916571,0.000023,0.013103,0.000263,0.009735,0.007410,0.049426,0.000208,0.003241,2,
0.003226,0.615771,0.006452,0.032258,0.074552,0.083871,0.054839,0.064516,0.003226,0.061290,6,
0.000000,0.000000,0.000000,0.000000,0.027616,0.000154,0.000000,0.440184,0.000000,0.532046,9,
0.000000,0.864449,0.006452,0.003244,0.032307,0.019355,0.019355,0.045161,0.000000,0.009677,1,
0.003226,0.273387,0.016129,0.041935,0.176882,0.077957,0.012903,0.211605,0.009677,0.176298,9,
0.019355,0.199944,0.006452,0.061318,0.009677,0.496802,0.051613,0.025806,0.041935,0.087097,5,
0.006452,0.196453,0.006452,0.100124,0.016327,0.354749,0.000000,0.216129,0.074283,0.029032,8,
0.029280,0.012903,0.158065,0.064516,0.093548,0.025806,0.502978,0.058065,0.025806,0.029032,6,
0.138710,0.006452,0.051613,0.022581,0.096605,0.456498,0.016129,0.126395,0.054910,0.030108,0,
0.000000,0.723911,0.003226,0.183399,0.049113,0.012931,0.000000,0.025806,0.001613,0.000000,4,
0.025806,0.100000,0.435484,0.235484,0.016129,0.090323,0.032258,0.051613,0.009677,0.003226,2,
0.003226,0.006452,0.000000,0.014516,0.006738,0.378459,0.000000,0.460916,0.003226,0.126468,5,
0.012903,0.180699,0.009677,0.016559,0.239594,0.133602,0.010215,0.069731,0.009677,0.317341,4,
0.094240,0.046352,0.010215,0.029032,0.080108,0.402919,0.116129,0.019355,0.137174,0.064478,8,
0.135484,0.019355,0.490323,0.003226,0.051613,0.141935,0.041935,0.087097,0.000000,0.029032,0,
0.035484,0.359948,0.145161,0.019355,0.104258,0.089247,0.191707,0.051613,0.003226,0.000000,5,
0.038710,0.293417,0.248387,0.193548,0.048431,0.080689,0.019399,0.074194,0.003226,0.000000,3,
0.003226,0.048982,0.090665,0.009677,0.578587,0.065941,0.084229,0.006648,0.022734,0.089310,4,
0.000000,0.933722,0.000000,0.016774,0.013548,0.003226,0.000003,0.025928,0.000000,0.006799,1,
0.000000,0.180645,0.022581,0.087097,0.000000,0.012903,0.000000,0.667742,0.003226,0.025806,7,
0.054839,0.054839,0.019355,0.022820,0.026165,0.497551,0.016129,0.032258,0.230884,0.045161,8,
0.000000,0.041935,0.009677,0.009677,0.061303,0.009677,0.003226,0.622916,0.000000,0.241587,9,
0.003226,0.087352,0.009677,0.013105,0.317399,0.068561,0.003304,0.042115,0.012903,0.442357,9,
0.006452,0.148896,0.000000,0.032985,0.103339,0.249443,0.009677,0.173314,0.009677,0.266215,5,
0.000000,0.698890,0.012918,0.115133,0.000649,0.016306,0.019430,0.091459,0.029082,0.016134,3,
0.000000,0.309061,0.016156,0.003318,0.508845,0.020024,0.083054,0.014101,0.000292,0.045149,4,
0.000000,0.057805,0.012903,0.072428,0.135346,0.172782,0.000000,0.443167,0.009677,0.095891,7,
0.151613,0.080645,0.067742,0.096774,0.093548,0.232258,0.064516,0.190323,0.006452,0.016129,0,
0.061290,0.130108,0.319355,0.060215,0.132258,0.077419,0.067742,0.112903,0.009677,0.029032,4,
0.000000,0.995305,0.000030,0.003226,0.000063,0.000000,0.000020,0.001324,0.000006,0.000026,1,
0.019355,0.164516,0.038710,0.035484,0.206631,0.361290,0.006452,0.045341,0.016129,0.106093,9,
0.006452,0.167742,0.177419,0.083871,0.180645,0.035484,0.029032,0.280645,0.016129,0.022581,7,
0.003226,0.051613,0.012903,0.082258,0.072258,0.411290,0.022581,0.177061,0.032258,0.134552,5,
0.006452,0.346681,0.000000,0.013105,0.236204,0.023184,0.000000,0.090018,0.006452,0.277905,9,
0.019355,0.067742,0.003226,0.016129,0.168035,0.544868,0.003226,0.158065,0.003226,0.016129,5,
0.009677,0.080645,0.103441,0.615281,0.000000,0.048727,0.000000,0.129326,0.006452,0.006452,3,
0.003226,0.073945,0.384119,0.393548,0.016129,0.022581,0.012903,0.058065,0.025806,0.009677,3,
0.000000,0.978138,0.000009,0.006777,0.006920,0.000000,0.000170,0.007985,0.000000,0.000000,1,
0.000000,0.793288,0.000000,0.025788,0.095354,0.003226,0.000450,0.068977,0.003226,0.009692,8,
0.025806,0.103226,0.003226,0.041935,0.090323,0.551613,0.006452,0.145161,0.022581,0.009677,5,
0.016129,0.193246,0.180645,0.009677,0.271220,0.032258,0.183921,0.093548,0.003226,0.016129,6,
0.000000,0.686058,0.000023,0.148119,0.015185,0.025971,0.007349,0.104359,0.006469,0.006466,3,
0.029032,0.035484,0.006452,0.081290,0.006452,0.743441,0.013978,0.006452,0.038710,0.038710,5,
0.000000,0.964089,0.009679,0.003226,0.000000,0.003226,0.012910,0.006870,0.000000,0.000000,1,
0.327957,0.090323,0.016129,0.058065,0.012903,0.196774,0.129032,0.006452,0.136559,0.025806,0,
0.003226,0.495616,0.000000,0.029286,0.044679,0.074346,0.317328,0.029068,0.006452,0.000000,6,
0.006452,0.157419,0.003226,0.016129,0.126452,0.077419,0.000000,0.470968,0.006452,0.135484,9,
0.000000,0.896323,0.012905,0.006452,0.016129,0.016129,0.012954,0.032647,0.006461,0.000000,1,
0.209677,0.067742,0.058065,0.035484,0.148387,0.153763,0.080645,0.152688,0.016129,0.077419,0,
0.003226,0.006452,0.041935,0.083871,0.100000,0.119355,0.000000,0.561290,0.029032,0.054839,7,
0.003226,0.488173,0.025806,0.408387,0.013002,0.006524,0.003270,0.051613,0.000000,0.000000,3,
0.090726,0.016129,0.396115,0.022581,0.145161,0.045161,0.064516,0.148387,0.003226,0.067998,0,
0.035484,0.045161,0.135484,0.041935,0.173656,0.164516,0.009677,0.285644,0.006452,0.101990,4,
0.000000,0.186986,0.041935,0.006452,0.009677,0.017312,0.655806,0.016129,0.065702,0.000000,6,
0.012903,0.157555,0.009677,0.058065,0.197114,0.267742,0.016129,0.196944,0.012903,0.070968,4,
0.177419,0.119355,0.067742,0.070968,0.112903,0.212903,0.080645,0.093548,0.019355,0.045161,6,
0.019355,0.051613,0.025806,0.112903,0.061290,0.470968,0.051613,0.116129,0.006452,0.083871,5,
0.000000,0.461013,0.058065,0.254927,0.000044,0.022682,0.025850,0.170968,0.006452,0.000000,3,
0.016129,0.035484,0.012903,0.277419,0.003226,0.519355,0.051613,0.003226,0.048387,0.032258,5,
0.000000,0.946750,0.000011,0.009677,0.001127,0.006604,0.009730,0.022875,0.000000,0.003226,6,
0.058065,0.041935,0.038710,0.132258,0.195968,0.248387,0.016129,0.131452,0.009677,0.127419,5,
0.003226,0.012903,0.003226,0.051613,0.070968,0.300161,0.000000,0.388665,0.019355,0.149883,9,
0.000000,0.573497,0.000000,0.007199,0.081713,0.100223,0.216934,0.010738,0.003237,0.006459,6,
0.000000,0.689034,0.000000,0.016129,0.042641,0.115025,0.103276,0.024217,0.000000,0.009677,5,
0.003226,0.332258,0.296774,0.051613,0.061290,0.116129,0.022581,0.041935,0.038710,0.035484,2,
0.003226,0.527673,0.003226,0.045455,0.280632,0.025877,0.006502,0.046812,0.000000,0.060598,9,
0.000000,0.044981,0.000000,0.085694,0.051693,0.039015,0.000000,0.054816,0.024603,0.699198,9,
0.000248,0.190095,0.006989,0.040730,0.078844,0.060215,0.003226,0.267403,0.000860,0.351390,8,
0.003226,0.415203,0.003226,0.012903,0.267757,0.068883,0.022581,0.044220,0.009677,0.152323,4,
0.006452,0.041935,0.006452,0.058065,0.119355,0.377419,0.000000,0.270968,0.012903,0.106452,7,
0.016129,0.054839,0.009677,0.058065,0.092473,0.557688,0.009677,0.101935,0.027419,0.072097,5,
0.086963,0.012903,0.006452,0.061313,0.090323,0.312970,0.009700,0.354839,0.025829,0.038710,5,
0.048387,0.264384,0.406452,0.080645,0.022625,0.025850,0.071012,0.058065,0.016129,0.006452,6,
0.185484,0.006452,0.348387,0.006452,0.145565,0.139516,0.093548,0.038710,0.016532,0.019355,0,
0.022581,0.090323,0.422581,0.161290,0.022581,0.080645,0.080645,0.074194,0.029032,0.016129,2,
0.351613,0.006452,0.029032,0.038710,0.045161,0.280645,0.022581,0.158065,0.016129,0.051613,0,
0.003226,0.683989,0.003226,0.014734,0.168952,0.027512,0.000000,0.019534,0.003226,0.075602,4,
0.003226,0.365508,0.010215,0.014194,0.246575,0.105520,0.064516,0.029913,0.031731,0.128602,3,
0.000000,0.540235,0.006452,0.032717,0.071260,0.074860,0.155631,0.089794,0.009689,0.019362,0,
0.051613,0.074194,0.090323,0.064516,0.216129,0.122581,0.141935,0.190323,0.003226,0.045161,4,
0.012903,0.249879,0.010484,0.169140,0.052452,0.133066,0.000000,0.099351,0.016814,0.255912,8,
0.006452,0.209719,0.009677,0.003268,0.046502,0.313029,0.222581,0.016532,0.041935,0.130305,9,
0.003226,0.180645,0.000000,0.041935,0.037097,0.119355,0.009677,0.508065,0.032258,0.067742,7,
0.003226,0.110081,0.000000,0.006452,0.179538,0.012903,0.000000,0.538443,0.000000,0.149357,7,
0.003226,0.241935,0.309677,0.170968,0.064516,0.064516,0.029032,0.083871,0.016129,0.016129,2,
0.003226,0.186866,0.587097,0.003226,0.025806,0.006452,0.090323,0.009677,0.087327,0.000000,2,
0.007416,0.631745,0.009677,0.003405,0.168144,0.042618,0.022939,0.011416,0.032209,0.070432,0,
0.003226,0.245293,0.077419,0.113082,0.309701,0.191935,0.003226,0.006655,0.000000,0.049462,4,
0.032258,0.152688,0.035484,0.167742,0.067742,0.345161,0.047312,0.061290,0.083871,0.006452,5,
0.009677,0.212993,0.012903,0.037182,0.134417,0.097133,0.009677,0.188667,0.022581,0.274770,9,
0.161290,0.006452,0.141935,0.006452,0.158065,0.251613,0.029032,0.106452,0.006452,0.132258,0,
0.016129,0.322043,0.261290,0.077957,0.087097,0.058065,0.045161,0.122581,0.000000,0.009677,6,
0.003226,0.412763,0.003226,0.006452,0.189533,0.068345,0.006452,0.142849,0.000000,0.167155,4,
0.016129,0.273225,0.019355,0.109902,0.029326,0.241935,0.016579,0.167742,0.125806,0.000000,8,
0.067742,0.000000,0.048387,0.572581,0.003226,0.267742,0.003226,0.022581,0.012903,0.001613,3,
0.000000,0.408871,0.000000,0.006452,0.127957,0.103226,0.248387,0.006452,0.016129,0.082527,6,
0.003226,0.055066,0.000000,0.000170,0.055273,0.030806,0.000000,0.623258,0.000000,0.232201,7,
0.032258,0.094672,0.132258,0.022903,0.348931,0.145878,0.009677,0.063151,0.030789,0.119482,4,
0.022581,0.353338,0.012903,0.033548,0.251853,0.145492,0.064656,0.025806,0.037564,0.052258,4,
0.000000,0.446515,0.016129,0.009677,0.074215,0.068912,0.345427,0.035519,0.000380,0.003226,6,
0.000000,0.543137,0.016129,0.270334,0.005577,0.035512,0.000000,0.119634,0.000000,0.009677,3,
0.048472,0.048664,0.013073,0.009764,0.119932,0.396013,0.009677,0.029147,0.236555,0.088703,8,
0.000000,0.177621,0.006452,0.035753,0.193306,0.190860,0.137097,0.039960,0.003226,0.215726,6,
0.058033,0.053818,0.000000,0.010452,0.009677,0.473571,0.120968,0.003226,0.254127,0.016129,8,
0.032258,0.452573,0.035484,0.009677,0.016129,0.116129,0.157104,0.016129,0.158065,0.006452,8,
0.000000,0.639347,0.000000,0.019355,0.107545,0.019355,0.019355,0.175689,0.000000,0.019355,7,
0.022581,0.465106,0.035484,0.051620,0.003609,0.161290,0.025093,0.091070,0.137688,0.006459,2,
0.000000,0.988751,0.000000,0.007097,0.000000,0.000000,0.000003,0.003699,0.000103,0.000347,1,
0.000000,0.009677,0.000000,0.003226,0.080645,0.187405,0.000000,0.468206,0.000000,0.250841,7,
0.022581,0.644113,0.022593,0.009963,0.157870,0.025878,0.079616,0.014316,0.000482,0.022588,6,
0.000000,0.263272,0.019355,0.055161,0.311429,0.045622,0.235806,0.042258,0.000000,0.027097,6,
0.009677,0.116129,0.512903,0.258065,0.012903,0.022581,0.012903,0.045161,0.003226,0.006452,3,
0.000000,0.492920,0.000000,0.019355,0.215407,0.062998,0.013017,0.147917,0.000000,0.048387,7,
0.116129,0.090323,0.148387,0.058065,0.154839,0.200000,0.077419,0.106452,0.006452,0.041935,0,
0.000000,0.804037,0.000000,0.022581,0.026489,0.019355,0.000000,0.069378,0.000000,0.058159,9,
0.038710,0.032258,0.003226,0.016129,0.080645,0.712903,0.006452,0.100000,0.003226,0.006452,5,
0.029032,0.247129,0.051613,0.038911,0.221965,0.083669,0.015054,0.055242,0.022750,0.234634,4,
0.012903,0.270088,0.322581,0.194428,0.029032,0.048387,0.035484,0.087097,0.000000,0.000000,2,
0.000000,0.295933,0.012903,0.007218,0.294328,0.042462,0.003304,0.019756,0.007258,0.316837,9,
0.048387,0.193548,0.032258,0.125806,0.064516,0.325806,0.054839,0.103226,0.048387,0.003226,2,
0.000000,0.196800,0.000000,0.025891,0.122504,0.024194,0.006452,0.440597,0.003226,0.180337,9,
0.006452,0.038710,0.045161,0.061290,0.080645,0.096774,0.009677,0.629032,0.009677,0.022581,7,
0.003226,0.394660,0.006452,0.041935,0.068311,0.224194,0.025806,0.087903,0.006682,0.140830,5,
0.000000,0.150403,0.006452,0.026068,0.091999,0.041935,0.000000,0.417724,0.000000,0.265418,9,
0.012903,0.197101,0.041935,0.271664,0.045430,0.306520,0.019941,0.048387,0.046440,0.009677,8,
0.022581,0.291935,0.035484,0.014516,0.132258,0.345161,0.019355,0.090323,0.025806,0.022581,5,
0.000000,0.364249,0.000000,0.009677,0.339596,0.035842,0.012982,0.033863,0.000000,0.203790,9,
0.003226,0.754958,0.022581,0.022581,0.013297,0.009677,0.029202,0.096092,0.000000,0.048387,1,
0.003226,0.256154,0.003226,0.022666,0.068364,0.048387,0.003226,0.423070,0.003226,0.168455,8,
0.200039,0.125806,0.032258,0.068817,0.012903,0.175484,0.074194,0.003226,0.294370,0.012903,8,
0.009677,0.661201,0.022581,0.041935,0.083871,0.106452,0.041935,0.016219,0.009677,0.006452,4,
0.015077,0.376997,0.017742,0.016730,0.157891,0.088846,0.019355,0.038195,0.096900,0.172267,8,
0.006452,0.083871,0.110036,0.705754,0.000000,0.016469,0.003226,0.070968,0.000000,0.003226,3,
0.000000,0.487783,0.000000,0.029110,0.121816,0.158005,0.013169,0.148175,0.003226,0.038717,4,
0.009677,0.244000,0.129032,0.172072,0.003226,0.048445,0.093548,0.241935,0.058065,0.000000,7,
0.000000,0.930835,0.000000,0.033236,0.009724,0.013050,0.000179,0.009751,0.000000,0.003226,1,
0.003226,0.299508,0.041935,0.029211,0.286773,0.058065,0.177419,0.071104,0.009677,0.023081,6,
0.354839,0.016129,0.083871,0.177419,0.006452,0.248387,0.032258,0.012903,0.058065,0.009677,5,
0.025806,0.551431,0.132258,0.022581,0.022581,0.032258,0.106452,0.080827,0.022581,0.003226,2,
0.657879,0.012903,0.080645,0.070978,0.000000,0.135554,0.022595,0.003226,0.012988,0.003231,0,
0.000000,0.999142,0.000012,0.000000,0.000038,0.000000,0.000011,0.000771,0.000000,0.000026,1,
0.000000,0.709481,0.058200,0.006576,0.052831,0.025806,0.107578,0.013182,0.000539,0.025806,2,
0.000000,0.859845,0.003226,0.022581,0.006452,0.029032,0.006455,0.068862,0.000000,0.003548,1,
0.047043,0.630717,0.022581,0.061147,0.024892,0.051613,0.006452,0.022581,0.109857,0.023118,8,
0.000215,0.135037,0.012903,0.022811,0.198229,0.110927,0.025806,0.222908,0.023763,0.247400,9,
0.022581,0.048387,0.016129,0.071326,0.042742,0.483871,0.009677,0.224373,0.000000,0.080914,5,
0.000000,0.525291,0.000000,0.049199,0.083720,0.111870,0.016803,0.177340,0.009677,0.026100,5,
0.290323,0.003226,0.009677,0.025806,0.038710,0.241935,0.012903,0.319355,0.003226,0.054839,0,
0.003246,0.765371,0.003226,0.004376,0.133434,0.003532,0.025156,0.051965,0.003243,0.006452,9,
0.000000,0.751193,0.003226,0.025933,0.003272,0.122755,0.064516,0.022654,0.000000,0.006452,1,
0.016129,0.025806,0.016129,0.006452,0.200479,0.586618,0.012903,0.109677,0.016129,0.009677,4,
0.029032,0.199565,0.029032,0.003226,0.303219,0.211079,0.064606,0.038710,0.009677,0.111854,6,
0.003226,0.804293,0.009688,0.009677,0.041935,0.064516,0.000004,0.040801,0.022604,0.003255,8,
0.083871,0.187097,0.280645,0.067742,0.087097,0.132258,0.122581,0.022581,0.006452,0.009677,2,
0.274194,0.087097,0.074194,0.058065,0.050504,0.100000,0.238810,0.042036,0.054839,0.020262,0,
0.000000,0.200806,0.012903,0.008242,0.092020,0.074194,0.003226,0.365442,0.003226,0.239942,9,
0.006452,0.019355,0.025806,0.067742,0.038710,0.012903,0.000000,0.754839,0.000000,0.074194,7,
0.000000,0.995057,0.000012,0.000000,0.003871,0.000000,0.000007,0.000705,0.000000,0.000349,1,
0.009677,0.088847,0.025806,0.016359,0.214916,0.099971,0.019355,0.244903,0.017204,0.262961,9,
0.000000,0.866724,0.009679,0.003427,0.003871,0.000000,0.006455,0.103391,0.006452,0.000000,1,
0.000000,0.183871,0.009677,0.025806,0.121504,0.420968,0.009677,0.045161,0.025806,0.157529,8,
0.170805,0.000000,0.012903,0.235484,0.058065,0.303249,0.003226,0.145161,0.019494,0.051613,3,
0.000000,0.019355,0.029032,0.038710,0.016129,0.032258,0.000000,0.822581,0.000000,0.041935,7,
0.000000,0.867322,0.000000,0.016255,0.003272,0.038884,0.048387,0.022654,0.000000,0.003226,1,
0.003226,0.041935,0.058311,0.834735,0.000000,0.035693,0.000000,0.019648,0.006452,0.000000,3,
0.038710,0.210036,0.135484,0.048925,0.089427,0.141935,0.225806,0.038710,0.009677,0.061290,6,
0.032258,0.090323,0.493548,0.025806,0.116129,0.016129,0.109677,0.087097,0.009677,0.019355,6,
0.003226,0.395711,0.006452,0.019462,0.261128,0.108159,0.035534,0.134736,0.000000,0.035591,4,
0.000000,0.094557,0.058117,0.006452,0.038777,0.006452,0.776240,0.006452,0.012955,0.000000,6,
0.067742,0.051613,0.606317,0.035618,0.032258,0.035484,0.080645,0.051613,0.032258,0.006452,2,
0.000000,0.896246,0.006453,0.006452,0.000000,0.025806,0.045168,0.016326,0.003226,0.000323,1,
0.000000,0.409591,0.016129,0.187126,0.000000,0.141993,0.051613,0.183871,0.006452,0.003226,3,
0.000264,0.003688,0.003288,0.004819,0.172598,0.676778,0.001653,0.025311,0.007339,0.104263,5,
0.216129,0.003226,0.070968,0.012903,0.164611,0.045066,0.374194,0.038710,0.006452,0.067742,6,
0.006452,0.106452,0.009677,0.049462,0.067742,0.083871,0.012903,0.387849,0.003226,0.272366,7,
0.003226,0.141935,0.638710,0.129032,0.006452,0.009677,0.012903,0.045161,0.012903,0.000000,2,
0.022581,0.341292,0.145331,0.052151,0.198217,0.025806,0.103297,0.087132,0.009677,0.014516,6,
0.019355,0.206452,0.012903,0.022581,0.277419,0.161290,0.012903,0.229032,0.006452,0.051613,4,
0.000000,0.936655,0.012905,0.000669,0.013651,0.009772,0.016136,0.003701,0.000052,0.006459,4,
0.019355,0.423874,0.035493,0.197008,0.036502,0.174300,0.003241,0.045711,0.045161,0.019355,3,
0.103226,0.106452,0.422581,0.093548,0.054839,0.080645,0.061290,0.048387,0.016129,0.012903,2,
0.045161,0.109677,0.070968,0.064516,0.225806,0.138710,0.216129,0.061290,0.012903,0.054839,6,
0.000000,0.370968,0.003226,0.148387,0.035484,0.096774,0.006452,0.248387,0.000000,0.090323,7,
0.000009,0.995278,0.000059,0.000065,0.000720,0.000000,0.003293,0.000348,0.000183,0.000045,1,
0.090571,0.009677,0.032258,0.012903,0.147655,0.396683,0.012903,0.220840,0.029816,0.046694,7,
0.000000,0.986103,0.009679,0.000000,0.000000,0.000000,0.000007,0.003760,0.000103,0.000347,1,
0.074194,0.148157,0.180645,0.061290,0.157937,0.093548,0.219713,0.041935,0.019355,0.003226,6,
0.041935,0.141929,0.303226,0.338710,0.003226,0.051613,0.009677,0.077426,0.029032,0.003226,3,
0.009390,0.423108,0.016129,0.012939,0.251107,0.059763,0.029554,0.041686,0.054379,0.101944,0,
0.009677,0.494088,0.012903,0.023167,0.075719,0.219355,0.013234,0.122824,0.016129,0.012903,4,
0.012903,0.314240,0.003226,0.216129,0.019355,0.291590,0.009677,0.035945,0.025806,0.071129,8,
0.003226,0.012903,0.006452,0.048387,0.025806,0.019355,0.000000,0.832000,0.000000,0.051871,7,
0.000000,0.028038,0.003226,0.024939,0.023082,0.019516,0.000000,0.391983,0.000000,0.509216,9,
0.000000,0.982108,0.009695,0.003226,0.000038,0.000000,0.000011,0.004894,0.000003,0.000026,1,
0.032258,0.080645,0.019355,0.019355,0.132258,0.596774,0.006452,0.093548,0.009677,0.009677,5,
0.009916,0.063940,0.006912,0.154816,0.129190,0.083930,0.006571,0.094285,0.027729,0.422710,9,
0.061692,0.196778,0.158871,0.087124,0.113886,0.075973,0.012903,0.125922,0.086018,0.080833,8,
0.004032,0.032258,0.709677,0.125806,0.012903,0.007258,0.032258,0.038710,0.020161,0.016935,2,
0.000000,0.279543,0.000000,0.006683,0.242803,0.196247,0.009677,0.056575,0.003226,0.205246,4,
0.012903,0.529383,0.006943,0.025259,0.078093,0.015454,0.006957,0.032585,0.118404,0.174020,8,
0.031354,0.245566,0.000000,0.003268,0.160490,0.090649,0.110484,0.006962,0.133822,0.217406,6,
0.003226,0.016129,0.012903,0.038710,0.064516,0.122581,0.003226,0.664258,0.025806,0.048645,7,
0.009677,0.125806,0.064516,0.006452,0.279032,0.113441,0.180645,0.061290,0.016129,0.143011,6,
0.025806,0.325732,0.106452,0.229032,0.032273,0.119355,0.035484,0.087156,0.032258,0.006452,3,
0.000215,0.104349,0.003226,0.013065,0.619804,0.008149,0.009677,0.009677,0.006559,0.225278,4,
0.012903,0.107258,0.061290,0.035484,0.255959,0.238710,0.016129,0.032437,0.006452,0.233378,9,
0.006452,0.025806,0.009677,0.116129,0.134509,0.064516,0.006452,0.159677,0.000190,0.476592,9,
0.003226,0.077419,0.000000,0.006452,0.139098,0.019355,0.000000,0.596518,0.000000,0.157933,7,
0.055054,0.135484,0.016129,0.045376,0.038710,0.190323,0.180645,0.019355,0.267312,0.051613,8,
0.006452,0.077419,0.003763,0.083871,0.091129,0.426344,0.003226,0.216577,0.010215,0.081004,5,
0.006452,0.096774,0.016129,0.096774,0.045161,0.045161,0.009677,0.644903,0.003226,0.035742,7,
0.003226,0.935300,0.009688,0.016129,0.009677,0.012908,0.000003,0.013054,0.000013,0.000002,1,
0.074194,0.035484,0.054839,0.170968,0.157419,0.229677,0.019355,0.158871,0.006452,0.092742,5,
0.090323,0.074446,0.235484,0.009719,0.180730,0.080771,0.170968,0.035484,0.016129,0.105947,6,
0.019355,0.038710,0.016129,0.038710,0.225806,0.322581,0.022581,0.206452,0.035484,0.074194,4,
0.012903,0.317566,0.074194,0.042258,0.148848,0.064977,0.184194,0.048387,0.061513,0.045161,6,
0.019355,0.102016,0.158065,0.623065,0.003226,0.038710,0.003226,0.034274,0.016452,0.001613,8,
0.052936,0.128857,0.019355,0.003226,0.121507,0.416915,0.006592,0.021678,0.180299,0.048635,8,
0.783871,0.009677,0.038710,0.041935,0.006452,0.070968,0.006452,0.019355,0.019355,0.003226,0,
0.003336,0.096774,0.154927,0.035484,0.048387,0.016424,0.576837,0.041935,0.025895,0.000000,2,
0.016129,0.117742,0.045161,0.083871,0.167742,0.350000,0.038710,0.122581,0.003226,0.054839,4,
0.000000,0.139774,0.003226,0.038879,0.124334,0.035484,0.000079,0.207729,0.006452,0.444044,9,
0.000000,0.982112,0.006452,0.000000,0.001498,0.009677,0.000003,0.000233,0.000000,0.000024,1,
0.012903,0.322581,0.077419,0.364516,0.000000,0.048387,0.000000,0.170968,0.000000,0.003226,3,
0.016129,0.398051,0.000000,0.026438,0.154556,0.149194,0.042473,0.047258,0.025806,0.140094,5,
0.003246,0.878288,0.003307,0.014390,0.032851,0.009862,0.046366,0.001584,0.000423,0.009683,0,
0.196526,0.205865,0.122581,0.139296,0.045161,0.113151,0.032258,0.109677,0.035484,0.000000,0,
0.032258,0.019355,0.125806,0.212903,0.120596,0.131183,0.019355,0.201985,0.007527,0.129032,3,
0.035484,0.522457,0.209713,0.016129,0.093382,0.025818,0.045173,0.038858,0.003226,0.009760,2,
0.006452,0.486290,0.032258,0.045161,0.058065,0.074194,0.006452,0.103226,0.003226,0.184677,9,
0.329032,0.019355,0.038710,0.038710,0.132551,0.205865,0.077419,0.097067,0.029032,0.032258,0,
0.041935,0.080645,0.535536,0.025806,0.058065,0.106452,0.125702,0.006452,0.012955,0.006452,2,
0.029032,0.216129,0.387097,0.225806,0.009677,0.058065,0.019355,0.022581,0.029032,0.003226,2,
0.219355,0.019355,0.058065,0.090323,0.116014,0.103341,0.106452,0.216129,0.016129,0.054839,0,
0.000000,0.009677,0.003226,0.025806,0.090578,0.412774,0.000000,0.351760,0.006581,0.099598,7,
0.000000,0.979462,0.000012,0.003226,0.013548,0.000000,0.000007,0.003719,0.000000,0.000026,1,
0.000000,0.219355,0.003226,0.022581,0.072128,0.051613,0.003226,0.522671,0.000000,0.105201,7,
0.000000,0.693495,0.000000,0.032258,0.006505,0.019355,0.003226,0.235484,0.000000,0.009677,3,
0.606452,0.009677,0.041935,0.083871,0.016129,0.158065,0.019355,0.035484,0.016129,0.012903,0,
0.000000,0.742583,0.035495,0.032460,0.000096,0.031279,0.045170,0.090337,0.022581,0.000000,2,
0.035484,0.150838,0.019355,0.032258,0.074252,0.470323,0.003226,0.145878,0.061935,0.006452,5,
0.009677,0.148021,0.006452,0.012903,0.578558,0.088038,0.042294,0.000239,0.006452,0.107366,4,
0.035484,0.025806,0.083871,0.051613,0.100000,0.145161,0.016129,0.474194,0.032258,0.035484,7,
0.000215,0.000000,0.000073,0.000157,0.003690,0.991582,0.000000,0.000223,0.003983,0.000077,5,
0.306452,0.038710,0.038710,0.070968,0.090323,0.241935,0.041935,0.090323,0.012903,0.067742,0,
0.090323,0.154839,0.219355,0.009677,0.093548,0.274194,0.048387,0.093548,0.009677,0.006452,4,
0.000000,0.756213,0.000009,0.004088,0.062718,0.064796,0.092762,0.009736,0.009677,0.000000,0,
0.009677,0.311752,0.009677,0.046774,0.278274,0.205991,0.051613,0.043231,0.019355,0.023656,6,
0.045161,0.070968,0.227419,0.261290,0.041935,0.025806,0.009677,0.288710,0.009677,0.019355,3,
0.019355,0.074839,0.502581,0.048387,0.090323,0.038710,0.148387,0.029032,0.003226,0.045161,6,
0.009677,0.390620,0.000000,0.008142,0.421740,0.013070,0.050796,0.082291,0.000000,0.023663,0,
0.009677,0.513461,0.006452,0.058065,0.104032,0.171157,0.000004,0.072482,0.042089,0.022581,9,
0.019355,0.206452,0.016129,0.012903,0.048728,0.592458,0.003226,0.067846,0.026452,0.006452,5,
0.022581,0.309677,0.012903,0.045906,0.009677,0.478743,0.016129,0.016228,0.034409,0.053747,8,
0.029032,0.117742,0.016129,0.070968,0.122581,0.382258,0.016129,0.100430,0.016129,0.128602,5,
0.048541,0.235484,0.000000,0.000000,0.009677,0.055213,0.457514,0.000000,0.138680,0.054891,0,
0.050323,0.218766,0.055069,0.376263,0.009732,0.143581,0.009677,0.045622,0.078065,0.012903,3,
0.000000,0.976853,0.006453,0.000000,0.000000,0.000000,0.003232,0.006686,0.006452,0.000323,1,
0.083871,0.077419,0.203226,0.048387,0.116129,0.112903,0.251613,0.035484,0.012903,0.058065,6,
0.016129,0.281585,0.022581,0.074194,0.187565,0.309677,0.026549,0.010753,0.045161,0.025806,5,
0.000000,0.999237,0.000012,0.000000,0.000042,0.000000,0.000017,0.000657,0.000006,0.000028,1,
0.000000,0.879284,0.000000,0.008161,0.027757,0.036181,0.009721,0.029217,0.000000,0.009677,1,
0.035484,0.225806,0.190323,0.016129,0.153846,0.100000,0.174194,0.049132,0.012903,0.042184,4,
0.045161,0.250307,0.222581,0.064516,0.201306,0.106452,0.054839,0.038710,0.003226,0.012903,4,
0.000000,0.995611,0.000078,0.003295,0.000063,0.000000,0.000122,0.000638,0.000170,0.000023,8,
0.009677,0.300484,0.016129,0.041935,0.164919,0.115860,0.019355,0.151774,0.009677,0.170188,4,
0.000000,0.963627,0.019364,0.000645,0.000096,0.006548,0.009685,0.000036,0.000000,0.000000,1,
0.042627,0.181731,0.000000,0.012903,0.090868,0.311700,0.012903,0.019484,0.118356,0.209428,8,
0.283871,0.074194,0.083871,0.064516,0.090323,0.141935,0.090323,0.103226,0.067742,0.000000,0,
0.000000,0.785616,0.000000,0.013372,0.087826,0.057418,0.006837,0.032502,0.003226,0.013204,8,
0.000000,0.718980,0.000000,0.016202,0.000046,0.096921,0.125806,0.042044,0.000000,0.000000,1,
0.000000,0.985986,0.000038,0.000000,0.000203,0.000108,0.000032,0.010376,0.003232,0.000024,1,
0.338710,0.012903,0.100000,0.012903,0.109677,0.229032,0.067742,0.093548,0.016129,0.019355,0,
0.000000,0.228812,0.009926,0.006452,0.215464,0.035822,0.461121,0.010422,0.004793,0.027189,6,
0.300000,0.203226,0.067742,0.038710,0.022581,0.067742,0.048387,0.177419,0.064516,0.009677,0,
0.006452,0.059418,0.022581,0.065524,0.192527,0.061316,0.012903,0.162674,0.003226,0.413380,9,
0.003226,0.454236,0.083871,0.030645,0.150538,0.045226,0.119355,0.087097,0.009677,0.016129,6,
0.116129,0.180645,0.154839,0.106452,0.070968,0.154839,0.061290,0.129032,0.012903,0.012903,2,
0.007293,0.350230,0.012903,0.013257,0.113283,0.226510,0.013053,0.020133,0.092310,0.151027,8,
0.003226,0.663840,0.048398,0.003233,0.076758,0.029171,0.147462,0.008440,0.000109,0.019362,6,
0.077419,0.112903,0.229032,0.045161,0.125806,0.116290,0.051613,0.195484,0.000000,0.046290,6,
0.009677,0.006492,0.222971,0.003226,0.045161,0.016129,0.667127,0.000000,0.003226,0.025991,6,
0.103226,0.058065,0.193548,0.006452,0.035484,0.045161,0.470968,0.016129,0.051613,0.019355,6,
0.206452,0.032258,0.041935,0.041935,0.045161,0.229032,0.038710,0.332258,0.003226,0.029032,0,
0.019355,0.385810,0.106461,0.164516,0.107615,0.141949,0.029085,0.016129,0.019403,0.009677,2,
0.025806,0.277419,0.061290,0.077419,0.048435,0.328985,0.000000,0.112903,0.067742,0.000000,2,
0.000000,0.167742,0.003226,0.167742,0.074552,0.129391,0.000000,0.351649,0.003226,0.102473,5,
0.077419,0.261061,0.212903,0.080645,0.083886,0.180645,0.016144,0.058147,0.022698,0.006452,2,
0.000000,0.670875,0.000000,0.029447,0.023943,0.026280,0.004077,0.193154,0.003823,0.048402,3,
0.019355,0.333158,0.045161,0.256473,0.003272,0.180645,0.019355,0.087742,0.051613,0.003226,3,
0.029032,0.096774,0.393548,0.016129,0.143429,0.029032,0.193548,0.070968,0.016129,0.011410,2,
0.041935,0.164516,0.480645,0.167742,0.009677,0.048387,0.054839,0.016129,0.012903,0.003226,2,
0.000000,0.999261,0.000020,0.000000,0.000190,0.000095,0.000016,0.000388,0.000006,0.000024,1,
0.212903,0.064516,0.048387,0.093548,0.116129,0.187097,0.041935,0.148387,0.000000,0.087097,0,
0.003226,0.371863,0.138710,0.285108,0.006470,0.000000,0.000000,0.194624,0.000000,0.000000,2,
0.025806,0.122581,0.064516,0.074363,0.100085,0.154839,0.012903,0.285276,0.006452,0.153179,2,
0.000000,0.998969,0.000012,0.000000,0.000038,0.000000,0.000011,0.000944,0.000000,0.000026,1,
0.361290,0.032258,0.096774,0.029032,0.129032,0.164516,0.061290,0.074194,0.029032,0.022581,0,
0.000000,0.758777,0.000170,0.012931,0.163237,0.013110,0.000000,0.025806,0.000000,0.025968,4,
0.000000,0.581305,0.000000,0.082845,0.115396,0.048387,0.009677,0.093548,0.003519,0.065323,9,
0.003226,0.162084,0.003226,0.036084,0.064711,0.055000,0.000000,0.303834,0.003226,0.368609,9,
0.000000,0.964037,0.000002,0.000000,0.026452,0.000000,0.000007,0.009474,0.000000,0.000029,1,
0.058065,0.377149,0.174194,0.064640,0.103226,0.077419,0.084018,0.032258,0.019355,0.009677,6,
0.000020,0.896990,0.000023,0.021490,0.000599,0.048572,0.003652,0.028622,0.000018,0.000015,8,
0.000000,0.145074,0.009677,0.003226,0.066645,0.032258,0.000000,0.682945,0.000000,0.060175,9,
0.190323,0.012903,0.319355,0.000000,0.070968,0.174194,0.067742,0.109677,0.009677,0.045161,0,
0.020000,0.126183,0.052599,0.447959,0.006452,0.153367,0.000000,0.032258,0.119068,0.042115,3,
0.000000,0.917656,0.006453,0.000000,0.000000,0.025806,0.016136,0.030399,0.003226,0.000323,1,
0.025806,0.154839,0.132258,0.248387,0.096774,0.096774,0.132258,0.051613,0.025806,0.035484,5,
0.025806,0.234535,0.229032,0.019355,0.177468,0.037705,0.201100,0.041935,0.012903,0.020161,6,
0.083871,0.106452,0.096774,0.080645,0.232258,0.203226,0.048387,0.080645,0.022581,0.045161,4,
0.022581,0.241935,0.138710,0.077419,0.177419,0.054839,0.035484,0.200000,0.019355,0.032258,3,
0.003226,0.119909,0.000000,0.010285,0.067392,0.061452,0.000000,0.435527,0.003226,0.298984,9,
0.019355,0.022581,0.112903,0.006452,0.106452,0.061613,0.625484,0.009677,0.003226,0.032258,6,
0.032258,0.103226,0.058065,0.064516,0.090323,0.377419,0.009677,0.141935,0.006452,0.116129,3,
0.000000,0.035484,0.006452,0.048387,0.048431,0.003226,0.000000,0.831956,0.003226,0.022839,7,
0.003871,0.690366,0.000000,0.000645,0.079366,0.073763,0.012903,0.009032,0.032258,0.097796,9,
0.016129,0.233871,0.154839,0.074194,0.146774,0.087097,0.019355,0.129032,0.006452,0.132258,4,
0.283871,0.022581,0.203226,0.025806,0.106452,0.158065,0.100000,0.035484,0.048387,0.016129,0,
0.012903,0.093548,0.006452,0.061290,0.058065,0.064516,0.006452,0.374946,0.003226,0.318602,7,
0.009677,0.038710,0.006452,0.022581,0.177419,0.225806,0.003226,0.333468,0.009677,0.172984,7,
0.054839,0.083871,0.009677,0.041935,0.012903,0.589588,0.003226,0.145161,0.026541,0.032258,5,
0.267742,0.022581,0.529032,0.070968,0.000000,0.012903,0.025806,0.032258,0.038710,0.000000,2,
0.016129,0.177419,0.009677,0.022581,0.019863,0.627879,0.000000,0.106452,0.010323,0.009677,5,
0.006452,0.257882,0.212913,0.058065,0.138768,0.229032,0.045161,0.022696,0.006452,0.022581,2,
0.006452,0.290645,0.016129,0.235806,0.009677,0.003226,0.000000,0.415484,0.003226,0.019355,3,
0.022581,0.221718,0.003226,0.132286,0.009677,0.429060,0.041935,0.025806,0.054839,0.058871,5,
0.041935,0.020101,0.209677,0.029032,0.223682,0.061290,0.261290,0.090417,0.006452,0.056122,6,
0.003226,0.156154,0.006452,0.058347,0.074816,0.051613,0.006452,0.349262,0.006452,0.287227,9,
0.062614,0.360394,0.016129,0.228235,0.117055,0.034624,0.006592,0.080645,0.053464,0.040248,0,
0.003226,0.566472,0.083871,0.181784,0.006496,0.006496,0.061334,0.077419,0.003226,0.009677,2,
0.022581,0.064516,0.200000,0.502604,0.019355,0.032880,0.003226,0.138710,0.006452,0.009677,3,
0.164516,0.035484,0.287097,0.012903,0.187097,0.080645,0.083871,0.125806,0.012903,0.009677,0,
0.009677,0.016129,0.003226,0.000000,0.006452,0.113841,0.776429,0.006452,0.061290,0.006504,5,
0.022581,0.129032,0.019355,0.048387,0.126100,0.419062,0.000000,0.190323,0.009677,0.035484,5,
0.000000,0.930528,0.003226,0.023226,0.007097,0.003226,0.000003,0.032372,0.000000,0.000323,1,
0.006653,0.239782,0.009677,0.037706,0.097915,0.085869,0.003226,0.231996,0.017094,0.270082,8,
0.008841,0.252197,0.000000,0.012939,0.292779,0.071060,0.016392,0.034001,0.050485,0.261305,0,
0.000000,0.793561,0.000000,0.023167,0.021927,0.071763,0.064730,0.018400,0.000000,0.006452,4,
0.003226,0.615477,0.032258,0.012903,0.042581,0.093548,0.025806,0.135490,0.003226,0.035484,1,
0.000000,0.865523,0.000000,0.006550,0.000193,0.056598,0.054839,0.012977,0.000000,0.003321,1,
0.012903,0.179347,0.025806,0.019516,0.264158,0.087270,0.129839,0.003226,0.090323,0.187612,4,
