0, 1, 2, 3, 4, 5, 6, 7, 8, 9, True
0.002285,0.002677,0.126499,0.806318,0.003280,0.004799,0.000884,0.020772,0.028037,0.004448,3,
0.014396,0.106115,0.012606,0.047199,0.007498,0.019096,0.001612,0.538975,0.051609,0.200895,1,
0.150203,0.015838,0.049241,0.005358,0.018139,0.043999,0.428721,0.001322,0.261164,0.026015,6,
0.000315,0.004423,0.000434,0.012266,0.021414,0.010844,0.000123,0.668754,0.002858,0.278568,7,
0.003659,0.001507,0.004115,0.004470,0.471327,0.145750,0.002385,0.090933,0.011682,0.264172,4,
0.000398,0.000418,0.008833,0.024097,0.274778,0.000355,0.000252,0.044232,0.002362,0.644276,9,
0.001016,0.004397,0.011267,0.761717,0.000281,0.002989,0.000059,0.202527,0.010079,0.005667,3,
0.000655,0.001410,0.007632,0.000276,0.186156,0.013758,0.781568,0.000096,0.001075,0.007373,6,
0.002179,0.936441,0.012437,0.020548,0.000547,0.004057,0.000979,0.006106,0.013811,0.002895,1,
0.092835,0.002329,0.011496,0.160863,0.001583,0.549456,0.001939,0.003136,0.170964,0.005400,5,
0.000446,0.000948,0.000280,0.005779,0.041764,0.000822,0.000037,0.032344,0.007783,0.909797,9,
0.085757,0.001583,0.022049,0.006416,0.623628,0.076532,0.011596,0.002065,0.005817,0.164556,4,
0.000165,0.000067,0.937152,0.000223,0.001300,0.000034,0.061021,0.000009,0.000022,0.000006,2,
0.201231,0.004441,0.012207,0.001865,0.000816,0.090373,0.015713,0.000396,0.669289,0.003669,8,
0.004768,0.000624,0.001677,0.029295,0.000239,0.955934,0.002667,0.000131,0.004188,0.000479,5,
0.000306,0.000043,0.089082,0.000140,0.000052,0.000220,0.910131,0.000001,0.000023,0.000001,6,
0.000762,0.003163,0.002964,0.005974,0.509486,0.004366,0.001363,0.010331,0.007337,0.454254,9,
0.001006,0.000614,0.905420,0.066645,0.004227,0.000184,0.012360,0.004667,0.003713,0.001166,2,
0.000029,0.000022,0.000761,0.008332,0.000821,0.000811,0.000017,0.984609,0.000180,0.004418,7,
0.005627,0.107744,0.041631,0.556770,0.012322,0.058918,0.003499,0.146354,0.035532,0.031603,3,
0.000888,0.853557,0.007275,0.022674,0.001450,0.002737,0.000341,0.097273,0.004717,0.009089,1,
0.005626,0.853022,0.035872,0.029062,0.003404,0.004757,0.004298,0.005813,0.045932,0.012214,1,
0.003821,0.002117,0.007007,0.010810,0.523249,0.123383,0.002746,0.044190,0.011688,0.270988,9,
0.000039,0.000050,0.000057,0.010193,0.000197,0.000095,0.000000,0.964301,0.000039,0.025028,7,
0.000027,0.002725,0.000242,0.043414,0.002260,0.000112,0.000018,0.926273,0.000515,0.024415,7,
0.003253,0.000002,0.000029,0.001728,0.000035,0.993876,0.000002,0.000081,0.000414,0.000581,5,
0.017760,0.020514,0.088473,0.106058,0.283133,0.063119,0.177036,0.029081,0.049704,0.165121,9,
0.081066,0.001736,0.497861,0.023200,0.000386,0.004761,0.017325,0.000328,0.372838,0.000499,2,
0.000032,0.000934,0.000160,0.007121,0.007650,0.001125,0.000005,0.851608,0.000177,0.131189,7,
0.002865,0.045320,0.348376,0.464324,0.003774,0.005877,0.004569,0.115119,0.005867,0.003910,2,
0.006266,0.001975,0.520940,0.008547,0.110717,0.001260,0.326899,0.010743,0.005308,0.007344,6,
0.000089,0.000035,0.001993,0.067350,0.000546,0.000220,0.000022,0.921541,0.000657,0.007547,7,
0.003521,0.000160,0.007993,0.923395,0.000181,0.002997,0.000014,0.046979,0.000676,0.014083,3,
0.001596,0.944792,0.021769,0.010890,0.000602,0.001075,0.001011,0.007030,0.009511,0.001725,1,
0.000024,0.000574,0.000195,0.006565,0.005267,0.000726,0.000004,0.905363,0.000178,0.081104,7,
0.003010,0.012204,0.023009,0.003978,0.668724,0.063376,0.182481,0.009382,0.004692,0.029144,4,
0.144548,0.001559,0.007908,0.002104,0.005311,0.615409,0.030883,0.001005,0.185416,0.005856,5,
0.099842,0.069828,0.073137,0.039755,0.046999,0.135206,0.148014,0.008580,0.294064,0.084575,0,
0.001739,0.794872,0.029958,0.029120,0.024508,0.027573,0.056540,0.010691,0.007919,0.017081,1,
0.000475,0.000258,0.000460,0.000209,0.814182,0.004888,0.001703,0.000259,0.002208,0.175357,9,
0.000426,0.000104,0.003238,0.963120,0.000192,0.000859,0.000021,0.011358,0.016734,0.003948,3,
0.118269,0.007525,0.032762,0.008200,0.317231,0.240438,0.034273,0.016315,0.139288,0.085698,8,
0.000556,0.000866,0.000799,0.025892,0.036266,0.004184,0.000093,0.327753,0.003550,0.600042,9,
0.000398,0.990132,0.002226,0.001114,0.000139,0.000695,0.000241,0.001674,0.002676,0.000703,1,
0.018044,0.009054,0.047576,0.639805,0.002118,0.166936,0.003812,0.006845,0.094289,0.011521,3,
0.089508,0.001328,0.003233,0.010231,0.012152,0.113653,0.001649,0.004027,0.655286,0.108933,8,
0.847150,0.000038,0.011424,0.006172,0.000009,0.019243,0.001991,0.000017,0.113940,0.000017,0,
0.008055,0.000722,0.296131,0.022284,0.005039,0.004747,0.654158,0.006088,0.001820,0.000957,6,
0.846593,0.000313,0.005996,0.003591,0.000317,0.029428,0.000919,0.000591,0.111155,0.001097,0,
0.072330,0.043850,0.014473,0.104714,0.009772,0.189317,0.003288,0.017960,0.437826,0.106470,8,
0.000003,0.000004,0.995952,0.000839,0.000003,0.000003,0.003174,0.000003,0.000019,0.000000,2,
0.124319,0.030977,0.083950,0.039112,0.002148,0.055080,0.040933,0.000926,0.616347,0.006207,0,
0.000886,0.000393,0.760176,0.000349,0.004003,0.001809,0.230956,0.000080,0.001173,0.000177,2,
0.057127,0.002255,0.005338,0.002668,0.267142,0.501164,0.005311,0.013436,0.038593,0.106966,5,
0.001542,0.969666,0.009366,0.003459,0.000053,0.000307,0.000236,0.001000,0.014029,0.000342,1,
0.009042,0.600715,0.036849,0.245406,0.000910,0.007152,0.001272,0.031461,0.058432,0.008761,8,
0.994854,0.000006,0.000425,0.003467,0.000003,0.001120,0.000022,0.000005,0.000084,0.000014,0,
0.959595,0.000030,0.000215,0.000146,0.000103,0.027475,0.000077,0.000145,0.011073,0.001140,0,
0.195478,0.000054,0.004199,0.000314,0.000190,0.030959,0.001327,0.000036,0.766928,0.000516,8,
0.020386,0.000553,0.763039,0.157107,0.002369,0.002064,0.042627,0.002746,0.007448,0.001661,2,
0.000105,0.001316,0.005368,0.027962,0.017692,0.000391,0.000166,0.920235,0.000304,0.026463,7,
0.596020,0.004953,0.208758,0.073335,0.001583,0.014089,0.010207,0.002451,0.086399,0.002204,0,
0.000596,0.000587,0.768876,0.216269,0.000387,0.000855,0.004802,0.000386,0.007112,0.000130,3,
0.005653,0.916999,0.017267,0.011991,0.000716,0.003431,0.001112,0.009386,0.030663,0.002781,1,
0.203998,0.016430,0.147136,0.033524,0.003898,0.029745,0.026330,0.002360,0.526663,0.009917,8,
0.022943,0.178055,0.496187,0.093001,0.000694,0.009592,0.002764,0.002195,0.193403,0.001165,2,
0.002196,0.000062,0.540449,0.456494,0.000001,0.000040,0.000012,0.000003,0.000743,0.000001,3,
0.303210,0.000024,0.003060,0.000967,0.000034,0.013990,0.000409,0.000033,0.677768,0.000505,8,
0.000723,0.000066,0.004624,0.000069,0.974777,0.011279,0.004190,0.000292,0.000319,0.003660,4,
0.000011,0.000001,0.030757,0.000017,0.000031,0.000007,0.969173,0.000001,0.000001,0.000000,6,
0.019566,0.000615,0.711329,0.241164,0.000044,0.001316,0.006004,0.000091,0.019796,0.000075,2,
0.132730,0.003099,0.030479,0.447009,0.005907,0.030863,0.002626,0.031675,0.190944,0.124668,0,
0.000049,0.000056,0.953598,0.044330,0.000012,0.000008,0.001603,0.000264,0.000079,0.000001,2,
0.035535,0.013224,0.007764,0.228858,0.004256,0.228044,0.001082,0.132821,0.194169,0.154248,5,
0.000944,0.000275,0.318465,0.665359,0.000021,0.000184,0.000181,0.000155,0.014368,0.000049,3,
0.001230,0.000119,0.000360,0.006600,0.001529,0.073374,0.000012,0.857296,0.005605,0.053876,9,
0.012041,0.000162,0.006297,0.963721,0.000042,0.016295,0.000045,0.000160,0.000979,0.000258,3,
0.000061,0.003077,0.000205,0.023453,0.004385,0.000709,0.000026,0.883319,0.000467,0.084299,7,
0.000975,0.402752,0.015638,0.098247,0.023494,0.007556,0.001225,0.411117,0.003593,0.035402,3,
0.000055,0.000118,0.000104,0.023871,0.000934,0.002285,0.000007,0.912900,0.000346,0.059379,7,
0.000640,0.005576,0.001514,0.004963,0.470973,0.037963,0.000600,0.070368,0.002634,0.404767,9,
0.000108,0.000019,0.962833,0.000251,0.000176,0.000005,0.036596,0.000004,0.000004,0.000003,2,
0.000265,0.957693,0.004054,0.016590,0.000480,0.001574,0.000247,0.014496,0.001802,0.002799,1,
0.000077,0.000446,0.000302,0.019580,0.005311,0.004048,0.000017,0.878717,0.000809,0.090692,7,
0.000183,0.000070,0.992737,0.001086,0.001373,0.000050,0.004395,0.000039,0.000047,0.000021,2,
0.003094,0.000002,0.005912,0.000041,0.000128,0.001413,0.988512,0.000001,0.000863,0.000034,6,
0.796361,0.000756,0.002796,0.002354,0.009409,0.123866,0.001764,0.006625,0.011640,0.044429,0,
0.074444,0.002875,0.192007,0.617028,0.000955,0.004347,0.001800,0.001329,0.102598,0.002618,3,
0.004347,0.012589,0.006762,0.011384,0.598391,0.085764,0.002787,0.018391,0.003696,0.255888,4,
0.000134,0.970213,0.002987,0.005959,0.001120,0.001874,0.000422,0.014318,0.000608,0.002364,1,
0.019477,0.236515,0.023096,0.104575,0.028051,0.041502,0.004069,0.195682,0.055358,0.291676,1,
0.076659,0.001629,0.001839,0.001676,0.001624,0.055773,0.002969,0.000355,0.850726,0.006748,0,
0.000163,0.892691,0.003384,0.014954,0.034103,0.009994,0.002013,0.023271,0.001226,0.018200,1,
0.008306,0.046432,0.008607,0.047837,0.057581,0.092648,0.001532,0.286764,0.022162,0.428132,9,
0.000710,0.779167,0.012344,0.028926,0.048188,0.011110,0.002952,0.073724,0.005309,0.037570,3,
0.003268,0.004210,0.004037,0.004457,0.523364,0.010168,0.004184,0.003963,0.015414,0.426936,9,
0.003894,0.014922,0.189947,0.000878,0.021837,0.005993,0.749904,0.000417,0.009996,0.002212,6,
0.021205,0.000353,0.906139,0.030884,0.000602,0.005591,0.024902,0.000151,0.009621,0.000553,2,
0.000584,0.001836,0.030635,0.010339,0.573170,0.001918,0.004093,0.324144,0.000851,0.052429,3,
0.004234,0.010433,0.001161,0.002714,0.151238,0.094981,0.001435,0.021188,0.021906,0.690709,7,
0.083993,0.001510,0.007063,0.429173,0.000956,0.468250,0.001091,0.001838,0.004487,0.001638,5,
0.000470,0.987600,0.005071,0.000513,0.000171,0.001075,0.001726,0.000595,0.002337,0.000442,1,
0.029055,0.003573,0.026128,0.078013,0.096027,0.431265,0.003924,0.222061,0.006995,0.102959,9,
0.000083,0.004261,0.000341,0.029949,0.008906,0.000411,0.000067,0.893038,0.000400,0.062543,7,
0.001523,0.003007,0.014258,0.956480,0.000024,0.000633,0.000032,0.020203,0.003060,0.000780,3,
0.003894,0.000157,0.020832,0.000023,0.024699,0.001637,0.945579,0.000016,0.002383,0.000778,6,
0.058909,0.000021,0.003620,0.003190,0.000017,0.928628,0.002280,0.000008,0.003287,0.000040,5,
0.138880,0.006897,0.012074,0.046473,0.000546,0.013420,0.000328,0.001325,0.770116,0.009942,8,
0.000110,0.000609,0.009158,0.000102,0.013032,0.006723,0.969404,0.000061,0.000266,0.000534,6,
0.002096,0.008973,0.091286,0.002295,0.052146,0.007836,0.823770,0.001458,0.003975,0.006165,6,
0.477378,0.001646,0.337677,0.015353,0.001180,0.012714,0.066867,0.001185,0.084658,0.001340,8,
0.105473,0.007776,0.009366,0.008386,0.003788,0.071770,0.001066,0.037113,0.695691,0.059573,8,
0.032930,0.054942,0.047064,0.009016,0.246158,0.311301,0.053660,0.053573,0.063021,0.128335,5,
0.000522,0.015982,0.002020,0.060659,0.003070,0.004006,0.000053,0.795268,0.001994,0.116427,7,
0.002892,0.000483,0.003415,0.000494,0.591866,0.363212,0.007062,0.004494,0.001741,0.024341,4,
0.017707,0.002073,0.008972,0.478386,0.001588,0.007666,0.000959,0.306865,0.063510,0.112274,3,
0.003540,0.001480,0.066891,0.011333,0.800499,0.007746,0.016427,0.008520,0.006646,0.076919,4,
0.000020,0.000007,0.006860,0.000004,0.000294,0.000215,0.992592,0.000000,0.000004,0.000004,6,
0.002190,0.000326,0.613672,0.005366,0.004062,0.000170,0.372293,0.000376,0.001376,0.000169,2,
0.002004,0.001965,0.056576,0.000902,0.024523,0.004906,0.902020,0.000433,0.004512,0.002160,6,
0.227272,0.000041,0.002197,0.000869,0.000450,0.089653,0.000724,0.000103,0.674877,0.003815,0,
0.054159,0.161448,0.064947,0.138231,0.009344,0.040944,0.018935,0.006563,0.458804,0.046626,8,
0.001494,0.001567,0.000958,0.042761,0.005492,0.004163,0.000084,0.524971,0.006768,0.411742,9,
0.000032,0.000500,0.000139,0.028758,0.001241,0.000421,0.000006,0.920946,0.000324,0.047632,7,
0.000985,0.009510,0.021445,0.004482,0.852208,0.005888,0.036804,0.004815,0.003060,0.060803,4,
0.001035,0.870273,0.005338,0.048745,0.002622,0.004853,0.000243,0.028051,0.014729,0.024110,1,
0.000087,0.000005,0.000036,0.001512,0.000044,0.994006,0.000005,0.002570,0.001514,0.000220,5,
0.002117,0.042614,0.023327,0.008208,0.779003,0.016178,0.022575,0.011928,0.007080,0.086970,4,
0.030562,0.170476,0.278044,0.010001,0.007263,0.023952,0.217477,0.002774,0.251398,0.008054,2,
0.000150,0.000003,0.920782,0.000051,0.000045,0.000008,0.078912,0.000000,0.000048,0.000001,2,
0.000760,0.013455,0.004448,0.004986,0.357364,0.004952,0.000757,0.110037,0.002517,0.500724,9,
0.039471,0.000162,0.059170,0.781258,0.000128,0.002719,0.000188,0.000458,0.116052,0.000395,8,
0.009219,0.015512,0.022587,0.001868,0.005150,0.121940,0.794016,0.000164,0.026292,0.003252,6,
0.000963,0.980283,0.004692,0.002863,0.000133,0.000412,0.000212,0.002643,0.006969,0.000831,1,
0.023478,0.116950,0.048044,0.024371,0.307472,0.084851,0.170730,0.009523,0.078934,0.135645,6,
0.015649,0.000058,0.066765,0.000093,0.000191,0.000246,0.916267,0.000054,0.000602,0.000074,6,
0.181351,0.000031,0.000190,0.001014,0.000089,0.805064,0.000055,0.000032,0.010644,0.001530,0,
0.002079,0.923153,0.008067,0.010779,0.002142,0.005010,0.001027,0.030336,0.009505,0.007904,1,
0.970951,0.000016,0.001030,0.000813,0.000076,0.019684,0.000112,0.000018,0.006442,0.000860,0,
0.000782,0.019561,0.006870,0.023938,0.457331,0.004731,0.001231,0.113116,0.006612,0.365826,4,
0.059510,0.004429,0.009302,0.032682,0.025821,0.047505,0.002221,0.134971,0.187226,0.496334,4,
0.008154,0.001471,0.804776,0.047079,0.102969,0.006446,0.018081,0.003066,0.000980,0.006977,2,
0.006974,0.000220,0.002496,0.040565,0.004107,0.454794,0.000207,0.459951,0.001741,0.028946,7,
0.369114,0.001494,0.129160,0.002478,0.008678,0.021838,0.382614,0.001297,0.073727,0.009600,2,
0.000031,0.000654,0.000194,0.011637,0.003168,0.000224,0.000009,0.915377,0.000801,0.067907,7,
0.002435,0.000318,0.057851,0.000097,0.012831,0.000588,0.922496,0.000068,0.002365,0.000951,6,
0.853406,0.001087,0.042557,0.008593,0.000192,0.021443,0.011665,0.000234,0.060561,0.000262,0,
0.686893,0.001205,0.004245,0.001897,0.004697,0.104263,0.004145,0.001908,0.186262,0.004485,8,
0.998553,0.000000,0.000926,0.000018,0.000000,0.000323,0.000027,0.000000,0.000149,0.000003,0,
0.001965,0.001198,0.045372,0.001119,0.015381,0.005235,0.922636,0.000258,0.002891,0.003945,6,
0.001182,0.004883,0.013276,0.025162,0.599932,0.002695,0.003918,0.016548,0.012265,0.320139,4,
0.052133,0.005107,0.020902,0.142047,0.004184,0.335481,0.006178,0.001680,0.406873,0.025415,2,
0.000377,0.001013,0.003024,0.022874,0.245822,0.000769,0.000335,0.174987,0.001733,0.549065,7,
0.000279,0.000014,0.211264,0.000023,0.000030,0.000068,0.788297,0.000000,0.000025,0.000000,6,
0.004559,0.000087,0.000361,0.007264,0.000269,0.707513,0.000063,0.252051,0.020516,0.007317,5,
0.003335,0.095156,0.087033,0.651158,0.003010,0.008130,0.001868,0.122580,0.017809,0.009922,3,
0.244069,0.012161,0.014718,0.009537,0.007180,0.039083,0.018942,0.002438,0.567152,0.084720,8,
0.001069,0.000663,0.018900,0.000962,0.023968,0.011290,0.936093,0.000177,0.002945,0.003935,6,
0.003666,0.910147,0.011544,0.016639,0.003244,0.007287,0.002716,0.006756,0.023688,0.014314,1,
0.032717,0.007355,0.037740,0.578267,0.002825,0.114897,0.002163,0.020630,0.154630,0.048776,3,
0.018819,0.028174,0.013216,0.674472,0.000728,0.163928,0.000875,0.024500,0.065921,0.009366,3,
0.001575,0.002776,0.005497,0.006520,0.514576,0.005915,0.001558,0.019067,0.004562,0.437955,4,
0.000104,0.000719,0.000364,0.006879,0.003391,0.002261,0.000003,0.913026,0.000447,0.072805,7,
0.003307,0.004002,0.003825,0.012721,0.127096,0.034089,0.000653,0.270877,0.008591,0.534840,7,
0.000024,0.908079,0.002217,0.036883,0.002584,0.000369,0.000055,0.044889,0.000249,0.004650,1,
0.036251,0.003830,0.008578,0.005830,0.001408,0.844857,0.040428,0.000355,0.056114,0.002348,5,
0.103451,0.198650,0.025274,0.014824,0.006407,0.209276,0.037976,0.003330,0.370032,0.030781,8,
0.028161,0.072586,0.017471,0.489780,0.002924,0.032490,0.000967,0.081458,0.174148,0.100014,8,
0.000571,0.612881,0.011129,0.117008,0.039736,0.003628,0.001094,0.152890,0.004846,0.056216,1,
0.019934,0.003778,0.485311,0.238869,0.004137,0.012857,0.197372,0.001969,0.031947,0.003827,8,
0.006863,0.000048,0.022998,0.000012,0.001306,0.000280,0.965061,0.000009,0.003165,0.000258,6,
0.000030,0.957536,0.001561,0.007943,0.001152,0.000633,0.000075,0.028060,0.000209,0.002801,1,
0.965173,0.000013,0.001849,0.001572,0.000007,0.026874,0.000319,0.000012,0.004168,0.000012,0,
0.004489,0.341596,0.455615,0.043213,0.011598,0.013898,0.086348,0.020072,0.016815,0.006358,2,
0.001326,0.005209,0.004870,0.909085,0.000194,0.021387,0.000119,0.045197,0.007667,0.004946,3,
0.007339,0.020379,0.639327,0.130338,0.042233,0.004815,0.043665,0.071375,0.024595,0.015934,7,
0.143239,0.003446,0.017968,0.032420,0.001411,0.240624,0.002465,0.005101,0.542305,0.011022,8,
0.009795,0.039971,0.046817,0.001652,0.007092,0.049651,0.813461,0.000630,0.027617,0.003315,6,
0.003065,0.019009,0.011890,0.201916,0.001030,0.005435,0.000272,0.717816,0.011929,0.027639,7,
0.000398,0.015815,0.007516,0.006818,0.810913,0.005344,0.005180,0.018788,0.002674,0.126554,4,
0.000847,0.981237,0.008205,0.000685,0.000255,0.000939,0.001397,0.001017,0.004842,0.000577,1,
0.002025,0.001059,0.119265,0.000465,0.024969,0.001201,0.846551,0.000312,0.002871,0.001284,6,
0.000116,0.000295,0.002951,0.983607,0.000007,0.000268,0.000002,0.009754,0.002528,0.000472,3,
0.006782,0.002652,0.916946,0.046510,0.013005,0.002858,0.008110,0.000953,0.000457,0.001727,2,
0.993417,0.000009,0.001519,0.000016,0.000013,0.000465,0.004334,0.000004,0.000215,0.000008,0,
0.021198,0.005716,0.213347,0.021638,0.324113,0.278143,0.061370,0.045815,0.003940,0.024721,6,
0.001196,0.072087,0.797428,0.016631,0.022866,0.001507,0.069677,0.011630,0.003448,0.003529,2,
0.044648,0.003887,0.094551,0.387189,0.005763,0.151631,0.011600,0.003291,0.285275,0.012164,8,
0.001638,0.001102,0.000619,0.004396,0.320384,0.037124,0.000714,0.008803,0.011501,0.613717,4,
0.000021,0.000024,0.001960,0.997329,0.000000,0.000087,0.000000,0.000414,0.000147,0.000018,3,
0.068148,0.006744,0.011336,0.036675,0.003219,0.055108,0.001350,0.006574,0.785267,0.025579,8,
0.000537,0.963809,0.005739,0.009181,0.000617,0.001865,0.000440,0.012016,0.003303,0.002493,1,
0.111401,0.003009,0.048848,0.159437,0.002775,0.013244,0.003575,0.003733,0.642042,0.011935,8,
0.001535,0.000248,0.186469,0.002981,0.012442,0.000854,0.791095,0.000878,0.001575,0.001922,6,
0.189148,0.025084,0.061488,0.015744,0.005688,0.026613,0.018701,0.002823,0.634402,0.020310,8,
0.000021,0.000030,0.000170,0.020783,0.000361,0.000098,0.000006,0.965274,0.000181,0.013076,7,
0.076050,0.003828,0.149374,0.004260,0.013252,0.009101,0.687299,0.000984,0.050829,0.005022,6,
0.912372,0.000165,0.002681,0.001204,0.000212,0.057655,0.000941,0.000143,0.023967,0.000660,2,
0.000241,0.000125,0.002782,0.956213,0.000098,0.006001,0.000019,0.028372,0.001103,0.005045,3,
0.107462,0.001657,0.475258,0.107877,0.000522,0.004265,0.001420,0.001489,0.299134,0.000917,2,
0.016528,0.006879,0.231180,0.002695,0.101890,0.006917,0.612821,0.002133,0.012179,0.006778,6,
0.012087,0.031129,0.035563,0.002836,0.632077,0.142767,0.076053,0.007704,0.024069,0.035715,4,
0.001518,0.002576,0.011056,0.001595,0.823378,0.003357,0.018652,0.001163,0.002938,0.133767,4,
0.182195,0.001025,0.018002,0.025359,0.001170,0.055162,0.001430,0.000909,0.705849,0.008898,8,
0.106528,0.002149,0.042232,0.004326,0.028580,0.058010,0.584485,0.000891,0.162006,0.010794,0,
0.008628,0.002027,0.009082,0.944606,0.000028,0.018427,0.000032,0.003399,0.013360,0.000410,3,
0.739198,0.000056,0.006489,0.001374,0.000062,0.030734,0.006448,0.000030,0.215330,0.000280,0,
0.057230,0.010228,0.020371,0.003030,0.085563,0.690665,0.018236,0.015863,0.061175,0.037638,5,
0.007380,0.100977,0.109518,0.692289,0.001016,0.029765,0.001693,0.016005,0.038060,0.003298,3,
0.000030,0.000023,0.000328,0.003381,0.009274,0.001211,0.000018,0.959037,0.000247,0.026451,7,
0.001663,0.002765,0.004582,0.010861,0.386223,0.007220,0.000767,0.029422,0.004360,0.552137,7,
0.029429,0.003459,0.595585,0.040714,0.188522,0.049803,0.079479,0.002766,0.003565,0.006679,6,
0.000051,0.000060,0.000059,0.018072,0.002491,0.001825,0.000026,0.893124,0.000661,0.083631,7,
0.001218,0.006511,0.004122,0.010507,0.447294,0.011932,0.001544,0.207037,0.003138,0.306698,9,
0.001268,0.021172,0.002574,0.033591,0.249002,0.024519,0.001059,0.091156,0.011172,0.564486,9,
0.000030,0.000209,0.001659,0.005131,0.042333,0.000274,0.000054,0.926156,0.000087,0.024068,7,
0.001598,0.000184,0.008556,0.001409,0.912776,0.048840,0.002392,0.000408,0.000547,0.023291,4,
0.000441,0.000006,0.000119,0.003514,0.002130,0.016243,0.000004,0.854850,0.001473,0.121221,7,
0.001254,0.003054,0.000808,0.006631,0.046206,0.004481,0.000217,0.041535,0.025410,0.870402,9,
0.001778,0.808913,0.072234,0.040956,0.012891,0.010060,0.014560,0.016723,0.010465,0.011420,2,
0.014666,0.000510,0.208723,0.753868,0.000156,0.003048,0.000174,0.000764,0.017435,0.000656,3,
0.054201,0.001029,0.003311,0.007871,0.015618,0.734357,0.000998,0.028498,0.100751,0.053366,5,
0.001480,0.002093,0.000788,0.013248,0.001984,0.033397,0.000024,0.868800,0.005905,0.072282,7,
0.003051,0.000332,0.919980,0.043325,0.001326,0.002681,0.024413,0.000299,0.004466,0.000126,2,
0.001666,0.003436,0.066320,0.002310,0.830884,0.055491,0.014010,0.006199,0.000838,0.018846,4,
0.019525,0.000503,0.003780,0.002787,0.111572,0.785076,0.002187,0.010763,0.029545,0.034262,5,
0.000626,0.000328,0.066576,0.006632,0.866875,0.001325,0.009682,0.034722,0.000577,0.012658,4,
0.014711,0.000013,0.020185,0.000064,0.000550,0.001703,0.960509,0.000009,0.002196,0.000060,6,
0.004375,0.000006,0.966279,0.001953,0.000074,0.000536,0.026473,0.000005,0.000288,0.000011,2,
0.940180,0.000003,0.000487,0.000822,0.000001,0.056410,0.000011,0.000002,0.002079,0.000004,0,
0.011197,0.074409,0.025066,0.419098,0.047917,0.108456,0.006282,0.094077,0.072617,0.140880,3,
0.000848,0.003729,0.002344,0.005403,0.291257,0.002081,0.000818,0.180760,0.001834,0.510926,4,
0.025592,0.270063,0.194003,0.017596,0.030990,0.043294,0.339464,0.011510,0.047058,0.020431,6,
0.010669,0.842863,0.018294,0.019680,0.005650,0.027222,0.008495,0.013859,0.035348,0.017920,1,
0.002176,0.000069,0.000196,0.021788,0.000361,0.952455,0.000045,0.008574,0.005796,0.008539,5,
0.162355,0.009492,0.217849,0.040425,0.000508,0.019555,0.012259,0.000905,0.535125,0.001526,8,
0.005197,0.002758,0.002337,0.012337,0.166348,0.014021,0.000690,0.018822,0.030304,0.747187,4,
0.021132,0.000644,0.609310,0.035150,0.279186,0.012826,0.035287,0.000630,0.000810,0.005024,4,
0.004030,0.000068,0.000248,0.016245,0.000020,0.973111,0.000023,0.000144,0.005354,0.000758,5,
0.259985,0.002507,0.014067,0.003717,0.002501,0.213290,0.011956,0.001663,0.487149,0.003164,8,
0.580158,0.001269,0.015617,0.137761,0.000695,0.215709,0.000747,0.001474,0.044055,0.002515,0,
0.000743,0.000056,0.000060,0.008359,0.000094,0.975117,0.000041,0.008695,0.003574,0.003260,5,
0.000020,0.000013,0.000207,0.016485,0.000088,0.000169,0.000000,0.974988,0.000095,0.007935,7,
0.051291,0.001005,0.579888,0.327627,0.000511,0.018945,0.016344,0.000642,0.003233,0.000514,3,
0.006851,0.387178,0.030945,0.090716,0.020516,0.007247,0.004012,0.330075,0.016438,0.106022,1,
0.012907,0.707319,0.035960,0.108977,0.002975,0.003221,0.002246,0.018180,0.081127,0.027089,1,
0.000043,0.000052,0.989434,0.000074,0.000026,0.000021,0.010325,0.000001,0.000024,0.000001,2,
0.002433,0.077047,0.008076,0.022301,0.264239,0.018044,0.002076,0.087389,0.013254,0.505141,9,
0.145204,0.000392,0.001316,0.000148,0.000045,0.018014,0.003171,0.000004,0.831314,0.000393,8,
0.000126,0.000008,0.000006,0.000496,0.000119,0.996674,0.000003,0.000189,0.000671,0.001707,5,
0.000626,0.020787,0.007068,0.137489,0.004272,0.013879,0.000220,0.791894,0.002086,0.021679,7,
0.001190,0.000215,0.000338,0.009128,0.007473,0.004690,0.000009,0.433610,0.003533,0.539815,7,
0.989321,0.000015,0.000760,0.000223,0.000010,0.009226,0.000068,0.000001,0.000372,0.000002,0,
0.000946,0.000065,0.125267,0.872039,0.000002,0.000399,0.000027,0.000117,0.001130,0.000008,3,
0.199237,0.041000,0.174655,0.068105,0.029376,0.018245,0.082154,0.007387,0.275276,0.104565,3,
0.002259,0.003333,0.001558,0.002708,0.008507,0.003180,0.000053,0.623264,0.007527,0.347611,7,
0.722324,0.001004,0.039290,0.018622,0.000460,0.040781,0.006622,0.000529,0.168852,0.001517,8,
0.003604,0.000205,0.031761,0.000523,0.949008,0.003978,0.004847,0.000769,0.000567,0.004737,4,
0.000410,0.006581,0.035111,0.002300,0.672449,0.008340,0.255385,0.005523,0.001138,0.012765,6,
0.891519,0.000612,0.011503,0.069005,0.000393,0.024078,0.000495,0.000733,0.001105,0.000556,0,
0.038032,0.000864,0.003824,0.001170,0.711013,0.131990,0.003363,0.002510,0.012857,0.094375,5,
0.915629,0.000450,0.052158,0.002076,0.000339,0.006576,0.009718,0.000412,0.012277,0.000364,0,
0.997874,0.000000,0.000052,0.000008,0.000000,0.001535,0.000004,0.000000,0.000525,0.000000,0,
0.000631,0.005892,0.000671,0.050962,0.000703,0.014208,0.000057,0.867519,0.009186,0.050170,3,
0.002300,0.003699,0.016192,0.002263,0.766073,0.147624,0.030425,0.007640,0.002514,0.021270,4,
0.002362,0.000366,0.000650,0.004252,0.010889,0.066772,0.000106,0.681547,0.009863,0.223193,7,
0.023385,0.158574,0.058120,0.435993,0.007170,0.136569,0.007049,0.021058,0.128227,0.023856,0,
0.003791,0.078930,0.014605,0.742807,0.002607,0.017108,0.001581,0.006200,0.118538,0.013833,8,
0.034974,0.511306,0.086779,0.109324,0.001510,0.002879,0.002439,0.007878,0.238382,0.004529,1,
0.019519,0.000551,0.019498,0.889408,0.000321,0.062417,0.000221,0.001406,0.003279,0.003379,3,
0.981883,0.000009,0.012049,0.000935,0.000344,0.003374,0.000372,0.000012,0.000455,0.000567,0,
0.000022,0.000038,0.000271,0.007518,0.001676,0.000303,0.000002,0.969414,0.000060,0.020697,7,
0.000484,0.002916,0.000768,0.006594,0.200794,0.008544,0.000260,0.063452,0.007831,0.708356,9,
0.003120,0.003076,0.785216,0.028234,0.011552,0.002567,0.152999,0.001238,0.010647,0.001350,2,
0.008571,0.000203,0.282412,0.670867,0.000081,0.005181,0.001173,0.000147,0.031090,0.000275,2,
0.007823,0.005352,0.012239,0.032324,0.314467,0.161823,0.002746,0.170775,0.004125,0.288327,7,
0.000042,0.000010,0.005483,0.000009,0.002281,0.000959,0.991159,0.000002,0.000017,0.000038,6,
0.009559,0.000347,0.001237,0.020551,0.001183,0.711342,0.000247,0.182523,0.048984,0.024027,5,
0.629190,0.004474,0.018835,0.016015,0.056087,0.098148,0.005444,0.010807,0.009541,0.151461,0,
0.023873,0.081387,0.010759,0.108032,0.019337,0.030608,0.001971,0.049765,0.452505,0.221763,8,
0.000798,0.000004,0.968976,0.024329,0.000005,0.000066,0.005042,0.000018,0.000758,0.000004,2,
0.063123,0.426977,0.055896,0.016034,0.000959,0.009021,0.002276,0.004046,0.418994,0.002674,1,
0.313002,0.000114,0.060807,0.005119,0.000117,0.004920,0.002274,0.000073,0.613152,0.000422,8,
0.000835,0.001951,0.003365,0.002910,0.834043,0.048524,0.004014,0.004541,0.002423,0.097395,4,
0.000027,0.000004,0.005265,0.000001,0.000085,0.000045,0.994565,0.000000,0.000005,0.000003,6,
0.001451,0.000841,0.909892,0.001467,0.000175,0.000308,0.081580,0.000030,0.004167,0.000090,2,
0.012788,0.000226,0.960812,0.003628,0.002254,0.005198,0.013022,0.000059,0.001560,0.000454,2,
0.000062,0.000124,0.000418,0.092026,0.000772,0.001251,0.000011,0.867770,0.000372,0.037192,7,
0.130537,0.000412,0.001745,0.005616,0.002641,0.026340,0.000309,0.004762,0.769467,0.058172,8,
0.000002,0.000000,0.000985,0.998273,0.000000,0.000058,0.000000,0.000580,0.000092,0.000009,3,
0.108764,0.044321,0.216808,0.013098,0.004241,0.034083,0.235623,0.000991,0.336842,0.005229,8,
0.003517,0.000263,0.003800,0.031054,0.009960,0.037742,0.000154,0.814554,0.001586,0.097371,7,
0.003614,0.000165,0.005043,0.000176,0.004655,0.031183,0.943547,0.000033,0.010434,0.001150,6,
0.000474,0.001374,0.002224,0.002398,0.289612,0.010546,0.000218,0.307905,0.001040,0.384208,7,
0.000065,0.000029,0.006728,0.992271,0.000000,0.000453,0.000001,0.000265,0.000162,0.000026,3,
0.000593,0.022237,0.105322,0.830472,0.000757,0.001437,0.000557,0.034028,0.003297,0.001301,3,
0.960648,0.000012,0.000807,0.001550,0.000063,0.032221,0.000013,0.000020,0.003390,0.001277,0,
0.000009,0.991547,0.001185,0.002833,0.000468,0.000169,0.000063,0.002853,0.000087,0.000786,1,
0.966641,0.000003,0.001636,0.000303,0.000002,0.029804,0.000170,0.000003,0.001436,0.000003,0,
0.011216,0.037611,0.009810,0.011457,0.161815,0.164936,0.003456,0.223004,0.031003,0.345693,4,
0.012452,0.001170,0.123741,0.001470,0.487707,0.007989,0.342506,0.000885,0.004426,0.017654,4,
0.100203,0.203421,0.043795,0.057192,0.006253,0.020932,0.003826,0.013969,0.496460,0.053950,8,
0.990722,0.000009,0.000661,0.000640,0.000007,0.007771,0.000045,0.000001,0.000142,0.000002,0,
0.001678,0.000264,0.003019,0.000545,0.875597,0.041201,0.006609,0.004753,0.003760,0.062573,4,
0.000193,0.005888,0.001305,0.046776,0.008860,0.001100,0.000144,0.884633,0.002998,0.048103,7,
0.000308,0.002840,0.001080,0.011476,0.093090,0.001664,0.000270,0.709805,0.000460,0.179007,7,
0.000163,0.932114,0.005826,0.017066,0.007597,0.004138,0.001822,0.025807,0.000841,0.004626,1,
0.000193,0.000047,0.000158,0.011384,0.001463,0.003904,0.000001,0.886091,0.000521,0.096239,7,
0.000170,0.000111,0.000068,0.006865,0.006670,0.002980,0.000002,0.449942,0.002004,0.531188,9,
0.003530,0.857674,0.071696,0.020895,0.003724,0.002483,0.006944,0.009777,0.018018,0.005258,1,
0.003582,0.006133,0.154135,0.003037,0.073821,0.002647,0.740191,0.001888,0.004119,0.010447,6,
0.000158,0.000249,0.000123,0.001136,0.150934,0.000537,0.000034,0.017490,0.002654,0.826686,9,
0.000040,0.000005,0.045118,0.000026,0.001100,0.000120,0.953578,0.000000,0.000009,0.000004,6,
0.000927,0.000629,0.000762,0.002622,0.117736,0.000657,0.000330,0.004586,0.024796,0.846956,9,
0.001876,0.000078,0.032023,0.000037,0.005018,0.001179,0.958163,0.000013,0.001341,0.000273,6,
0.004560,0.001305,0.018882,0.022213,0.601380,0.008284,0.004441,0.043801,0.008483,0.286652,4,
0.002518,0.962675,0.006928,0.001858,0.000320,0.001214,0.000436,0.005062,0.017538,0.001450,1,
0.002847,0.003880,0.029915,0.001054,0.833932,0.075320,0.022003,0.004928,0.002903,0.023217,5,
0.008224,0.007150,0.007001,0.022501,0.219968,0.416646,0.003787,0.149173,0.025847,0.139704,5,
0.000164,0.000037,0.000105,0.003851,0.000491,0.002454,0.000001,0.943348,0.000804,0.048744,7,
0.001549,0.000458,0.005594,0.000359,0.008629,0.031162,0.947999,0.000224,0.001971,0.002054,6,
0.202328,0.008871,0.056163,0.352790,0.005539,0.313123,0.008461,0.006695,0.037774,0.008256,5,
0.001102,0.003701,0.844312,0.013615,0.054319,0.000818,0.068150,0.007185,0.001657,0.005142,2,
0.147039,0.001682,0.004356,0.002263,0.013553,0.428098,0.004119,0.002869,0.371668,0.024354,8,
0.009545,0.012563,0.210665,0.572279,0.008073,0.002950,0.002782,0.104109,0.054449,0.022585,3,
0.015307,0.000271,0.015734,0.930562,0.000084,0.008133,0.000143,0.000236,0.029278,0.000251,3,
0.010706,0.487562,0.121944,0.025833,0.068096,0.019097,0.198290,0.011754,0.028279,0.028439,1,
0.214349,0.014860,0.107344,0.364288,0.001094,0.032510,0.001102,0.007380,0.245950,0.011122,0,
0.002269,0.001095,0.047725,0.000217,0.011626,0.009080,0.925402,0.000069,0.001921,0.000596,6,
0.009393,0.006303,0.016516,0.491666,0.021332,0.068565,0.003171,0.214514,0.047377,0.121162,3,
0.000606,0.002391,0.000763,0.008375,0.295238,0.021999,0.000160,0.032885,0.003056,0.634526,4,
0.998111,0.000000,0.000205,0.000007,0.000000,0.000407,0.000464,0.000000,0.000805,0.000000,0,
0.004263,0.004613,0.005725,0.010965,0.080105,0.012185,0.000503,0.302088,0.009960,0.569594,9,
0.024598,0.053594,0.126466,0.008667,0.189279,0.033729,0.488213,0.009012,0.031649,0.034792,6,
0.027043,0.018206,0.015060,0.015909,0.157157,0.013470,0.008686,0.010235,0.205210,0.529023,9,
0.000242,0.000024,0.000724,0.927749,0.000002,0.000516,0.000001,0.069294,0.000171,0.001276,3,
0.000341,0.959653,0.009624,0.015944,0.001022,0.001017,0.000517,0.004954,0.003525,0.003404,1,
0.014814,0.033058,0.018457,0.010726,0.384446,0.024828,0.019570,0.006110,0.044583,0.443409,4,
0.000016,0.990849,0.001740,0.002785,0.000584,0.000424,0.000249,0.002512,0.000108,0.000733,1,
0.909258,0.000158,0.001012,0.027085,0.000133,0.061428,0.000139,0.000224,0.000380,0.000183,0,
0.000044,0.000176,0.000079,0.007578,0.006194,0.002523,0.000003,0.832493,0.000206,0.150704,7,
0.153084,0.000073,0.008448,0.004317,0.000056,0.015403,0.000746,0.000037,0.817530,0.000306,8,
0.000300,0.003207,0.905849,0.064202,0.000332,0.000721,0.020110,0.003028,0.002155,0.000097,2,
0.022201,0.217169,0.022590,0.019498,0.146025,0.245419,0.132372,0.005827,0.084076,0.104824,8,
0.949274,0.000062,0.009609,0.002017,0.000056,0.029761,0.001277,0.000040,0.007818,0.000086,0,
0.120501,0.002621,0.014455,0.002569,0.550807,0.123293,0.119634,0.003004,0.047856,0.015258,4,
0.056130,0.013452,0.238020,0.114381,0.097899,0.076312,0.194319,0.016031,0.099675,0.093782,2,
0.089583,0.053398,0.025573,0.015625,0.093860,0.033443,0.029444,0.007997,0.426546,0.224530,8,
0.000038,0.000452,0.992789,0.004240,0.000222,0.000043,0.002077,0.000023,0.000086,0.000031,2,
0.270419,0.003227,0.035076,0.008868,0.067642,0.098879,0.214656,0.003479,0.208864,0.088891,0,
0.056647,0.269065,0.031048,0.018103,0.101384,0.068934,0.019291,0.040776,0.133496,0.261257,1,
0.019680,0.000419,0.002981,0.000815,0.413941,0.501450,0.003691,0.004373,0.014029,0.038620,5,
0.046229,0.011638,0.134894,0.022894,0.464842,0.043795,0.061532,0.061385,0.032517,0.120274,4,
0.000153,0.000239,0.976250,0.000252,0.000439,0.000154,0.022472,0.000003,0.000032,0.000005,2,
0.206916,0.001956,0.027620,0.002623,0.035265,0.024360,0.526914,0.001341,0.144503,0.028501,0,
0.120198,0.004120,0.002968,0.004988,0.003080,0.035940,0.000562,0.003239,0.762855,0.062051,8,
0.002238,0.043667,0.008766,0.007824,0.348854,0.017100,0.001851,0.102663,0.004911,0.462125,9,
0.003468,0.000038,0.000240,0.069513,0.000025,0.917738,0.000012,0.004661,0.002718,0.001586,5,
0.000541,0.002545,0.000644,0.019304,0.055132,0.003186,0.000152,0.175180,0.014277,0.729039,4,
0.001857,0.001447,0.910083,0.005158,0.005960,0.004248,0.068438,0.000092,0.002118,0.000599,2,
0.094509,0.000143,0.000863,0.000639,0.002946,0.731450,0.003214,0.000076,0.161383,0.004777,8,
0.005795,0.021015,0.008192,0.113464,0.011983,0.012423,0.000769,0.442677,0.018797,0.364885,7,
0.041257,0.002915,0.017908,0.017173,0.273021,0.172800,0.011810,0.041224,0.084351,0.337541,9,
0.000055,0.000023,0.734899,0.000019,0.000033,0.000043,0.264789,0.000000,0.000138,0.000000,2,
0.000313,0.976793,0.002963,0.003524,0.001109,0.001155,0.000465,0.009125,0.001449,0.003103,1,
0.000361,0.003652,0.000807,0.006665,0.004624,0.003068,0.000013,0.862237,0.001347,0.117224,7,
0.000027,0.000004,0.910092,0.000025,0.000029,0.000012,0.089709,0.000001,0.000100,0.000001,2,
0.009967,0.000237,0.922811,0.030520,0.000109,0.000265,0.000298,0.000127,0.035527,0.000140,2,
0.002996,0.821632,0.010801,0.053090,0.002768,0.007787,0.000589,0.056644,0.021891,0.021804,1,
0.057995,0.163590,0.034247,0.024655,0.020402,0.386258,0.060913,0.004837,0.220870,0.026233,0,
0.000435,0.001288,0.001198,0.058663,0.004096,0.007774,0.000013,0.797598,0.001490,0.127446,7,
0.001071,0.000451,0.007189,0.000138,0.942885,0.032922,0.006198,0.000806,0.000592,0.007749,5,
0.085418,0.001292,0.013766,0.069267,0.000632,0.605872,0.002420,0.000683,0.219185,0.001465,5,
0.099448,0.009825,0.015833,0.094808,0.015343,0.030467,0.002145,0.019719,0.537763,0.174648,2,
0.033532,0.003826,0.133452,0.003785,0.701602,0.027249,0.044774,0.008205,0.007275,0.036300,2,
0.108845,0.000883,0.003587,0.011537,0.008416,0.101246,0.000603,0.073151,0.406348,0.285382,9,
0.830326,0.000175,0.030983,0.001161,0.000136,0.003594,0.021244,0.000118,0.112080,0.000182,8,
0.952936,0.000051,0.003070,0.000105,0.005248,0.024658,0.004979,0.000070,0.006447,0.002435,0,
0.042678,0.000089,0.001166,0.053420,0.000129,0.881825,0.000053,0.000856,0.012838,0.006946,5,
0.001373,0.000188,0.000643,0.010836,0.007159,0.024844,0.000019,0.771189,0.005455,0.178294,7,
0.002118,0.012288,0.002796,0.016389,0.416048,0.040159,0.002290,0.019161,0.021083,0.467670,1,
0.005752,0.003095,0.005801,0.003794,0.407970,0.003037,0.005110,0.001969,0.026562,0.536910,4,
0.005147,0.690862,0.005076,0.011464,0.044350,0.103325,0.006313,0.023142,0.019125,0.091196,1,
0.001497,0.079349,0.016288,0.054057,0.261269,0.003439,0.001697,0.239088,0.007823,0.335493,7,
0.097834,0.000738,0.003671,0.001293,0.006346,0.699097,0.009743,0.000477,0.174559,0.006241,5,
0.000052,0.001528,0.000187,0.011973,0.009534,0.000612,0.000027,0.835437,0.000485,0.140164,7,
0.000235,0.000673,0.001896,0.000860,0.802650,0.002036,0.001074,0.004090,0.000625,0.185862,4,
0.001252,0.010219,0.016064,0.939032,0.000187,0.006093,0.000118,0.003638,0.021602,0.001795,3,
0.028351,0.002480,0.150236,0.751042,0.002041,0.022419,0.004727,0.015785,0.017176,0.005743,3,
0.000104,0.000291,0.021722,0.003668,0.881108,0.000142,0.000679,0.056263,0.000183,0.035841,4,
0.000115,0.000035,0.976462,0.018390,0.000005,0.000010,0.004839,0.000035,0.000107,0.000002,2,
0.010109,0.032749,0.021545,0.461192,0.009232,0.252354,0.003465,0.152129,0.017552,0.039673,3,
0.000175,0.000684,0.000639,0.001500,0.495248,0.003418,0.000189,0.036497,0.000994,0.460657,9,
0.033751,0.000978,0.010862,0.782013,0.000765,0.075723,0.000824,0.003867,0.083485,0.007732,3,
0.003543,0.000280,0.280912,0.000086,0.001390,0.000356,0.712201,0.000013,0.001111,0.000108,6,
0.581191,0.002284,0.019097,0.018868,0.014592,0.069820,0.002096,0.088818,0.037424,0.165807,9,
0.009980,0.261027,0.399690,0.185963,0.008955,0.029145,0.019326,0.018046,0.059053,0.008814,3,
0.896194,0.000466,0.016327,0.005219,0.028394,0.024344,0.002547,0.004715,0.000994,0.020800,0,
0.000062,0.000040,0.000143,0.005509,0.001822,0.001027,0.000003,0.929312,0.000179,0.061903,7,
0.009030,0.000627,0.009389,0.002480,0.681093,0.222136,0.006023,0.001492,0.009590,0.058142,4,
0.001167,0.004188,0.001498,0.011794,0.165251,0.005238,0.000439,0.021053,0.016511,0.772861,9,
0.003744,0.001823,0.002163,0.514053,0.001645,0.049171,0.000997,0.239470,0.023967,0.162967,9,
0.072871,0.020005,0.018423,0.006014,0.206436,0.200152,0.015678,0.044425,0.172615,0.243380,4,
0.000011,0.000005,0.002404,0.000003,0.000821,0.000417,0.996232,0.000001,0.000050,0.000057,6,
0.004048,0.000720,0.002348,0.022659,0.045220,0.009425,0.000205,0.149802,0.008906,0.756669,9,
0.088525,0.004318,0.364185,0.049996,0.005402,0.029994,0.172885,0.001001,0.279053,0.004640,2,
0.024908,0.002468,0.331787,0.528606,0.000718,0.001331,0.002145,0.003006,0.100243,0.004789,3,
0.174455,0.000697,0.005955,0.044895,0.000296,0.037701,0.000393,0.000629,0.728587,0.006392,8,
0.228676,0.000180,0.022568,0.002557,0.000513,0.001662,0.001215,0.000452,0.738199,0.003978,8,
0.009480,0.000206,0.170725,0.001590,0.117870,0.002219,0.684703,0.001819,0.007338,0.004050,6,
0.000070,0.000005,0.000071,0.004070,0.004124,0.010901,0.000003,0.860710,0.000345,0.119700,7,
0.001063,0.000209,0.775707,0.217155,0.000005,0.000117,0.000223,0.000659,0.004849,0.000013,2,
0.000356,0.975476,0.004271,0.006736,0.000396,0.000923,0.000294,0.007249,0.002464,0.001834,1,
0.000141,0.000083,0.738480,0.260131,0.000030,0.000009,0.000116,0.000339,0.000642,0.000027,2,
0.001884,0.002113,0.023972,0.032631,0.129495,0.003275,0.002204,0.733238,0.006557,0.064630,4,
0.000363,0.965799,0.004206,0.009119,0.000634,0.001676,0.000338,0.013208,0.002025,0.002632,1,
0.000024,0.000082,0.002341,0.000095,0.013729,0.004134,0.978665,0.000015,0.000050,0.000866,6,
0.000923,0.005432,0.003927,0.018867,0.090332,0.006835,0.000465,0.517207,0.002137,0.353874,9,
0.115887,0.000542,0.001997,0.012738,0.000204,0.251134,0.000336,0.000231,0.613262,0.003668,5,
0.110308,0.002148,0.060728,0.015225,0.000284,0.011944,0.000867,0.000350,0.797453,0.000692,2,
0.000416,0.002382,0.001249,0.008201,0.149206,0.002104,0.000340,0.050034,0.014805,0.771263,9,
0.009749,0.859965,0.012082,0.008348,0.004906,0.027584,0.004544,0.012979,0.042600,0.017244,1,
0.007926,0.002899,0.003423,0.018804,0.070697,0.019090,0.000393,0.091803,0.018810,0.766157,9,
0.001682,0.000718,0.002735,0.002356,0.759262,0.040352,0.002050,0.008455,0.001634,0.180756,4,
0.968547,0.000020,0.001082,0.000252,0.000863,0.018673,0.000173,0.000072,0.007539,0.002780,0,
0.000020,0.000662,0.000136,0.009504,0.005201,0.000520,0.000004,0.883942,0.000184,0.099826,7,
0.000034,0.000027,0.000034,0.009837,0.000046,0.000113,0.000006,0.984670,0.000280,0.004954,7,
0.257705,0.001014,0.057638,0.001399,0.002429,0.031525,0.557304,0.000815,0.089089,0.001080,6,
0.000100,0.000064,0.000124,0.009575,0.001006,0.001162,0.000000,0.896357,0.000410,0.091202,7,
