0, 1, 2, 3, 4, 5, 6, 7, 8, 9, True
0.134546,0.000942,0.568220,0.016627,0.000000,0.006414,0.004583,0.000000,0.268666,0.000000,2,
0.016132,0.000015,0.001179,0.932036,0.000000,0.015260,0.000000,0.006775,0.028548,0.000056,3,
0.004680,0.000000,0.008630,0.981989,0.000000,0.003250,0.000000,0.000040,0.001411,0.000000,3,
0.089740,0.000098,0.001844,0.001232,0.000002,0.618035,0.008270,0.000036,0.280218,0.000524,8,
0.000507,0.011202,0.000039,0.019369,0.010008,0.008741,0.000003,0.783380,0.003721,0.163030,7,
0.101813,0.019542,0.055485,0.109578,0.000001,0.445918,0.007005,0.001222,0.258464,0.000974,0,
0.018671,0.001760,0.000287,0.010050,0.000955,0.829960,0.000423,0.023749,0.083224,0.030921,5,
0.001241,0.005163,0.000011,0.005558,0.051234,0.103291,0.000010,0.529900,0.010668,0.292924,7,
0.012007,0.000072,0.008240,0.004047,0.747873,0.017004,0.017691,0.008462,0.020024,0.164579,4,
0.002267,0.001212,0.133729,0.028161,0.714365,0.001488,0.027409,0.020106,0.002085,0.069177,4,
0.043988,0.000062,0.004036,0.002193,0.000027,0.861501,0.020500,0.000110,0.066929,0.000656,3,
0.002439,0.000002,0.174746,0.001218,0.285358,0.002467,0.530314,0.000120,0.000683,0.002653,6,
0.046451,0.000417,0.001842,0.393757,0.000008,0.268431,0.000023,0.149444,0.123049,0.016579,7,
0.001464,0.088530,0.848099,0.008716,0.000093,0.000035,0.048427,0.000079,0.003425,0.001133,2,
0.001751,0.000000,0.006957,0.000001,0.000003,0.001116,0.988949,0.000000,0.001223,0.000002,6,
0.013425,0.000000,0.006468,0.970938,0.000000,0.002112,0.000000,0.000040,0.007017,0.000000,3,
0.063944,0.001599,0.224519,0.581248,0.000000,0.054993,0.000470,0.000179,0.073035,0.000014,2,
0.018274,0.000000,0.000007,0.012722,0.000000,0.936395,0.000000,0.003746,0.028635,0.000220,3,
0.000226,0.000030,0.002361,0.000000,0.000294,0.000066,0.996422,0.000000,0.000580,0.000021,6,
0.000593,0.000000,0.000001,0.001551,0.008835,0.000137,0.000000,0.298637,0.004848,0.685398,9,
0.000932,0.966811,0.012145,0.002491,0.000123,0.000134,0.002607,0.000353,0.009189,0.005215,1,
0.182647,0.000000,0.107005,0.011514,0.577521,0.049316,0.036932,0.001648,0.009547,0.023869,4,
0.010318,0.585206,0.074478,0.048741,0.023647,0.094346,0.075134,0.020076,0.028112,0.039943,1,
0.000863,0.000099,0.000003,0.004516,0.021317,0.015971,0.000001,0.625803,0.006489,0.324938,7,
0.000274,0.000002,0.000001,0.003955,0.004783,0.001913,0.000000,0.804619,0.001612,0.182840,7,
0.150399,0.003032,0.083628,0.059019,0.000865,0.320231,0.047205,0.005223,0.305203,0.025193,0,
0.000444,0.946355,0.004685,0.014745,0.000471,0.000173,0.000185,0.011104,0.003734,0.018104,1,
0.168564,0.000000,0.012203,0.058574,0.000000,0.732709,0.000224,0.000111,0.027596,0.000019,5,
0.001218,0.001510,0.014608,0.000115,0.276779,0.003755,0.694920,0.000044,0.002162,0.004889,6,
0.027942,0.046948,0.006619,0.629674,0.000000,0.142285,0.000040,0.031789,0.112797,0.001906,3,
0.004599,0.000034,0.048742,0.000554,0.709915,0.000636,0.195170,0.000207,0.005835,0.034309,4,
0.006248,0.697420,0.011940,0.053677,0.010018,0.044260,0.004376,0.065055,0.030068,0.076939,1,
0.068259,0.000000,0.339525,0.001353,0.310743,0.004764,0.271031,0.000034,0.001892,0.002399,4,
0.019575,0.000073,0.185397,0.770844,0.000000,0.000275,0.000002,0.000005,0.023828,0.000000,3,
0.875591,0.000000,0.058433,0.026570,0.000021,0.026617,0.000335,0.000101,0.012014,0.000319,0,
0.003866,0.859769,0.012251,0.013197,0.000039,0.000055,0.000260,0.002443,0.070301,0.037819,3,
0.127662,0.000000,0.002428,0.459986,0.000000,0.404293,0.000000,0.000322,0.005306,0.000002,0,
0.127174,0.004810,0.022126,0.002226,0.000032,0.054140,0.065923,0.000065,0.718340,0.005164,8,
0.022031,0.000000,0.936664,0.001080,0.000000,0.000137,0.033315,0.000000,0.006772,0.000001,2,
0.313326,0.000000,0.000955,0.268604,0.000000,0.401580,0.000000,0.000351,0.015179,0.000005,0,
0.065320,0.000000,0.075546,0.028502,0.678852,0.058616,0.022193,0.010810,0.009008,0.051152,5,
0.001543,0.001575,0.000093,0.008794,0.040543,0.001407,0.000008,0.274183,0.013945,0.657909,9,
0.004476,0.000748,0.003331,0.947566,0.000000,0.000117,0.000000,0.022083,0.020802,0.000876,3,
0.000382,0.047833,0.000304,0.008711,0.127460,0.000243,0.000024,0.240816,0.003899,0.570328,9,
0.001064,0.000000,0.855413,0.000022,0.000017,0.000003,0.143471,0.000000,0.000010,0.000000,2,
0.010805,0.000955,0.042794,0.866218,0.000005,0.003415,0.000049,0.053523,0.016642,0.005594,3,
0.000140,0.001174,0.000014,0.043940,0.000038,0.000028,0.000000,0.867964,0.001734,0.084969,7,
0.014017,0.000044,0.013552,0.027687,0.584468,0.192597,0.014451,0.053187,0.010228,0.089770,4,
0.300782,0.000001,0.006030,0.026009,0.000001,0.293069,0.000605,0.000632,0.371120,0.001751,8,
0.003805,0.000056,0.848023,0.143275,0.000000,0.001415,0.002196,0.000065,0.001157,0.000008,2,
0.076970,0.006016,0.005339,0.134962,0.000023,0.011018,0.000076,0.040877,0.628146,0.096573,3,
0.000016,0.000078,0.000003,0.009285,0.001661,0.000089,0.000000,0.953894,0.000075,0.034900,7,
0.010148,0.000025,0.007229,0.964780,0.000000,0.006896,0.000000,0.000045,0.010876,0.000000,3,
0.082106,0.000087,0.000129,0.002446,0.000007,0.089453,0.000074,0.001168,0.808137,0.016392,8,
0.216099,0.001215,0.114029,0.021262,0.000000,0.110182,0.031237,0.000073,0.505281,0.000622,0,
0.001325,0.010153,0.000025,0.027318,0.000651,0.003700,0.000001,0.699123,0.018558,0.239147,9,
0.687893,0.000000,0.075027,0.000501,0.209555,0.001140,0.012593,0.000012,0.007156,0.006123,0,
0.007652,0.189738,0.002854,0.019594,0.052801,0.009227,0.001089,0.094886,0.072147,0.550011,9,
0.019174,0.000763,0.006236,0.010077,0.098581,0.747673,0.032465,0.013773,0.028419,0.042839,1,
0.018087,0.000000,0.962739,0.002980,0.000000,0.000567,0.015128,0.000000,0.000498,0.000001,2,
0.000802,0.000000,0.002862,0.000000,0.028087,0.000178,0.967594,0.000000,0.000379,0.000098,6,
0.008227,0.000000,0.166500,0.001089,0.564544,0.000703,0.243098,0.000136,0.002718,0.012985,2,
0.000002,0.000035,0.000000,0.002599,0.000246,0.000006,0.000000,0.971138,0.000022,0.025951,7,
0.058989,0.002672,0.064682,0.000204,0.000014,0.003316,0.542479,0.000001,0.326709,0.000934,6,
0.890069,0.000000,0.108429,0.000087,0.000000,0.000029,0.000413,0.000000,0.000971,0.000002,0,
0.000888,0.000000,0.345837,0.000015,0.021760,0.000010,0.631452,0.000000,0.000019,0.000019,2,
0.004724,0.003615,0.001753,0.003744,0.544504,0.008291,0.002866,0.026963,0.022520,0.381020,4,
0.046045,0.000018,0.003221,0.008972,0.000000,0.887127,0.000908,0.000039,0.053650,0.000022,5,
0.005881,0.011656,0.000271,0.038411,0.011473,0.048658,0.000042,0.497754,0.041067,0.344788,4,
0.002823,0.000000,0.189095,0.000011,0.000372,0.000005,0.804931,0.000000,0.002605,0.000156,6,
0.002186,0.108726,0.004237,0.601700,0.000007,0.001925,0.000005,0.256146,0.010976,0.014091,7,
0.236693,0.000004,0.081922,0.001447,0.000065,0.001269,0.039038,0.000017,0.630626,0.008917,8,
0.094985,0.010239,0.328578,0.320947,0.000013,0.050904,0.010129,0.004950,0.173792,0.005463,2,
0.132842,0.019833,0.093603,0.236160,0.000000,0.091536,0.002137,0.001562,0.421044,0.001284,3,
0.006856,0.000000,0.001374,0.972061,0.000000,0.015553,0.000000,0.000340,0.003815,0.000000,3,
0.005013,0.000000,0.221770,0.772448,0.000000,0.000014,0.000000,0.000019,0.000735,0.000000,3,
0.000099,0.000000,0.002853,0.000000,0.003658,0.000001,0.993333,0.000000,0.000048,0.000008,6,
0.001950,0.000000,0.000044,0.029387,0.019822,0.002618,0.000000,0.770624,0.001897,0.173657,7,
0.106350,0.000020,0.000324,0.008399,0.000000,0.015480,0.000013,0.000885,0.862303,0.006226,8,
0.000829,0.678447,0.006619,0.055951,0.008739,0.000613,0.000215,0.132255,0.005297,0.111035,1,
0.000428,0.000000,0.000960,0.000000,0.000000,0.000025,0.998202,0.000000,0.000385,0.000000,6,
0.010769,0.000008,0.040402,0.063064,0.638499,0.014131,0.005204,0.083610,0.005834,0.138479,7,
0.271210,0.000000,0.003154,0.034138,0.269409,0.185303,0.000255,0.053965,0.027635,0.154931,5,
0.003030,0.012718,0.001855,0.006182,0.489053,0.005937,0.001733,0.052681,0.015849,0.410965,9,
0.994329,0.000000,0.000673,0.000031,0.000000,0.000073,0.000002,0.000000,0.004891,0.000002,0,
0.121330,0.000046,0.000431,0.073242,0.000000,0.261048,0.000008,0.006719,0.534390,0.002785,3,
0.002741,0.011054,0.000191,0.020618,0.041361,0.021798,0.000041,0.463412,0.019369,0.419416,7,
0.007705,0.658962,0.047523,0.060273,0.018235,0.077138,0.030508,0.033634,0.022729,0.043294,1,
0.114968,0.008925,0.014857,0.073406,0.000000,0.022922,0.000342,0.001391,0.759576,0.003613,8,
0.284423,0.000003,0.005716,0.015327,0.000000,0.133218,0.000611,0.000236,0.559206,0.001259,2,
0.528719,0.000000,0.275788,0.157865,0.000000,0.035036,0.000015,0.000000,0.002577,0.000000,5,
0.000702,0.000178,0.009116,0.000023,0.135218,0.001455,0.850851,0.000005,0.001032,0.001419,6,
0.000344,0.004163,0.083350,0.000015,0.000975,0.000009,0.909866,0.000000,0.001045,0.000232,6,
0.051470,0.000000,0.000052,0.001209,0.000000,0.827529,0.000026,0.000033,0.119631,0.000049,5,
0.097886,0.009417,0.027043,0.117969,0.000000,0.488867,0.001003,0.000231,0.257519,0.000064,5,
0.002535,0.001103,0.007472,0.000045,0.520628,0.000983,0.433544,0.000030,0.009812,0.023848,4,
0.020369,0.000052,0.005001,0.068572,0.000000,0.889482,0.000150,0.000182,0.016185,0.000007,5,
0.083529,0.111887,0.046709,0.108432,0.000094,0.287581,0.012143,0.009716,0.322800,0.017109,1,
0.000830,0.000000,0.000016,0.018411,0.010112,0.000324,0.000000,0.766069,0.001141,0.203097,3,
0.942384,0.000000,0.000435,0.000187,0.000000,0.004716,0.000017,0.000001,0.052164,0.000096,0,
0.370273,0.000001,0.028505,0.038940,0.000000,0.026278,0.000315,0.000050,0.535475,0.000163,8,
0.002272,0.000000,0.703939,0.000762,0.004041,0.000132,0.288444,0.000005,0.000247,0.000159,2,
0.006130,0.006426,0.004454,0.004592,0.700937,0.037633,0.017482,0.018174,0.019394,0.184778,4,
0.087055,0.003522,0.005937,0.208088,0.000038,0.032471,0.000099,0.070857,0.503569,0.088363,8,
0.084822,0.010676,0.064588,0.002364,0.000000,0.000769,0.013594,0.000009,0.821602,0.001576,8,
0.214558,0.000334,0.036355,0.076257,0.000000,0.231110,0.001975,0.000379,0.438531,0.000501,0,
0.001368,0.000302,0.000224,0.006427,0.137935,0.000462,0.000018,0.150141,0.008331,0.694791,9,
0.009424,0.000020,0.963881,0.017922,0.000000,0.000021,0.000096,0.000000,0.008636,0.000000,2,
0.008361,0.000000,0.059637,0.000176,0.389757,0.001314,0.531613,0.000020,0.003259,0.005863,2,
0.015636,0.000000,0.014076,0.199226,0.000000,0.767470,0.000140,0.000640,0.002804,0.000008,5,
0.651647,0.000000,0.001997,0.192870,0.000000,0.137063,0.000001,0.001388,0.014924,0.000111,0,
0.550036,0.000000,0.032042,0.004869,0.343739,0.016099,0.004312,0.000701,0.016115,0.032087,0,
0.000247,0.000000,0.088419,0.000000,0.002264,0.000001,0.909067,0.000000,0.000002,0.000000,6,
0.001189,0.009835,0.000772,0.017396,0.211351,0.002262,0.000106,0.289364,0.006190,0.461535,4,
0.071136,0.000000,0.092949,0.000023,0.189296,0.000486,0.642414,0.000000,0.002734,0.000961,6,
0.005702,0.005686,0.016159,0.000235,0.619802,0.000445,0.173655,0.000206,0.034870,0.143240,4,
0.005965,0.475114,0.066895,0.363384,0.000094,0.009397,0.001054,0.047987,0.018411,0.011699,1,
0.000169,0.960349,0.003490,0.005341,0.005027,0.000210,0.000572,0.007941,0.001102,0.015800,1,
0.183262,0.001913,0.049612,0.038545,0.000000,0.037807,0.002401,0.000118,0.685825,0.000517,8,
0.000422,0.969068,0.004546,0.007519,0.000763,0.000692,0.000775,0.004883,0.002763,0.008570,1,
0.124944,0.000152,0.001074,0.048801,0.000020,0.174691,0.000082,0.019708,0.594376,0.036151,5,
0.142381,0.000000,0.024855,0.005297,0.000000,0.766083,0.001417,0.000000,0.059968,0.000000,5,
0.000004,0.000000,0.000000,0.001115,0.000039,0.000029,0.000000,0.986972,0.000019,0.011823,7,
0.002026,0.021570,0.007502,0.000239,0.759528,0.000477,0.081219,0.000399,0.013482,0.113558,8,
0.003374,0.000000,0.992652,0.000817,0.000000,0.000032,0.003069,0.000000,0.000055,0.000000,2,
0.000326,0.000046,0.000004,0.009182,0.002526,0.001027,0.000000,0.799214,0.002371,0.185305,7,
0.000399,0.007226,0.000083,0.004450,0.082212,0.000159,0.000006,0.196750,0.004906,0.703810,4,
0.037046,0.000000,0.000230,0.005549,0.189160,0.506027,0.000360,0.049390,0.036646,0.175592,5,
0.013850,0.000013,0.001464,0.002326,0.524533,0.007467,0.001959,0.011993,0.037053,0.399343,4,
0.026545,0.024615,0.006950,0.051386,0.083174,0.180924,0.004884,0.150288,0.103736,0.367498,9,
0.030107,0.000000,0.217511,0.744110,0.000000,0.000652,0.000010,0.000153,0.007448,0.000009,3,
0.004644,0.203607,0.023935,0.001195,0.394150,0.004984,0.250858,0.001119,0.025394,0.090115,4,
0.210944,0.000000,0.001290,0.010689,0.000000,0.008846,0.000019,0.000170,0.766713,0.001329,8,
0.000240,0.000008,0.003135,0.995691,0.000000,0.000018,0.000000,0.000693,0.000214,0.000001,3,
0.002333,0.016251,0.000757,0.009086,0.327741,0.008450,0.000451,0.138971,0.013905,0.482056,4,
0.165054,0.000016,0.001457,0.008988,0.000000,0.033993,0.000075,0.000134,0.789464,0.000820,8,
0.117398,0.001529,0.045243,0.016886,0.000010,0.001222,0.002120,0.000484,0.793473,0.021635,8,
0.000585,0.000000,0.274460,0.000428,0.064030,0.000629,0.659658,0.000010,0.000053,0.000147,6,
0.001473,0.081175,0.006153,0.001262,0.523896,0.000152,0.007060,0.004305,0.013653,0.360870,9,
0.000446,0.809577,0.011104,0.093464,0.000528,0.000415,0.000126,0.065059,0.002057,0.017224,1,
0.000250,0.000002,0.001894,0.000001,0.030783,0.000194,0.966394,0.000000,0.000332,0.000149,6,
0.000445,0.000023,0.015386,0.000006,0.106583,0.000048,0.875722,0.000001,0.000692,0.001096,6,
0.001313,0.031626,0.000959,0.005245,0.259916,0.000628,0.000285,0.067391,0.011793,0.620845,9,
0.084236,0.000000,0.695667,0.019650,0.000000,0.151831,0.042787,0.000001,0.005827,0.000001,2,
0.000643,0.000066,0.236456,0.001951,0.174920,0.002248,0.582299,0.000174,0.000185,0.001059,6,
0.000518,0.969876,0.004387,0.004470,0.000899,0.000434,0.001024,0.002833,0.004238,0.011322,1,
0.007767,0.005441,0.000753,0.065599,0.010537,0.024492,0.000055,0.485171,0.042029,0.358156,9,
0.617432,0.000000,0.013589,0.001413,0.000003,0.017844,0.003769,0.000009,0.345033,0.000907,0,
0.017685,0.000241,0.060591,0.000153,0.001202,0.002487,0.873499,0.000003,0.042283,0.001855,6,
0.001046,0.003416,0.954636,0.030624,0.000000,0.000167,0.009343,0.000030,0.000719,0.000020,2,
0.853353,0.000000,0.015068,0.000409,0.111471,0.000895,0.001219,0.000019,0.008771,0.008794,0,
0.020959,0.000012,0.000343,0.001385,0.299354,0.498659,0.004441,0.009570,0.044271,0.121006,5,
0.046068,0.000000,0.000030,0.001162,0.000949,0.778687,0.000098,0.004301,0.138605,0.030100,5,
0.000206,0.004056,0.000094,0.152902,0.000024,0.000398,0.000000,0.822753,0.001095,0.018472,7,
0.286375,0.000000,0.000217,0.109890,0.000000,0.568943,0.000000,0.000937,0.033605,0.000033,0,
0.000684,0.002669,0.000046,0.008309,0.063568,0.002643,0.000006,0.459983,0.005473,0.456619,9,
0.019405,0.001850,0.598808,0.001069,0.000006,0.000246,0.328775,0.000002,0.049474,0.000366,2,
0.525151,0.000000,0.001125,0.021450,0.000000,0.294915,0.000001,0.000001,0.157357,0.000000,5,
0.002331,0.012867,0.046789,0.319578,0.055659,0.003772,0.000891,0.441789,0.003377,0.112947,3,
0.002545,0.000003,0.000144,0.010807,0.028164,0.000160,0.000002,0.193354,0.011125,0.753696,8,
0.005091,0.883048,0.019997,0.015087,0.001446,0.009469,0.010207,0.004816,0.030058,0.020782,1,
0.026638,0.002905,0.009200,0.562971,0.000000,0.352175,0.000021,0.000821,0.045258,0.000010,5,
0.000369,0.000669,0.966813,0.031545,0.000000,0.000003,0.000320,0.000003,0.000277,0.000001,2,
0.001625,0.063699,0.003078,0.006674,0.492565,0.001988,0.001998,0.048331,0.009744,0.370299,9,
0.024795,0.000001,0.034447,0.806385,0.000000,0.127417,0.000017,0.000280,0.006655,0.000002,3,
0.467371,0.000000,0.000378,0.113123,0.000000,0.380717,0.000000,0.000183,0.038222,0.000006,3,
0.000894,0.299976,0.012221,0.097790,0.108877,0.004999,0.001025,0.350567,0.002573,0.121080,7,
0.000061,0.000000,0.002946,0.000000,0.003581,0.000010,0.993387,0.000000,0.000013,0.000003,6,
0.210566,0.000000,0.160967,0.000971,0.001415,0.039379,0.538659,0.000008,0.046907,0.001129,6,
0.775893,0.000000,0.000062,0.003519,0.031224,0.011457,0.000001,0.009229,0.030371,0.138245,7,
0.387316,0.000000,0.008895,0.000367,0.000000,0.291580,0.013647,0.000000,0.298194,0.000002,0,
0.054367,0.000008,0.000395,0.001035,0.000153,0.802556,0.002652,0.000362,0.134237,0.004235,8,
0.269200,0.000000,0.328260,0.000340,0.251557,0.000813,0.145020,0.000003,0.002840,0.001967,4,
0.007545,0.000051,0.010509,0.002948,0.725554,0.001561,0.009204,0.005512,0.015240,0.221876,9,
0.043416,0.000000,0.037115,0.000826,0.710433,0.009419,0.153485,0.000215,0.014872,0.030219,4,
0.005250,0.365098,0.009483,0.006063,0.319550,0.020873,0.033367,0.015643,0.030237,0.194437,4,
0.104255,0.000000,0.000689,0.028441,0.000015,0.744957,0.000081,0.006774,0.110033,0.004754,5,
0.000612,0.000170,0.910490,0.087893,0.000000,0.000062,0.000539,0.000014,0.000219,0.000001,2,
0.117882,0.005270,0.037278,0.022752,0.000001,0.494128,0.020952,0.000218,0.300864,0.000655,5,
0.000561,0.000000,0.007368,0.000000,0.036209,0.000004,0.955410,0.000000,0.000308,0.000140,6,
0.263135,0.000005,0.009897,0.142423,0.000002,0.045818,0.000100,0.006417,0.522324,0.009880,0,
0.016373,0.000023,0.000354,0.013697,0.000000,0.942160,0.000069,0.001024,0.026105,0.000194,5,
0.560312,0.000000,0.016054,0.000209,0.000003,0.094853,0.078601,0.000001,0.249821,0.000146,9,
0.000014,0.001602,0.000004,0.009054,0.002503,0.000122,0.000000,0.945601,0.000094,0.041005,7,
0.573586,0.000000,0.000017,0.000019,0.000000,0.021848,0.000009,0.000000,0.404492,0.000028,8,
0.274693,0.000000,0.002012,0.022369,0.000000,0.327455,0.000049,0.000054,0.373323,0.000044,0,
0.000040,0.000006,0.000000,0.004957,0.000190,0.000148,0.000000,0.942231,0.000330,0.052096,7,
0.000558,0.959042,0.006873,0.007824,0.000222,0.000053,0.000275,0.003151,0.006078,0.015923,1,
0.003015,0.001515,0.010913,0.001275,0.745736,0.000376,0.015545,0.002431,0.011664,0.207530,4,
0.026880,0.000000,0.013488,0.061712,0.316998,0.448602,0.004562,0.077939,0.005858,0.043960,4,
0.000605,0.000000,0.185665,0.000099,0.029226,0.000451,0.783892,0.000001,0.000027,0.000034,6,
0.468654,0.000000,0.001072,0.000568,0.000000,0.155644,0.000546,0.000002,0.373463,0.000051,0,
0.010482,0.791664,0.078019,0.025007,0.000150,0.002754,0.011959,0.001796,0.065281,0.012889,1,
0.002280,0.000000,0.023244,0.973879,0.000000,0.000259,0.000000,0.000003,0.000336,0.000000,3,
0.003889,0.000121,0.931016,0.006424,0.000000,0.000617,0.055960,0.000002,0.001962,0.000008,2,
0.110413,0.003213,0.025102,0.153415,0.000008,0.435369,0.002286,0.007473,0.257486,0.005235,8,
0.001766,0.901718,0.009267,0.037376,0.000379,0.002603,0.000650,0.017982,0.010886,0.017372,1,
0.002636,0.000496,0.000609,0.001640,0.191159,0.000168,0.000169,0.016146,0.022538,0.764438,9,
0.003783,0.003062,0.006171,0.000561,0.765805,0.001219,0.035573,0.001187,0.018125,0.164514,1,
0.003271,0.001117,0.026473,0.120219,0.436261,0.031475,0.003814,0.276571,0.002744,0.098055,5,
0.995958,0.000000,0.000105,0.000216,0.000000,0.000189,0.000000,0.000000,0.003533,0.000000,0,
0.000404,0.829042,0.008549,0.081061,0.000762,0.001502,0.000217,0.065620,0.001504,0.011340,1,
0.071064,0.000018,0.313961,0.452658,0.000000,0.133932,0.001544,0.000252,0.026550,0.000021,3,
0.165425,0.000000,0.000118,0.023516,0.000000,0.019693,0.000000,0.000096,0.791099,0.000054,5,
0.024389,0.000005,0.006868,0.001858,0.568401,0.246331,0.088981,0.002119,0.020078,0.040970,4,
0.001014,0.008614,0.000015,0.006095,0.044768,0.030132,0.000007,0.523598,0.010385,0.375370,9,
0.051519,0.130390,0.069562,0.245647,0.000475,0.281999,0.011040,0.038199,0.142931,0.028238,5,
0.215253,0.000000,0.000318,0.005312,0.000000,0.230395,0.000017,0.000025,0.548632,0.000048,8,
0.108094,0.070579,0.066238,0.046634,0.000000,0.021839,0.004719,0.000419,0.679040,0.002438,8,
0.003794,0.005039,0.016548,0.001005,0.671300,0.000248,0.029976,0.001447,0.019750,0.250893,1,
0.962990,0.000000,0.006205,0.000131,0.000000,0.002233,0.000354,0.000000,0.028075,0.000012,0,
0.169882,0.001565,0.020046,0.028098,0.000000,0.065931,0.000748,0.000031,0.713626,0.000072,8,
0.012214,0.000102,0.001899,0.052918,0.001782,0.850130,0.000634,0.055725,0.012959,0.011636,5,
0.986890,0.000000,0.004807,0.003030,0.000000,0.001238,0.000002,0.000002,0.004019,0.000011,0,
0.004010,0.000016,0.001659,0.003640,0.342439,0.000212,0.000219,0.022361,0.013593,0.611849,9,
0.003378,0.009146,0.019152,0.012459,0.745048,0.008054,0.017634,0.027899,0.007402,0.149829,4,
0.194193,0.000073,0.017325,0.002877,0.000006,0.018833,0.010841,0.000051,0.752075,0.003725,0,
0.108924,0.010851,0.078528,0.011330,0.000022,0.002882,0.013525,0.000270,0.757453,0.016216,0,
0.000840,0.945824,0.012284,0.014398,0.000221,0.000129,0.000474,0.004364,0.007119,0.014348,1,
0.058404,0.000000,0.002726,0.895302,0.000000,0.043226,0.000000,0.000001,0.000342,0.000000,3,
0.000280,0.000056,0.000002,0.005283,0.004717,0.001611,0.000000,0.768010,0.002349,0.217693,7,
0.003972,0.886715,0.049875,0.022298,0.000016,0.000505,0.002284,0.001054,0.028542,0.004739,1,
0.004338,0.000041,0.947564,0.041963,0.000000,0.000295,0.003879,0.000014,0.001896,0.000010,2,
0.004829,0.009869,0.002397,0.001564,0.674443,0.010542,0.013316,0.007706,0.025765,0.249568,4,
0.079430,0.000000,0.056771,0.000265,0.070039,0.023911,0.747872,0.000013,0.018053,0.003647,6,
0.955179,0.000000,0.000453,0.000043,0.000000,0.001497,0.000022,0.000000,0.042794,0.000013,0,
0.000793,0.578359,0.002512,0.090746,0.003183,0.007689,0.000123,0.268990,0.003735,0.043870,1,
0.001916,0.049616,0.004751,0.002431,0.634532,0.001302,0.007771,0.010603,0.011862,0.275216,4,
0.053937,0.000000,0.049721,0.000030,0.238686,0.001344,0.650064,0.000001,0.004424,0.001794,6,
0.022820,0.000000,0.382793,0.000137,0.104141,0.000400,0.489088,0.000001,0.000357,0.000262,6,
0.000367,0.000129,0.000008,0.007142,0.017913,0.001778,0.000000,0.693643,0.002435,0.276585,7,
0.797217,0.000000,0.000136,0.036443,0.000000,0.122034,0.000000,0.000570,0.043463,0.000137,0,
0.002187,0.000035,0.000063,0.006063,0.090279,0.002076,0.000007,0.227797,0.011445,0.660049,9,
0.061581,0.000000,0.012523,0.043775,0.439562,0.002944,0.000234,0.063530,0.014686,0.361166,3,
0.013525,0.003947,0.001623,0.800313,0.000000,0.125376,0.000002,0.015525,0.039541,0.000147,3,
0.102063,0.000756,0.452106,0.016247,0.004238,0.003147,0.142251,0.000703,0.227476,0.051013,2,
0.002655,0.816771,0.064923,0.076491,0.000029,0.000103,0.000429,0.006181,0.019036,0.013382,1,
0.962239,0.000000,0.004603,0.000033,0.000000,0.001329,0.000145,0.000000,0.031650,0.000000,0,
0.089565,0.000000,0.000014,0.004925,0.000000,0.812664,0.000000,0.000041,0.092784,0.000006,5,
0.008488,0.848686,0.044708,0.006036,0.000010,0.001183,0.011009,0.000166,0.076642,0.003071,1,
0.005836,0.003562,0.065812,0.913162,0.000000,0.001424,0.000010,0.000781,0.009397,0.000017,3,
0.023204,0.000001,0.782116,0.060730,0.000676,0.037212,0.091038,0.000653,0.003670,0.000699,2,
0.000126,0.966725,0.001911,0.002296,0.003193,0.000040,0.000258,0.003903,0.001322,0.020226,1,
0.267308,0.000001,0.003120,0.000806,0.000000,0.166122,0.003782,0.000003,0.558770,0.000089,0,
0.023682,0.000000,0.257742,0.009895,0.489444,0.023742,0.184211,0.001063,0.002223,0.007998,2,
0.014558,0.252612,0.021352,0.038399,0.113188,0.026214,0.012829,0.069255,0.076100,0.375494,9,
0.004516,0.008346,0.000478,0.007854,0.345416,0.061232,0.000781,0.134173,0.023587,0.413617,9,
0.027193,0.004013,0.007249,0.803476,0.000000,0.004908,0.000003,0.021705,0.129268,0.002185,3,
0.032551,0.000000,0.000573,0.016733,0.177656,0.526802,0.000334,0.101830,0.018532,0.124989,5,
0.002482,0.000233,0.000016,0.015466,0.008210,0.095168,0.000003,0.681450,0.012815,0.184158,7,
0.000035,0.000133,0.000001,0.003958,0.001520,0.000295,0.000000,0.913911,0.000333,0.079814,7,
0.011847,0.002123,0.016677,0.000463,0.007493,0.146308,0.790346,0.000055,0.022230,0.002456,6,
0.000245,0.000001,0.013999,0.000001,0.005111,0.000006,0.980239,0.000000,0.000307,0.000091,6,
0.023058,0.044502,0.037774,0.718475,0.000008,0.011034,0.000153,0.065432,0.083892,0.015673,3,
0.256728,0.000040,0.176161,0.004541,0.000000,0.196435,0.088993,0.000001,0.277097,0.000006,5,
0.000061,0.000419,0.000003,0.006829,0.004746,0.000723,0.000000,0.898759,0.000430,0.088030,7,
0.041195,0.000000,0.000216,0.009506,0.208695,0.092262,0.000071,0.117623,0.045611,0.484822,9,
0.019785,0.000000,0.000464,0.974859,0.000000,0.002459,0.000000,0.000004,0.002429,0.000000,3,
0.003629,0.020021,0.004391,0.012457,0.413169,0.004427,0.002145,0.072108,0.017234,0.450420,4,
0.002542,0.000001,0.174792,0.821839,0.000000,0.000057,0.000000,0.000000,0.000769,0.000000,3,
0.003171,0.013669,0.005335,0.011043,0.598385,0.007673,0.004130,0.056305,0.011196,0.289093,4,
0.000555,0.023169,0.191880,0.000139,0.011525,0.000022,0.769335,0.000005,0.001580,0.001789,2,
0.003029,0.000000,0.908063,0.000900,0.026567,0.000001,0.050099,0.000019,0.001953,0.009370,2,
0.001356,0.922376,0.038321,0.020262,0.000070,0.000232,0.001514,0.001932,0.008315,0.005622,1,
0.002608,0.011689,0.016575,0.001018,0.778936,0.001984,0.095234,0.001320,0.008932,0.081704,4,
0.080216,0.000000,0.000169,0.065442,0.000000,0.762646,0.000002,0.004048,0.087130,0.000346,5,
0.000655,0.000000,0.007000,0.000000,0.005591,0.000022,0.986634,0.000000,0.000086,0.000011,6,
0.002763,0.005323,0.694497,0.000617,0.000002,0.000057,0.291275,0.000001,0.005414,0.000052,2,
0.004752,0.870511,0.045699,0.020929,0.000009,0.000150,0.001066,0.000924,0.048552,0.007408,1,
0.000154,0.000000,0.000000,0.006630,0.000788,0.006654,0.000000,0.964339,0.000226,0.021208,7,
0.283918,0.000000,0.027108,0.056448,0.052260,0.480940,0.005002,0.016688,0.037841,0.039794,0,
0.068140,0.000000,0.000031,0.001287,0.136325,0.328584,0.000074,0.023327,0.101378,0.340855,5,
0.002009,0.000005,0.003828,0.053632,0.187370,0.000170,0.000027,0.310141,0.002767,0.440051,9,
0.929677,0.000000,0.001177,0.011976,0.000006,0.029298,0.000004,0.000295,0.026730,0.000837,0,
0.006356,0.008845,0.043888,0.922034,0.000000,0.001060,0.000007,0.002384,0.015342,0.000084,3,
0.004076,0.013363,0.011521,0.003337,0.773869,0.015633,0.053613,0.006972,0.011525,0.106091,4,
0.021478,0.000000,0.000031,0.046323,0.000357,0.660184,0.000001,0.242195,0.010991,0.018440,5,
0.027853,0.274112,0.269706,0.181017,0.000000,0.000105,0.000405,0.001024,0.241234,0.004544,1,
0.072927,0.000001,0.008446,0.000018,0.000001,0.059370,0.738260,0.000000,0.120944,0.000032,5,
0.933836,0.000000,0.006059,0.043809,0.000000,0.011504,0.000000,0.000002,0.004790,0.000000,0,
0.000116,0.004435,0.000010,0.006591,0.016019,0.000392,0.000000,0.707750,0.001269,0.263418,7,
0.374212,0.000000,0.087099,0.014153,0.000000,0.466721,0.002775,0.000000,0.055040,0.000000,2,
0.000648,0.957707,0.009160,0.004790,0.003886,0.002240,0.006847,0.002717,0.003232,0.008775,1,
0.004233,0.003014,0.972366,0.001526,0.000000,0.000007,0.007436,0.000000,0.011418,0.000000,2,
0.005928,0.000000,0.013259,0.000004,0.000673,0.001337,0.976432,0.000000,0.002316,0.000051,6,
0.001270,0.892428,0.009503,0.054391,0.000201,0.002998,0.000441,0.022221,0.006448,0.010100,1,
0.000002,0.000015,0.000000,0.002622,0.000241,0.000001,0.000000,0.956610,0.000018,0.040490,7,
0.181735,0.000000,0.000473,0.000116,0.063512,0.118023,0.019453,0.000156,0.509063,0.107468,8,
0.035438,0.000000,0.940584,0.000071,0.000000,0.000031,0.023803,0.000000,0.000072,0.000000,2,
0.001971,0.080937,0.011021,0.004301,0.701854,0.003598,0.021823,0.012021,0.008105,0.154370,4,
0.402750,0.000000,0.002252,0.000017,0.000000,0.060930,0.036288,0.000000,0.497752,0.000011,0,
0.178378,0.000715,0.126071,0.009332,0.000000,0.389343,0.027286,0.000000,0.268875,0.000001,5,
0.023115,0.000001,0.001408,0.051212,0.168682,0.082071,0.000168,0.326097,0.021353,0.325894,9,
0.001447,0.000110,0.000008,0.006322,0.033399,0.041022,0.000002,0.603648,0.008409,0.305632,7,
0.004595,0.010040,0.009787,0.001781,0.760569,0.021504,0.094990,0.003263,0.013199,0.080270,4,
0.000427,0.000004,0.127084,0.000289,0.081409,0.000960,0.789442,0.000014,0.000096,0.000274,6,
0.001989,0.000092,0.930880,0.065802,0.000000,0.000051,0.000147,0.000000,0.001039,0.000000,2,
0.267835,0.000002,0.006020,0.001881,0.000078,0.190224,0.015301,0.000101,0.513207,0.005351,8,
0.000456,0.000052,0.019168,0.000010,0.013746,0.000153,0.965522,0.000000,0.000593,0.000299,6,
0.054639,0.000504,0.072056,0.000139,0.000003,0.004430,0.671446,0.000000,0.196591,0.000192,6,
0.002084,0.055566,0.000446,0.001086,0.397948,0.002887,0.001399,0.015746,0.025680,0.497158,4,
0.016525,0.004482,0.003553,0.009035,0.011387,0.000437,0.000351,0.018155,0.186944,0.749131,9,
0.010208,0.003065,0.186387,0.783609,0.000000,0.000998,0.000026,0.000190,0.015509,0.000008,3,
0.231475,0.000061,0.016466,0.020196,0.000000,0.044305,0.000594,0.000033,0.686734,0.000134,8,
0.000957,0.948914,0.005852,0.017661,0.000326,0.002379,0.000737,0.008584,0.005793,0.008799,1,
0.837035,0.000000,0.000160,0.079039,0.000000,0.065095,0.000000,0.000446,0.018192,0.000034,0,
0.295585,0.000000,0.003358,0.505644,0.000000,0.091145,0.000000,0.000286,0.103973,0.000008,0,
0.000367,0.000000,0.994881,0.003568,0.000000,0.000003,0.001161,0.000000,0.000020,0.000000,2,
0.115788,0.000000,0.040931,0.006268,0.642965,0.092443,0.048860,0.001906,0.015635,0.035203,4,
0.001861,0.005015,0.007007,0.000061,0.450346,0.002200,0.508918,0.000045,0.007270,0.017275,6,
0.012278,0.000077,0.000196,0.002879,0.311338,0.067994,0.000469,0.050173,0.052262,0.502333,7,
0.137071,0.000651,0.004120,0.008649,0.000000,0.076975,0.000607,0.000066,0.771464,0.000398,8,
0.007045,0.001046,0.001050,0.008355,0.439160,0.040189,0.001294,0.084297,0.024692,0.392870,3,
0.068431,0.000001,0.000197,0.004531,0.006873,0.691459,0.000331,0.014752,0.135631,0.077794,5,
0.000950,0.104335,0.001212,0.002611,0.366609,0.000435,0.000765,0.028285,0.009967,0.484831,9,
0.002280,0.033445,0.034609,0.001331,0.690459,0.001318,0.158085,0.001174,0.007727,0.069572,4,
0.001351,0.949873,0.020187,0.004959,0.000052,0.000063,0.001427,0.000485,0.014664,0.006938,1,
0.070258,0.000000,0.866526,0.053456,0.000000,0.009190,0.000253,0.000000,0.000316,0.000000,2,
0.010292,0.001043,0.000223,0.089704,0.001071,0.109292,0.000011,0.599896,0.047152,0.141316,9,
0.000561,0.017874,0.000396,0.213386,0.000130,0.009268,0.000002,0.740759,0.001894,0.015731,3,
0.003958,0.019209,0.000960,0.012085,0.295976,0.024980,0.000794,0.154980,0.021763,0.465296,4,
0.085140,0.030067,0.007048,0.014960,0.001102,0.127635,0.007713,0.006722,0.629525,0.090090,8,
0.000220,0.000000,0.998066,0.000467,0.000000,0.000000,0.001228,0.000000,0.000019,0.000000,2,
0.003447,0.016863,0.012053,0.005137,0.760442,0.009154,0.028306,0.012529,0.010247,0.141822,4,
0.006786,0.706313,0.065047,0.147361,0.000031,0.000792,0.000635,0.012955,0.042684,0.017397,1,
0.273380,0.000000,0.030779,0.020348,0.494468,0.091169,0.005519,0.007314,0.017518,0.059505,9,
0.183062,0.000000,0.229668,0.003158,0.496707,0.004636,0.065049,0.000156,0.005909,0.011656,2,
0.022895,0.000034,0.008219,0.010374,0.000000,0.938473,0.003184,0.000036,0.016772,0.000012,5,
0.007881,0.003490,0.001043,0.017934,0.074572,0.007757,0.000220,0.154125,0.049152,0.683826,9,
0.833347,0.000000,0.008561,0.000792,0.001653,0.038476,0.006285,0.000030,0.105991,0.004864,0,
0.013372,0.000035,0.017841,0.004234,0.782509,0.027601,0.051767,0.004818,0.014232,0.083592,4,
0.000217,0.860045,0.003171,0.030548,0.004996,0.000862,0.000176,0.074670,0.001046,0.024270,1,
0.000928,0.000013,0.938880,0.059697,0.000000,0.000002,0.000010,0.000000,0.000470,0.000000,2,
0.009572,0.702754,0.085101,0.119353,0.000006,0.000579,0.000713,0.004525,0.068241,0.009156,1,
0.000051,0.000191,0.000001,0.003657,0.003847,0.000140,0.000000,0.816154,0.000574,0.175385,7,
0.000877,0.001641,0.000073,0.067597,0.000471,0.003392,0.000001,0.837604,0.005009,0.083335,7,
0.001524,0.003277,0.001494,0.004530,0.342410,0.000275,0.000306,0.042017,0.009697,0.594471,9,
0.004895,0.008036,0.014438,0.948438,0.000000,0.008351,0.000006,0.006108,0.009652,0.000077,3,
0.000124,0.000828,0.031981,0.000009,0.116893,0.000008,0.848852,0.000001,0.000265,0.001038,6,
0.063663,0.000128,0.001015,0.159756,0.000001,0.586238,0.000023,0.022334,0.163700,0.003142,5,
0.061496,0.000009,0.000207,0.016533,0.000068,0.715024,0.000060,0.016916,0.171102,0.018585,5,
0.001866,0.007796,0.055627,0.928121,0.000000,0.000560,0.000008,0.003084,0.002885,0.000053,3,
0.000038,0.000002,0.000001,0.007800,0.001134,0.000474,0.000000,0.962665,0.000111,0.027776,7,
0.212730,0.000059,0.027077,0.000459,0.000000,0.056804,0.074488,0.000000,0.628353,0.000030,8,
0.000186,0.000197,0.012856,0.000002,0.002655,0.000029,0.983587,0.000000,0.000390,0.000097,6,
0.004331,0.002798,0.002457,0.013904,0.000236,0.961358,0.003653,0.004384,0.005722,0.001156,5,
0.202123,0.000822,0.032866,0.025709,0.000000,0.127845,0.005030,0.000156,0.604691,0.000757,0,
0.751006,0.000000,0.018159,0.001506,0.190905,0.004049,0.001693,0.000141,0.013204,0.019338,0,
0.022904,0.000000,0.340318,0.000927,0.206960,0.003573,0.423516,0.000020,0.000767,0.001015,2,
0.002861,0.013992,0.000186,0.072546,0.001656,0.043298,0.000010,0.726891,0.017245,0.121315,7,
0.004137,0.000937,0.024364,0.001481,0.795571,0.002245,0.085431,0.001424,0.008702,0.075709,4,
0.000035,0.000000,0.000000,0.001466,0.000173,0.000808,0.000000,0.970755,0.000146,0.026617,7,
0.003530,0.000000,0.000046,0.155960,0.000066,0.087814,0.000000,0.738461,0.002980,0.011143,3,
0.240764,0.000000,0.036576,0.001070,0.069452,0.161666,0.376571,0.000114,0.097424,0.016363,2,
0.049556,0.073118,0.389964,0.197723,0.000000,0.000321,0.000454,0.000154,0.288345,0.000365,8,
0.000843,0.966564,0.008667,0.005886,0.000313,0.000501,0.001631,0.001726,0.006401,0.007468,1,
0.954938,0.000000,0.000296,0.024749,0.000000,0.010969,0.000000,0.000086,0.008934,0.000028,0,
0.002446,0.007600,0.022528,0.000727,0.653670,0.004365,0.270141,0.000574,0.005898,0.032052,4,
0.008511,0.734663,0.145616,0.014177,0.000032,0.000123,0.007201,0.000407,0.078430,0.010841,1,
0.001717,0.958807,0.011311,0.004852,0.000093,0.001042,0.003339,0.000688,0.013701,0.004451,1,
0.001663,0.301039,0.006058,0.012630,0.461885,0.041342,0.013132,0.056214,0.005601,0.100437,1,
0.037754,0.000000,0.028631,0.905158,0.000000,0.024273,0.000001,0.000038,0.004146,0.000000,3,
0.003020,0.093225,0.000601,0.019000,0.020814,0.002346,0.000066,0.203052,0.037548,0.620329,9,
0.006121,0.000000,0.004710,0.000001,0.082613,0.000343,0.901084,0.000000,0.004093,0.001035,6,
0.000389,0.887738,0.007754,0.045494,0.000464,0.000143,0.000097,0.034249,0.002533,0.021138,1,
0.007887,0.000224,0.002576,0.957331,0.000000,0.017682,0.000000,0.000789,0.013508,0.000002,3,
0.104441,0.060639,0.030050,0.067087,0.000040,0.220282,0.008276,0.005139,0.489129,0.014916,8,
0.007832,0.000019,0.000077,0.006157,0.000011,0.965002,0.000045,0.004301,0.015389,0.001167,5,
0.050706,0.000012,0.000120,0.000627,0.056466,0.502421,0.002155,0.004074,0.219624,0.163796,5,
0.001411,0.954556,0.009497,0.006906,0.000108,0.000244,0.000916,0.001487,0.014595,0.010280,1,
0.230077,0.000078,0.025568,0.113344,0.000000,0.236140,0.000638,0.000527,0.393240,0.000389,0,
0.012249,0.000000,0.000151,0.008913,0.143258,0.008446,0.000016,0.161861,0.023253,0.641851,9,
0.529634,0.000000,0.032737,0.024587,0.000000,0.015650,0.000043,0.000000,0.397348,0.000000,5,
0.398856,0.000000,0.002846,0.005406,0.000000,0.123485,0.000443,0.000078,0.468043,0.000843,0,
0.003481,0.003728,0.000320,0.006707,0.273995,0.017930,0.000264,0.139702,0.020777,0.533096,9,
0.010379,0.011648,0.000896,0.510483,0.000002,0.007212,0.000001,0.348531,0.077421,0.033426,3,
0.031133,0.040910,0.697974,0.003110,0.000000,0.000104,0.041422,0.000001,0.185274,0.000073,2,
0.000015,0.000000,0.000249,0.000000,0.000965,0.000001,0.998762,0.000000,0.000007,0.000001,6,
0.096321,0.000000,0.091804,0.000006,0.001525,0.000287,0.805862,0.000000,0.004128,0.000068,6,
0.013712,0.281557,0.084701,0.309825,0.000020,0.263078,0.006816,0.013798,0.024621,0.001872,3,
0.000540,0.005258,0.000210,0.016248,0.088650,0.001011,0.000012,0.483489,0.003271,0.401311,7,
0.107670,0.000000,0.024514,0.000735,0.634812,0.038665,0.146501,0.000174,0.022431,0.024498,4,
0.072606,0.000000,0.389461,0.000448,0.217671,0.001328,0.316100,0.000005,0.001263,0.001117,4,
0.033622,0.016078,0.336548,0.543245,0.000000,0.008655,0.000432,0.000188,0.061207,0.000025,8,
0.156464,0.000210,0.003833,0.033108,0.000012,0.077181,0.000367,0.004481,0.703494,0.020850,8,
0.001076,0.000352,0.000111,0.002315,0.119276,0.000175,0.000013,0.066989,0.010066,0.799626,9,
0.000017,0.000000,0.000000,0.001914,0.000129,0.000057,0.000000,0.957230,0.000120,0.040533,7,
0.005371,0.898374,0.030787,0.010702,0.000014,0.001082,0.003889,0.000506,0.045324,0.003951,1,
0.018149,0.043724,0.061146,0.002535,0.005954,0.090960,0.722736,0.000247,0.047910,0.006639,6,
0.070222,0.000179,0.352855,0.490753,0.000000,0.030773,0.001013,0.000359,0.053786,0.000062,3,
0.013579,0.000328,0.007761,0.719591,0.000001,0.000017,0.000000,0.098050,0.098087,0.062587,3,
0.000650,0.000000,0.000006,0.016780,0.006553,0.059620,0.000000,0.877480,0.000861,0.038049,7,
0.002206,0.931280,0.013107,0.009500,0.001294,0.002673,0.004970,0.003659,0.014545,0.016766,1,
0.004717,0.000045,0.941489,0.049652,0.000000,0.000013,0.000042,0.000000,0.004042,0.000000,2,
0.037174,0.000000,0.165279,0.019145,0.693778,0.004117,0.021091,0.004451,0.005288,0.049678,4,
0.982878,0.000000,0.000301,0.000444,0.001250,0.000682,0.000002,0.000045,0.009716,0.004683,0,
0.000340,0.000000,0.014162,0.000004,0.021461,0.000290,0.963631,0.000000,0.000072,0.000040,6,
0.000139,0.000029,0.009895,0.000000,0.000518,0.000002,0.988996,0.000000,0.000384,0.000036,6,
0.002258,0.011116,0.020527,0.005966,0.750881,0.001212,0.015654,0.011917,0.006697,0.173772,4,
0.021411,0.000120,0.000025,0.020098,0.000000,0.830746,0.000001,0.005297,0.121663,0.000639,5,
0.640116,0.000000,0.020731,0.000358,0.000000,0.118927,0.012297,0.000000,0.207570,0.000001,0,
0.193816,0.000111,0.055174,0.303281,0.000038,0.039951,0.000795,0.019282,0.358173,0.029380,2,
0.028672,0.002972,0.002420,0.791593,0.000000,0.062683,0.000001,0.003628,0.107973,0.000058,3,
0.153182,0.000314,0.007621,0.051893,0.000000,0.020508,0.000163,0.001581,0.759081,0.005657,8,
0.994066,0.000000,0.004309,0.000005,0.000280,0.000003,0.000059,0.000000,0.001207,0.000071,0,
0.897310,0.000000,0.000705,0.000934,0.048746,0.002380,0.000017,0.000330,0.016242,0.033335,0,
0.000230,0.013671,0.000014,0.007442,0.026453,0.003161,0.000002,0.699139,0.002347,0.247542,9,
0.931962,0.000000,0.006797,0.006411,0.000000,0.027539,0.000035,0.000006,0.027228,0.000021,0,
0.000405,0.000466,0.000126,0.013240,0.056676,0.000166,0.000002,0.448552,0.002362,0.478005,9,
0.022670,0.044270,0.014378,0.140048,0.003169,0.582746,0.004900,0.093433,0.054227,0.040159,1,
0.001256,0.039293,0.001487,0.013605,0.156952,0.000507,0.000156,0.148496,0.009899,0.628348,9,
0.000875,0.100824,0.000622,0.014441,0.180366,0.003135,0.000145,0.276678,0.006460,0.416454,9,
0.010993,0.001499,0.263326,0.708959,0.000000,0.000713,0.000026,0.000065,0.014417,0.000003,3,
0.230618,0.000000,0.173009,0.004104,0.493516,0.014558,0.064939,0.000248,0.007178,0.011829,4,
0.000335,0.979201,0.003188,0.002915,0.001370,0.001226,0.001931,0.002090,0.002115,0.005628,1,
0.022333,0.000012,0.000028,0.000313,0.218191,0.273918,0.000667,0.007624,0.132370,0.344544,7,
0.000355,0.767712,0.009256,0.074815,0.005914,0.001724,0.000381,0.115136,0.001185,0.023522,1,
0.698571,0.000000,0.117873,0.000141,0.153433,0.000263,0.023194,0.000001,0.004224,0.002299,0,
0.001209,0.000000,0.000771,0.996897,0.000000,0.000147,0.000000,0.000010,0.000967,0.000000,3,
0.047571,0.000002,0.000249,0.001679,0.046211,0.704278,0.001854,0.007099,0.100217,0.090841,5,
0.000205,0.000058,0.000002,0.005531,0.004698,0.000788,0.000000,0.775392,0.001699,0.211627,7,
0.029775,0.000000,0.009126,0.842798,0.000000,0.115879,0.000001,0.000825,0.001594,0.000002,3,
0.085358,0.002020,0.390640,0.290770,0.001006,0.015225,0.012448,0.018838,0.134375,0.049321,8,
0.074752,0.000000,0.004414,0.016371,0.396776,0.351075,0.003111,0.029488,0.022772,0.101240,5,
0.006649,0.000426,0.006496,0.002344,0.729016,0.004175,0.013433,0.005994,0.018703,0.212764,4,
0.009390,0.343734,0.004680,0.038460,0.025170,0.019607,0.001402,0.121158,0.075314,0.361086,1,
0.016985,0.000162,0.000447,0.001186,0.436309,0.285255,0.007545,0.009144,0.057357,0.185609,5,
0.002045,0.002757,0.000600,0.011883,0.239566,0.003637,0.000132,0.199375,0.010307,0.529699,9,
0.045636,0.000142,0.001036,0.004675,0.000076,0.817557,0.002269,0.001220,0.122991,0.004398,5,
