0, 1, 2, 3, 4, 5, 6, 7, 8, 9, True
0.129032,0.106452,0.287097,0.106452,0.000000,0.132258,0.061290,0.006452,0.170968,0.000000,2,
0.003226,0.000000,0.009677,0.796774,0.000000,0.132258,0.000000,0.019355,0.012903,0.025806,3,
0.000000,0.006452,0.006452,0.983871,0.000000,0.003226,0.000000,0.000000,0.000000,0.000000,3,
0.087097,0.000000,0.000000,0.000000,0.003226,0.123260,0.038710,0.006452,0.734805,0.006452,8,
0.000000,0.000000,0.000000,0.000000,0.003226,0.006452,0.000000,0.927650,0.000000,0.062673,7,
0.216129,0.045161,0.032258,0.141935,0.009677,0.258065,0.029032,0.009677,0.241935,0.016129,0,
0.006452,0.025806,0.012903,0.090323,0.074194,0.612903,0.000000,0.080645,0.038710,0.058065,5,
0.000000,0.003226,0.000000,0.003226,0.003226,0.022581,0.003226,0.667384,0.000000,0.297133,7,
0.000000,0.003226,0.003226,0.000000,0.783641,0.003226,0.000000,0.008871,0.000000,0.197811,4,
0.000000,0.003226,0.025806,0.003226,0.802995,0.013134,0.041935,0.035484,0.000000,0.074194,4,
0.000000,0.093548,0.009677,0.122581,0.058065,0.270968,0.067742,0.022581,0.270968,0.083871,3,
0.000000,0.000000,0.006452,0.000000,0.003226,0.003226,0.987097,0.000000,0.000000,0.000000,6,
0.019355,0.019355,0.012903,0.177419,0.003226,0.103226,0.003226,0.503226,0.006452,0.151613,7,
0.000000,0.022581,0.719355,0.025806,0.003226,0.000000,0.051613,0.158065,0.019355,0.000000,2,
0.000000,0.000000,0.009677,0.000000,0.006452,0.000000,0.983871,0.000000,0.000000,0.000000,6,
0.003226,0.000000,0.000000,0.958065,0.000000,0.029032,0.000000,0.006452,0.003226,0.000000,3,
0.037634,0.003226,0.267742,0.390323,0.003226,0.054839,0.006452,0.012903,0.223656,0.000000,2,
0.009677,0.038710,0.006452,0.132258,0.009677,0.748387,0.003226,0.012903,0.022581,0.016129,3,
0.000000,0.003226,0.000000,0.000000,0.003226,0.000000,0.993548,0.000000,0.000000,0.000000,6,
0.000000,0.000000,0.000000,0.009677,0.074194,0.000000,0.000000,0.138710,0.019355,0.758065,9,
0.000000,1.000000,0.000000,0.000000,0.000000,0.000000,0.000000,0.000000,0.000000,0.000000,1,
0.019355,0.003226,0.032258,0.006452,0.828629,0.025806,0.058065,0.006452,0.000000,0.019758,4,
0.003226,0.551613,0.022581,0.045161,0.203226,0.012903,0.100000,0.009677,0.032258,0.019355,1,
0.000000,0.003226,0.000000,0.009677,0.000000,0.003226,0.000000,0.716512,0.000000,0.267359,7,
0.000000,0.000000,0.000000,0.000000,0.000000,0.000000,0.000000,0.987097,0.000000,0.012903,7,
0.132258,0.035484,0.038710,0.103871,0.054839,0.091613,0.038710,0.025806,0.297419,0.181290,0,
0.000000,1.000000,0.000000,0.000000,0.000000,0.000000,0.000000,0.000000,0.000000,0.000000,1,
0.019355,0.003226,0.006452,0.038710,0.006452,0.922581,0.003226,0.000000,0.000000,0.000000,5,
0.000000,0.003226,0.006452,0.000000,0.012903,0.019355,0.954839,0.000000,0.003226,0.000000,6,
0.077419,0.022581,0.038710,0.583871,0.009677,0.096774,0.000000,0.074194,0.061290,0.035484,3,
0.000000,0.000000,0.041935,0.009677,0.773905,0.003226,0.135532,0.009677,0.003226,0.022821,4,
0.000000,0.925806,0.003226,0.006452,0.019355,0.000000,0.000000,0.006452,0.000000,0.038710,1,
0.029032,0.003226,0.429032,0.019355,0.387097,0.029032,0.083871,0.003226,0.003226,0.012903,4,
0.000000,0.000000,0.029234,0.957863,0.000000,0.009677,0.000000,0.000000,0.003226,0.000000,3,
0.964516,0.000000,0.012903,0.000000,0.000000,0.012903,0.006452,0.003226,0.000000,0.000000,0,
0.000000,0.351613,0.067742,0.019355,0.016129,0.035484,0.022581,0.235484,0.219355,0.032258,3,
0.493548,0.000000,0.012903,0.303226,0.000000,0.141935,0.003226,0.006452,0.035484,0.003226,0,
0.081452,0.082258,0.032258,0.000000,0.025806,0.022581,0.141935,0.000000,0.575000,0.038710,8,
0.067742,0.000000,0.677419,0.067742,0.025806,0.019355,0.077419,0.006452,0.054839,0.003226,2,
0.560000,0.000000,0.006452,0.187097,0.000000,0.196774,0.003226,0.003226,0.030323,0.012903,0,
0.083871,0.016129,0.190323,0.277419,0.167742,0.170968,0.051613,0.000000,0.022581,0.019355,5,
0.003365,0.006452,0.003226,0.017810,0.122426,0.009746,0.000000,0.062528,0.058342,0.716106,9,
0.048387,0.009677,0.029032,0.700000,0.009677,0.016129,0.000000,0.096774,0.077419,0.012903,3,
0.000000,0.000000,0.000000,0.011290,0.162360,0.000000,0.000000,0.143238,0.000000,0.683112,9,
0.003226,0.000000,0.974194,0.000000,0.000000,0.000000,0.022581,0.000000,0.000000,0.000000,2,
0.041935,0.003226,0.306452,0.354839,0.032258,0.029032,0.003226,0.148387,0.058065,0.022581,3,
0.009677,0.003226,0.003226,0.222581,0.003226,0.016129,0.000000,0.201613,0.012903,0.527419,7,
0.000000,0.000000,0.029032,0.003226,0.790323,0.083871,0.022581,0.019355,0.012903,0.038710,4,
0.344758,0.000000,0.003226,0.009677,0.000000,0.016129,0.006452,0.000000,0.603629,0.016129,8,
0.006452,0.006452,0.803226,0.135484,0.003226,0.006452,0.006452,0.019355,0.012903,0.000000,2,
0.062902,0.019448,0.019448,0.164863,0.006452,0.074287,0.035577,0.006452,0.552421,0.058149,3,
0.000000,0.000000,0.000000,0.000000,0.000000,0.000000,0.000000,1.000000,0.000000,0.000000,7,
0.003226,0.000000,0.083154,0.884588,0.000000,0.012903,0.000000,0.009677,0.003226,0.003226,3,
0.050796,0.000000,0.000119,0.025806,0.039247,0.080645,0.006452,0.016667,0.727579,0.052688,8,
0.214409,0.006452,0.212903,0.061290,0.016129,0.054839,0.196774,0.006452,0.230753,0.000000,0,
0.009677,0.012903,0.003226,0.158065,0.071198,0.167742,0.000000,0.197120,0.090323,0.289747,9,
0.851613,0.000000,0.054839,0.000000,0.041935,0.012903,0.029032,0.003226,0.000000,0.006452,0,
0.000000,0.003474,0.000000,0.016354,0.054869,0.000000,0.000000,0.026835,0.009752,0.888715,9,
0.025806,0.032258,0.012903,0.051613,0.029032,0.641935,0.125806,0.019355,0.041935,0.019355,1,
0.000000,0.000000,0.964516,0.009677,0.009677,0.009677,0.000000,0.000000,0.000000,0.006452,2,
0.016129,0.016129,0.012903,0.000000,0.006452,0.000000,0.938710,0.000000,0.000000,0.009677,6,
0.009677,0.016129,0.654839,0.012903,0.151613,0.000000,0.051613,0.022581,0.009677,0.070968,2,
0.000000,0.000000,0.000000,0.000000,0.000000,0.000000,0.000000,1.000000,0.000000,0.000000,7,
0.070968,0.006452,0.025806,0.009677,0.003226,0.006452,0.787097,0.000000,0.087097,0.003226,6,
0.993548,0.000000,0.000000,0.000000,0.000000,0.000000,0.003226,0.000000,0.003226,0.000000,0,
0.019355,0.006452,0.777419,0.016129,0.025806,0.000000,0.141935,0.009677,0.000000,0.003226,2,
0.000000,0.029123,0.000000,0.006452,0.438414,0.003629,0.000000,0.026079,0.009677,0.486626,4,
0.000000,0.000000,0.000000,0.000000,0.000000,1.000000,0.000000,0.000000,0.000000,0.000000,5,
0.012903,0.012903,0.038710,0.145161,0.200000,0.151613,0.003226,0.254839,0.054839,0.125806,4,
0.006452,0.000000,0.041935,0.016129,0.041935,0.000000,0.890323,0.000000,0.003226,0.000000,6,
0.000000,0.006452,0.003226,0.064516,0.000000,0.000000,0.000000,0.903226,0.006452,0.016129,7,
0.229032,0.000000,0.183871,0.074194,0.022581,0.022581,0.077419,0.000000,0.390323,0.000000,8,
0.108437,0.029032,0.141935,0.325806,0.009677,0.087097,0.029032,0.009677,0.220596,0.038710,2,
0.358790,0.019866,0.042442,0.144096,0.000000,0.027138,0.009765,0.006452,0.387533,0.003918,3,
0.006452,0.000000,0.019373,0.951595,0.000000,0.012903,0.000000,0.000000,0.003226,0.006452,3,
0.006452,0.006452,0.280645,0.561290,0.000000,0.025806,0.000000,0.012903,0.103226,0.003226,3,
0.000000,0.000000,0.009677,0.000000,0.006452,0.006452,0.977419,0.000000,0.000000,0.000000,6,
0.000000,0.000000,0.006452,0.006452,0.087097,0.019355,0.000000,0.648387,0.000000,0.232258,7,
0.029318,0.000000,0.003226,0.000000,0.000000,0.003271,0.009677,0.000000,0.944831,0.009677,8,
0.000000,0.980645,0.000000,0.000000,0.003226,0.003226,0.000000,0.006452,0.000000,0.006452,1,
0.016129,0.000000,0.003226,0.000000,0.003226,0.112903,0.841935,0.000000,0.016129,0.006452,6,
0.025806,0.003226,0.335484,0.067742,0.277419,0.003226,0.003226,0.248387,0.009677,0.025806,7,
0.335484,0.000000,0.019355,0.025806,0.270968,0.109677,0.051613,0.045161,0.051613,0.090323,5,
0.000000,0.007097,0.000000,0.009677,0.586980,0.000000,0.000000,0.038710,0.003226,0.354310,9,
0.987097,0.000000,0.000000,0.000000,0.000000,0.003226,0.000000,0.000000,0.009677,0.000000,0,
0.012903,0.006452,0.067742,0.274194,0.009677,0.448387,0.000000,0.006452,0.129032,0.045161,3,
0.000000,0.000000,0.003226,0.019355,0.138710,0.022581,0.000000,0.654839,0.012903,0.148387,7,
0.000000,0.909677,0.003226,0.022581,0.019355,0.009677,0.016129,0.000000,0.003226,0.016129,1,
0.076771,0.013102,0.003455,0.014703,0.000538,0.014234,0.000087,0.000000,0.870607,0.006504,8,
0.673661,0.000000,0.016129,0.020011,0.009677,0.035845,0.069374,0.000000,0.168850,0.006452,2,
0.141935,0.000000,0.132258,0.174194,0.006452,0.261290,0.045161,0.000000,0.232258,0.006452,5,
0.000000,0.000000,0.000000,0.000000,0.000000,0.000000,1.000000,0.000000,0.000000,0.000000,6,
0.000000,0.006452,0.316129,0.009677,0.006452,0.000000,0.658065,0.000000,0.003226,0.000000,6,
0.119355,0.003226,0.019355,0.016129,0.000000,0.622581,0.019355,0.003226,0.190323,0.006452,5,
0.009677,0.003226,0.019355,0.129032,0.000000,0.693548,0.000000,0.000000,0.138710,0.006452,5,
0.000000,0.000000,0.012903,0.000000,0.757822,0.003226,0.045209,0.000000,0.000000,0.180839,4,
0.009677,0.006452,0.009677,0.212903,0.000000,0.703226,0.006452,0.000000,0.048387,0.003226,5,
0.315323,0.209677,0.009677,0.035484,0.032258,0.058065,0.003226,0.009677,0.316935,0.009677,1,
0.006452,0.000000,0.054839,0.416129,0.019355,0.048387,0.000000,0.387097,0.003226,0.064516,3,
0.980645,0.000000,0.003226,0.000000,0.000000,0.000000,0.003226,0.000000,0.012903,0.000000,0,
0.258710,0.000000,0.135484,0.125806,0.012903,0.155242,0.032258,0.003226,0.266694,0.009677,8,
0.006452,0.009677,0.945161,0.016129,0.000000,0.016129,0.006452,0.000000,0.000000,0.000000,2,
0.000000,0.000000,0.000000,0.012903,0.741438,0.003226,0.000000,0.004301,0.003226,0.234906,4,
0.245788,0.007190,0.029841,0.056354,0.019355,0.079882,0.000118,0.011290,0.456563,0.093620,8,
0.006452,0.270968,0.048387,0.090323,0.003226,0.019355,0.003226,0.022581,0.522581,0.012903,8,
0.283144,0.006745,0.017897,0.085653,0.000000,0.146767,0.010081,0.000000,0.433213,0.016501,0,
0.000024,0.000162,0.000000,0.003423,0.092239,0.022581,0.000000,0.029702,0.009818,0.842051,9,
0.012903,0.003226,0.480645,0.374194,0.003226,0.009677,0.000000,0.000000,0.116129,0.000000,2,
0.046774,0.006452,0.370968,0.012903,0.248387,0.006452,0.258065,0.019355,0.020968,0.009677,2,
0.009677,0.000000,0.012903,0.706452,0.022581,0.203226,0.012903,0.012903,0.012903,0.006452,5,
0.658065,0.000000,0.000000,0.070968,0.006452,0.229032,0.009677,0.006452,0.006452,0.012903,0,
0.848387,0.000000,0.009677,0.009677,0.038710,0.041935,0.029032,0.000000,0.009677,0.012903,0,
0.000000,0.000000,0.035484,0.003226,0.016129,0.003226,0.938710,0.000000,0.003226,0.000000,6,
0.000000,0.003226,0.000000,0.003226,0.411828,0.000000,0.000000,0.282857,0.000000,0.298864,4,
0.106452,0.000000,0.054839,0.003226,0.035484,0.003226,0.787097,0.000000,0.003226,0.006452,6,
0.000000,0.006452,0.012903,0.009739,0.776137,0.000000,0.003226,0.003226,0.000124,0.188193,4,
0.006452,0.216129,0.074194,0.377419,0.016129,0.016129,0.012903,0.051613,0.193548,0.035484,1,
0.000000,0.999818,0.000000,0.000000,0.000016,0.000000,0.000000,0.000165,0.000000,0.000000,1,
0.176328,0.000293,0.013140,0.032337,0.006989,0.006705,0.003226,0.000000,0.760749,0.000232,8,
0.000000,1.000000,0.000000,0.000000,0.000000,0.000000,0.000000,0.000000,0.000000,0.000000,1,
0.033140,0.006477,0.003251,0.209854,0.006452,0.383921,0.000000,0.003226,0.314894,0.038785,5,
0.003226,0.000000,0.003226,0.016129,0.000000,0.958065,0.003226,0.000000,0.016129,0.000000,5,
0.000000,0.000000,0.000000,0.019355,0.000000,0.003226,0.000000,0.977419,0.000000,0.000000,7,
0.058065,0.012903,0.012903,0.022581,0.590121,0.012903,0.167944,0.012903,0.035484,0.074194,8,
0.000000,0.003226,0.990323,0.006452,0.000000,0.000000,0.000000,0.000000,0.000000,0.000000,2,
0.000000,0.000000,0.000000,0.000000,0.000000,0.000000,0.000000,0.962366,0.000000,0.037634,7,
0.000000,0.003226,0.000011,0.003396,0.119197,0.003226,0.000000,0.046295,0.003259,0.821391,4,
0.000000,0.000000,0.000000,0.000000,0.222581,0.705914,0.000000,0.006452,0.045699,0.019355,5,
0.003226,0.000000,0.000000,0.009812,0.380392,0.035484,0.006452,0.016129,0.045161,0.503345,4,
0.006452,0.138710,0.000000,0.103226,0.227419,0.051613,0.006452,0.045161,0.103226,0.317742,9,
0.016129,0.006452,0.190323,0.706452,0.000000,0.012903,0.000000,0.006452,0.058065,0.003226,3,
0.003226,0.035484,0.000000,0.003226,0.860740,0.029435,0.035484,0.006452,0.009677,0.016276,4,
0.053653,0.000000,0.039152,0.006452,0.000000,0.009755,0.000000,0.000000,0.887762,0.003226,8,
0.003226,0.000000,0.077419,0.890323,0.000000,0.012903,0.000000,0.003226,0.012903,0.000000,3,
0.000000,0.000000,0.000000,0.006452,0.179332,0.000000,0.000000,0.077438,0.000000,0.736779,4,
0.017210,0.000000,0.003226,0.000358,0.000000,0.000055,0.000000,0.003226,0.975926,0.000000,8,
0.190386,0.009677,0.025806,0.067742,0.009677,0.045161,0.041935,0.003226,0.545098,0.061290,8,
0.000000,0.000000,0.009677,0.003226,0.009677,0.000000,0.977419,0.000000,0.000000,0.000000,6,
0.003250,0.000000,0.006452,0.006452,0.258632,0.000000,0.003226,0.003368,0.009690,0.708932,9,
0.000000,0.983871,0.000000,0.009677,0.000000,0.003226,0.000000,0.000000,0.000000,0.003226,1,
0.000000,0.000000,0.000000,0.000000,0.000000,0.000000,0.996774,0.000000,0.003226,0.000000,6,
0.000000,0.003226,0.000000,0.000000,0.003226,0.000000,0.993548,0.000000,0.000000,0.000000,6,
0.000024,0.000000,0.000000,0.000268,0.107427,0.000000,0.000000,0.010554,0.000586,0.881141,9,
0.061290,0.000000,0.754839,0.054839,0.009677,0.003226,0.058065,0.006452,0.051613,0.000000,2,
0.006452,0.003226,0.145161,0.003226,0.148387,0.003226,0.674194,0.016129,0.000000,0.000000,6,
0.000000,0.999642,0.000000,0.000000,0.000000,0.000000,0.000000,0.000358,0.000000,0.000000,1,
0.006452,0.000098,0.000000,0.009677,0.017016,0.006452,0.000000,0.113085,0.000179,0.847041,9,
0.577419,0.000000,0.051613,0.058065,0.012903,0.029032,0.048387,0.000000,0.174194,0.048387,0,
0.009677,0.000000,0.012903,0.000000,0.006452,0.000000,0.922581,0.000000,0.016129,0.032258,6,
0.000000,0.003226,0.977419,0.000000,0.000000,0.000000,0.003226,0.016129,0.000000,0.000000,2,
0.803226,0.000000,0.009677,0.019355,0.032258,0.038710,0.025806,0.006452,0.009677,0.054839,0,
0.000000,0.000000,0.000000,0.006452,0.174194,0.758065,0.000000,0.009677,0.032258,0.019355,5,
0.000000,0.000000,0.000000,0.000000,0.000000,0.967742,0.000000,0.000000,0.029032,0.003226,5,
0.000000,0.000000,0.000000,0.064516,0.000000,0.000000,0.000000,0.867742,0.006452,0.061290,7,
0.858065,0.000000,0.006452,0.067742,0.000000,0.032258,0.000000,0.003226,0.025806,0.006452,0,
0.003226,0.009798,0.000000,0.007097,0.055314,0.009677,0.000000,0.092314,0.000030,0.822544,9,
0.045161,0.083871,0.393548,0.077419,0.025806,0.051613,0.125806,0.003226,0.190323,0.003226,2,
0.315850,0.000000,0.045161,0.080671,0.000000,0.480645,0.006452,0.003226,0.064770,0.003226,5,
0.003226,0.058065,0.180645,0.300000,0.141935,0.048387,0.048387,0.106452,0.080645,0.032258,3,
0.035484,0.000000,0.067742,0.222888,0.022581,0.045161,0.003226,0.067742,0.496467,0.038710,8,
0.000000,0.993548,0.000000,0.003226,0.000000,0.000000,0.003226,0.000000,0.000000,0.000000,1,
0.016129,0.025806,0.019355,0.519355,0.000000,0.403226,0.003226,0.000000,0.012903,0.000000,5,
0.003226,0.000000,0.951613,0.019355,0.009677,0.000000,0.003226,0.012903,0.000000,0.000000,2,
0.000000,0.000000,0.000000,0.016129,0.716897,0.000000,0.000000,0.045161,0.003226,0.218587,9,
0.032258,0.019355,0.164516,0.674194,0.000000,0.051613,0.000000,0.045161,0.012903,0.000000,3,
0.258065,0.000000,0.038710,0.209677,0.016129,0.300000,0.009677,0.000000,0.122581,0.045161,3,
0.003226,0.077419,0.090323,0.193548,0.054839,0.019355,0.016129,0.500000,0.006452,0.038710,7,
0.000000,0.000000,0.003226,0.000000,0.000000,0.000000,0.996774,0.000000,0.000000,0.000000,6,
0.070968,0.003226,0.025806,0.012903,0.058065,0.003226,0.770968,0.006452,0.038710,0.009677,6,
0.196774,0.000000,0.003226,0.019355,0.032258,0.000000,0.012903,0.693548,0.000000,0.041935,7,
0.958065,0.000000,0.006452,0.000000,0.000000,0.003226,0.006452,0.000000,0.025806,0.000000,0,
0.012903,0.051613,0.009677,0.009677,0.045161,0.387097,0.003226,0.048387,0.396774,0.035484,8,
0.038710,0.000000,0.029032,0.000000,0.858065,0.000000,0.058065,0.000000,0.003226,0.012903,4,
0.000000,0.003226,0.009677,0.000000,0.525346,0.003226,0.000000,0.009677,0.003226,0.445622,9,
0.009677,0.000000,0.061290,0.006452,0.777419,0.006452,0.025806,0.080645,0.009677,0.022581,4,
0.003226,0.067742,0.000000,0.006452,0.485618,0.022581,0.000000,0.000000,0.019355,0.395027,4,
0.041935,0.000000,0.006452,0.029032,0.042581,0.559355,0.000000,0.003226,0.245161,0.072258,5,
0.009677,0.016129,0.809677,0.067742,0.012903,0.006452,0.048387,0.009677,0.012903,0.006452,2,
0.006452,0.029032,0.003226,0.016129,0.000000,0.803226,0.006452,0.000000,0.125806,0.009677,5,
0.003226,0.000000,0.070968,0.003226,0.022581,0.003226,0.887097,0.000000,0.003226,0.006452,6,
0.402867,0.000000,0.067844,0.132258,0.074597,0.022581,0.003226,0.041935,0.202675,0.052016,0,
0.080645,0.022581,0.019355,0.067742,0.016129,0.645161,0.000000,0.016129,0.122581,0.009677,5,
0.348387,0.003226,0.132258,0.009677,0.022581,0.022581,0.032258,0.029032,0.303226,0.096774,9,
0.000000,0.000000,0.000000,0.000000,0.000000,0.000000,0.000000,1.000000,0.000000,0.000000,7,
0.193548,0.000000,0.019355,0.051613,0.041935,0.019355,0.022581,0.000000,0.629032,0.022581,8,
0.541999,0.000000,0.074194,0.052688,0.009677,0.105242,0.003261,0.000000,0.209713,0.003226,0,
0.000000,0.000000,0.000000,0.000000,0.000000,0.000000,0.000000,0.943763,0.000000,0.056237,7,
0.000000,1.000000,0.000000,0.000000,0.000000,0.000000,0.000000,0.000000,0.000000,0.000000,1,
0.006452,0.019355,0.009713,0.003226,0.838638,0.009677,0.061326,0.009677,0.009677,0.032258,4,
0.000000,0.000000,0.016129,0.006452,0.706452,0.212903,0.012903,0.009677,0.019355,0.016129,4,
0.000000,0.000000,0.041935,0.000000,0.012903,0.003226,0.941935,0.000000,0.000000,0.000000,6,
0.666062,0.000000,0.012903,0.012903,0.000000,0.100424,0.019355,0.003226,0.185127,0.000000,0,
0.006452,0.900000,0.003226,0.000000,0.000000,0.000000,0.064516,0.003226,0.022581,0.000000,1,
0.009677,0.000000,0.038710,0.916129,0.003226,0.016129,0.000000,0.003226,0.012903,0.000000,3,
0.025806,0.016129,0.432258,0.012903,0.012903,0.074194,0.383871,0.003226,0.035484,0.003226,2,
0.159140,0.009677,0.012903,0.206452,0.000000,0.196774,0.000000,0.006452,0.389247,0.019355,8,
0.000000,0.800000,0.016129,0.025806,0.000000,0.000000,0.009677,0.129032,0.012903,0.006452,1,
0.000051,0.000000,0.000000,0.003226,0.072530,0.000026,0.000000,0.000121,0.000065,0.923981,9,
0.000000,0.638710,0.006452,0.000000,0.012903,0.180645,0.000000,0.003226,0.158065,0.000000,1,
0.000000,0.241935,0.054839,0.029032,0.103226,0.461290,0.035484,0.045161,0.003226,0.025806,5,
0.874194,0.000000,0.016129,0.035484,0.000000,0.032258,0.003226,0.000000,0.038710,0.000000,0,
0.003226,0.529032,0.029032,0.225806,0.003226,0.003226,0.000000,0.196774,0.003226,0.006452,1,
0.054839,0.009677,0.045161,0.264516,0.016129,0.383871,0.012903,0.006452,0.190323,0.016129,3,
0.080645,0.003330,0.006855,0.135484,0.000000,0.109677,0.000000,0.006452,0.644654,0.012903,5,
0.003226,0.000000,0.003226,0.000000,0.900000,0.032258,0.025806,0.003226,0.016129,0.016129,4,
0.003226,0.038710,0.006452,0.025806,0.358065,0.022581,0.000000,0.209677,0.006452,0.329032,9,
0.051613,0.029032,0.041935,0.200000,0.006452,0.451613,0.032258,0.009677,0.154839,0.022581,5,
0.046799,0.000000,0.001075,0.003315,0.000000,0.016477,0.000000,0.000000,0.932333,0.000000,8,
0.075862,0.092318,0.103570,0.009677,0.000000,0.019545,0.001800,0.000000,0.697228,0.000000,8,
0.006452,0.802419,0.022581,0.009677,0.012903,0.058065,0.003226,0.029839,0.054839,0.000000,1,
0.951613,0.000000,0.035484,0.000000,0.000000,0.003226,0.000000,0.000000,0.009677,0.000000,0,
0.099374,0.000249,0.044513,0.004201,0.000000,0.026963,0.003550,0.000000,0.820995,0.000155,8,
0.006452,0.000000,0.006452,0.048387,0.041935,0.783871,0.000000,0.029032,0.019355,0.064516,5,
0.945161,0.000000,0.025806,0.012903,0.000000,0.000000,0.000000,0.000000,0.012903,0.003226,0,
0.000000,0.003226,0.025806,0.003360,0.207267,0.000000,0.003226,0.019833,0.012903,0.724379,9,
0.000000,0.006452,0.045161,0.025806,0.732088,0.009677,0.009847,0.093548,0.006452,0.070968,4,
0.416137,0.000000,0.037488,0.016377,0.000000,0.052419,0.086354,0.003226,0.370709,0.017289,0,
0.215744,0.019603,0.020157,0.030841,0.006452,0.007335,0.101201,0.000000,0.550011,0.048656,0,
0.000000,1.000000,0.000000,0.000000,0.000000,0.000000,0.000000,0.000000,0.000000,0.000000,1,
0.070968,0.000000,0.009677,0.816129,0.000000,0.090323,0.000000,0.000000,0.012903,0.000000,3,
0.003226,0.003226,0.003226,0.164516,0.029032,0.041935,0.000000,0.561290,0.087097,0.106452,7,
0.000000,1.000000,0.000000,0.000000,0.000000,0.000000,0.000000,0.000000,0.000000,0.000000,1,
0.003226,0.006452,0.867742,0.045161,0.009677,0.000000,0.003226,0.051613,0.009677,0.003226,2,
0.000000,0.000000,0.000000,0.009677,0.628247,0.004147,0.000000,0.003687,0.003226,0.351016,4,
0.151613,0.000000,0.222581,0.016129,0.022581,0.016129,0.325806,0.009677,0.174194,0.061290,6,
0.938710,0.000000,0.012903,0.003226,0.016129,0.003226,0.006452,0.000000,0.019355,0.000000,0,
0.000000,0.925448,0.000000,0.019355,0.010036,0.003226,0.000000,0.041935,0.000000,0.000000,1,
0.000000,0.000000,0.000000,0.003226,0.694476,0.000202,0.000000,0.003226,0.000000,0.298871,4,
0.061290,0.000000,0.174194,0.019355,0.103226,0.087097,0.351613,0.006452,0.122581,0.074194,6,
0.035484,0.000000,0.216129,0.006452,0.067742,0.000000,0.596774,0.000000,0.000000,0.077419,6,
0.000000,0.000000,0.000000,0.000000,0.003226,0.003226,0.000000,0.738710,0.000000,0.254839,7,
0.799860,0.000000,0.006452,0.074194,0.000000,0.016129,0.000000,0.000000,0.074334,0.029032,0,
0.003226,0.000000,0.000000,0.012903,0.080884,0.054839,0.000000,0.299301,0.025806,0.523041,9,
0.093548,0.012903,0.112903,0.274194,0.151613,0.183871,0.019355,0.032258,0.022581,0.096774,3,
0.006452,0.012903,0.019355,0.850806,0.000000,0.083871,0.000000,0.003226,0.006452,0.016935,3,
0.296774,0.038710,0.287097,0.093548,0.019355,0.025806,0.122581,0.009677,0.074194,0.032258,2,
0.000000,0.954301,0.003226,0.000000,0.000000,0.000000,0.000000,0.003226,0.026344,0.012903,1,
0.790323,0.000000,0.012903,0.009677,0.000000,0.016129,0.029032,0.000000,0.132258,0.009677,0,
0.135484,0.000000,0.012903,0.067742,0.003226,0.767742,0.003226,0.006452,0.003226,0.000000,5,
0.000000,1.000000,0.000000,0.000000,0.000000,0.000000,0.000000,0.000000,0.000000,0.000000,1,
0.012903,0.016129,0.113261,0.828675,0.000000,0.009677,0.006452,0.009677,0.003226,0.000000,3,
0.058065,0.061290,0.341935,0.054839,0.122581,0.074194,0.154839,0.029032,0.054839,0.048387,2,
0.000000,0.995968,0.000000,0.000000,0.000000,0.000000,0.000000,0.004032,0.000000,0.000000,1,
0.770081,0.000000,0.016129,0.000025,0.000000,0.013383,0.013011,0.003226,0.177693,0.006452,0,
0.012903,0.022581,0.680645,0.009677,0.229032,0.019355,0.006452,0.006452,0.000000,0.012903,2,
0.029839,0.129323,0.003226,0.022581,0.240161,0.013032,0.019355,0.055945,0.052366,0.434174,9,
0.000000,0.006452,0.000000,0.019355,0.057450,0.004147,0.000000,0.194332,0.000000,0.718264,9,
0.003226,0.000000,0.003226,0.925806,0.000000,0.016129,0.000000,0.019355,0.022581,0.009677,3,
0.000000,0.000000,0.000000,0.009677,0.058602,0.912097,0.000000,0.006720,0.006452,0.006452,5,
0.000000,0.000000,0.003226,0.016129,0.035484,0.061290,0.000000,0.435413,0.003226,0.445232,7,
0.000000,0.000000,0.000000,0.000000,0.000000,0.000000,0.000000,0.996774,0.000000,0.003226,7,
0.009677,0.006452,0.009677,0.003226,0.032258,0.196774,0.725806,0.000000,0.016129,0.000000,6,
0.009677,0.000000,0.038710,0.000000,0.012903,0.000000,0.938710,0.000000,0.000000,0.000000,6,
0.019355,0.016129,0.012903,0.829032,0.000000,0.022581,0.000000,0.067742,0.025806,0.006452,3,
0.038710,0.003226,0.054839,0.006452,0.003226,0.683871,0.106452,0.000000,0.103226,0.000000,5,
0.000000,0.000000,0.000000,0.000000,0.000000,0.000000,0.000000,0.960997,0.000000,0.039003,7,
0.009677,0.000000,0.006452,0.003226,0.096774,0.238710,0.000000,0.054839,0.048387,0.541935,9,
0.022581,0.000000,0.003226,0.858065,0.000000,0.116129,0.000000,0.000000,0.000000,0.000000,3,
0.000000,0.045331,0.000000,0.003226,0.523981,0.000000,0.000000,0.071079,0.003226,0.353158,4,
0.006452,0.135484,0.125806,0.712903,0.000000,0.016129,0.000000,0.003226,0.000000,0.000000,3,
0.000000,0.000000,0.000000,0.003226,0.667911,0.000000,0.000000,0.072401,0.000000,0.256462,4,
0.000000,0.019355,0.851613,0.000000,0.025806,0.003226,0.077419,0.016129,0.006452,0.000000,2,
0.019355,0.000000,0.725806,0.067742,0.041935,0.009677,0.096774,0.012903,0.016129,0.009677,2,
0.000000,0.993548,0.000000,0.000000,0.000000,0.000000,0.000000,0.000000,0.006452,0.000000,1,
0.000000,0.000000,0.003226,0.000000,0.953364,0.000000,0.009677,0.001204,0.006452,0.026077,4,
0.041935,0.009677,0.003226,0.138710,0.000000,0.748387,0.000000,0.003226,0.025806,0.029032,5,
0.009677,0.000000,0.009677,0.003226,0.012903,0.003226,0.948387,0.006452,0.006452,0.000000,6,
0.000000,0.025806,0.632258,0.006452,0.003226,0.064516,0.241935,0.000000,0.025806,0.000000,2,
0.000000,1.000000,0.000000,0.000000,0.000000,0.000000,0.000000,0.000000,0.000000,0.000000,1,
0.000000,0.000000,0.000000,0.000000,0.003226,0.003226,0.000000,0.983871,0.000000,0.009677,7,
0.425806,0.003226,0.058065,0.109677,0.041935,0.174194,0.022581,0.006452,0.093548,0.064516,0,
0.003226,0.000000,0.003226,0.000000,0.103226,0.787097,0.003226,0.019355,0.051613,0.029032,5,
0.009677,0.000000,0.022581,0.035484,0.277419,0.006452,0.003226,0.096774,0.016129,0.532258,9,
0.935484,0.000000,0.003226,0.006452,0.009677,0.012903,0.006452,0.003226,0.012903,0.009677,0,
0.003226,0.003226,0.006452,0.954032,0.000000,0.006452,0.000000,0.003226,0.000000,0.023387,3,
0.006452,0.000922,0.003226,0.000000,0.906629,0.012903,0.029032,0.006452,0.000000,0.034384,4,
0.006452,0.000000,0.000000,0.029032,0.025806,0.838710,0.000000,0.048387,0.006452,0.045161,5,
0.032258,0.458065,0.025806,0.051613,0.000000,0.019355,0.003226,0.000000,0.409677,0.000000,1,
0.006452,0.000000,0.003226,0.000000,0.006452,0.390323,0.467742,0.000000,0.125806,0.000000,5,
0.890323,0.000000,0.051613,0.009677,0.003226,0.016129,0.006452,0.012903,0.009677,0.000000,0,
0.000000,0.000000,0.000000,0.000000,0.000000,0.000000,0.000000,0.346333,0.000000,0.653667,7,
0.206452,0.003226,0.290323,0.093548,0.003226,0.125806,0.048387,0.000000,0.222581,0.006452,2,
0.000000,0.996774,0.000000,0.000000,0.000000,0.000000,0.003226,0.000000,0.000000,0.000000,1,
0.000000,0.000000,0.983871,0.003226,0.000000,0.000000,0.000000,0.006452,0.006452,0.000000,2,
0.009677,0.000000,0.000000,0.000000,0.006452,0.003226,0.967742,0.000000,0.012903,0.000000,6,
0.000000,0.948387,0.000000,0.000000,0.000000,0.000000,0.000000,0.051613,0.000000,0.000000,1,
0.000000,0.000000,0.000000,0.000000,0.000000,0.000000,0.000000,1.000000,0.000000,0.000000,7,
0.035484,0.000000,0.048387,0.009677,0.180645,0.277419,0.019355,0.012903,0.293548,0.122581,8,
0.003226,0.009677,0.909677,0.016129,0.019355,0.003226,0.012903,0.003226,0.009677,0.012903,2,
0.000000,0.000461,0.000000,0.003226,0.789995,0.000000,0.009818,0.010532,0.000000,0.185969,4,
0.837423,0.000000,0.009677,0.000000,0.000000,0.035504,0.038817,0.000000,0.078579,0.000000,0,
0.120968,0.000000,0.041935,0.041935,0.000000,0.474194,0.029032,0.000000,0.291935,0.000000,5,
0.170968,0.000000,0.000000,0.045197,0.096997,0.229032,0.000000,0.058942,0.022581,0.376284,9,
0.000000,0.000000,0.000000,0.000000,0.025806,0.009677,0.000000,0.806452,0.000000,0.158065,7,
0.000000,0.022581,0.000000,0.000000,0.701756,0.022782,0.151613,0.003311,0.000000,0.097958,4,
0.000000,0.000000,0.012903,0.000000,0.025806,0.000000,0.961290,0.000000,0.000000,0.000000,6,
0.003226,0.012903,0.845161,0.112903,0.000000,0.000000,0.000000,0.000000,0.025806,0.000000,2,
0.826644,0.003226,0.000645,0.006452,0.012903,0.014389,0.099712,0.000000,0.035385,0.000645,8,
0.000000,0.000000,0.003226,0.000000,0.000000,0.000000,0.993548,0.000000,0.003226,0.000000,6,
0.022581,0.000000,0.009677,0.003226,0.025806,0.045161,0.790323,0.000000,0.077419,0.025806,6,
0.006452,0.034689,0.003226,0.003445,0.253105,0.016129,0.006452,0.067821,0.038710,0.569973,4,
0.022627,0.000000,0.000000,0.046283,0.045214,0.051613,0.003226,0.029032,0.278163,0.523842,9,
0.003226,0.010215,0.052164,0.911277,0.000000,0.000000,0.000000,0.000538,0.016129,0.006452,3,
0.168176,0.000000,0.071685,0.051613,0.000000,0.061851,0.016129,0.000000,0.620869,0.009677,8,
0.000000,0.993548,0.000000,0.000000,0.000000,0.000000,0.000000,0.000000,0.000000,0.006452,1,
0.851613,0.000000,0.000000,0.012903,0.000000,0.009677,0.009677,0.012903,0.064516,0.038710,0,
0.264747,0.000000,0.032258,0.335484,0.003226,0.090323,0.006452,0.000000,0.232028,0.035484,0,
0.000000,0.000000,1.000000,0.000000,0.000000,0.000000,0.000000,0.000000,0.000000,0.000000,2,
0.003226,0.000000,0.022581,0.000000,0.870251,0.103943,0.000000,0.000000,0.000000,0.000000,4,
0.016129,0.012903,0.012903,0.000000,0.183871,0.012903,0.709677,0.000000,0.032258,0.019355,6,
0.000000,0.000000,0.012903,0.058065,0.341935,0.083871,0.009677,0.193548,0.032258,0.267742,7,
0.058699,0.000535,0.009903,0.004393,0.000000,0.023598,0.006766,0.000000,0.895675,0.000431,8,
0.000000,0.009677,0.006452,0.074340,0.460557,0.003226,0.000000,0.106452,0.006452,0.332845,3,
0.009677,0.006452,0.003226,0.012903,0.026267,0.309217,0.000000,0.054839,0.519355,0.058065,5,
0.000000,0.006682,0.003226,0.013366,0.357649,0.000147,0.000000,0.012903,0.003226,0.602802,9,
0.003226,0.019355,0.016129,0.000000,0.500000,0.019355,0.370968,0.003226,0.012903,0.054839,4,
0.000000,1.000000,0.000000,0.000000,0.000000,0.000000,0.000000,0.000000,0.000000,0.000000,1,
0.141935,0.000000,0.616129,0.109677,0.016129,0.016129,0.051613,0.000000,0.041935,0.006452,2,
0.000000,0.000000,0.000000,0.016129,0.009677,0.025806,0.000000,0.410394,0.003226,0.534767,9,
0.000000,0.045161,0.016129,0.219355,0.009677,0.012903,0.006452,0.677419,0.003226,0.009677,3,
0.003226,0.009677,0.006452,0.025986,0.474485,0.116129,0.009677,0.124516,0.083871,0.145981,4,
0.233568,0.029277,0.003226,0.000000,0.009677,0.022581,0.009824,0.000000,0.643253,0.048595,8,
0.000000,0.003226,0.951613,0.022581,0.000000,0.000000,0.003226,0.012903,0.006452,0.000000,2,
0.006452,0.000000,0.000000,0.000000,0.841830,0.006549,0.025806,0.029654,0.003226,0.086482,4,
0.000000,0.987097,0.000000,0.000000,0.000000,0.000000,0.003226,0.003226,0.006452,0.000000,1,
0.077419,0.000000,0.129032,0.025806,0.393548,0.051613,0.122581,0.003226,0.029032,0.167742,9,
0.112903,0.000000,0.638710,0.045161,0.093548,0.012903,0.029032,0.003226,0.003226,0.061290,2,
0.000000,0.000000,0.003226,0.045161,0.000000,0.925806,0.003226,0.003226,0.019355,0.000000,5,
0.003298,0.000067,0.000011,0.007008,0.010587,0.000949,0.000000,0.015589,0.006777,0.955714,9,
0.719355,0.000000,0.064516,0.000000,0.022581,0.009677,0.064516,0.006452,0.080645,0.032258,0,
0.000000,0.000000,0.006452,0.000000,0.940039,0.003226,0.000000,0.000000,0.000000,0.050283,4,
0.000000,0.993548,0.000000,0.000000,0.000000,0.000000,0.000000,0.006452,0.000000,0.000000,1,
0.000000,0.006452,0.909677,0.077419,0.000000,0.000000,0.000000,0.000000,0.006452,0.000000,2,
0.000000,0.912903,0.000000,0.006452,0.000000,0.003226,0.000000,0.009677,0.067742,0.000000,1,
0.000000,0.000000,0.000000,0.000000,0.000000,0.000000,0.000000,0.829032,0.000000,0.170968,7,
0.006452,0.038710,0.012903,0.100000,0.003226,0.067742,0.000000,0.354839,0.058065,0.358065,7,
0.000188,0.003331,0.003237,0.013617,0.092432,0.003226,0.003226,0.032537,0.004177,0.844030,9,
0.000000,0.009806,0.000403,0.989790,0.000000,0.000000,0.000000,0.000000,0.000000,0.000000,3,
0.000000,0.000000,0.032258,0.000000,0.077419,0.003226,0.883871,0.000000,0.003226,0.000000,6,
0.009677,0.000000,0.006452,0.151613,0.000000,0.696774,0.000000,0.016129,0.025806,0.093548,5,
0.019355,0.000000,0.009677,0.000000,0.051613,0.725806,0.000000,0.019355,0.132258,0.041935,5,
0.000000,0.009677,0.067957,0.909247,0.000000,0.000000,0.000000,0.006667,0.000000,0.006452,3,
0.000000,0.000000,0.000000,0.006452,0.003226,0.000000,0.000000,0.990323,0.000000,0.000000,7,
0.159140,0.000000,0.055197,0.012903,0.016129,0.061290,0.238710,0.000000,0.443728,0.012903,8,
0.000000,0.000000,0.000000,0.000000,0.000000,0.000000,1.000000,0.000000,0.000000,0.000000,6,
0.000000,0.016129,0.003226,0.187097,0.012903,0.680645,0.048387,0.009677,0.029032,0.012903,5,
0.352187,0.012903,0.183871,0.045161,0.035484,0.074194,0.154839,0.016129,0.122006,0.003226,0,
0.345161,0.006452,0.122581,0.035484,0.132258,0.087097,0.170968,0.006452,0.038710,0.054839,0,
0.000000,0.000000,0.883871,0.009677,0.019355,0.003226,0.074194,0.000000,0.000000,0.009677,2,
0.000000,0.000000,0.006452,0.032258,0.023297,0.032258,0.000000,0.719713,0.006452,0.179570,7,
0.000000,0.000000,0.000000,0.000000,0.841828,0.006452,0.009677,0.000000,0.000000,0.142043,4,
0.000000,0.000000,0.000000,0.012903,0.000000,0.003226,0.000000,0.974194,0.000000,0.009677,7,
0.058065,0.012903,0.009677,0.280645,0.012903,0.448387,0.000000,0.119355,0.029032,0.029032,3,
0.032258,0.006452,0.403226,0.038710,0.232258,0.100000,0.041935,0.000000,0.070968,0.074194,2,
0.029032,0.025806,0.248167,0.246774,0.003226,0.003226,0.003226,0.003226,0.434091,0.003226,8,
0.000000,1.000000,0.000000,0.000000,0.000000,0.000000,0.000000,0.000000,0.000000,0.000000,1,
0.951613,0.000000,0.000000,0.003226,0.000000,0.009677,0.000000,0.000000,0.019355,0.016129,0,
0.003226,0.003226,0.000000,0.000000,0.911442,0.000000,0.058065,0.003355,0.000000,0.020687,4,
0.000000,0.983871,0.000000,0.000000,0.000000,0.000000,0.000000,0.012903,0.003226,0.000000,1,
0.000000,1.000000,0.000000,0.000000,0.000000,0.000000,0.000000,0.000000,0.000000,0.000000,1,
0.000000,0.567742,0.000000,0.009677,0.164516,0.061290,0.009677,0.048387,0.000000,0.138710,1,
0.129032,0.003226,0.135484,0.622581,0.000000,0.048387,0.003226,0.000000,0.051613,0.006452,3,
0.000000,0.019355,0.000000,0.061290,0.207449,0.003226,0.000000,0.061290,0.016129,0.631261,9,
0.080645,0.000000,0.032258,0.000000,0.041935,0.009677,0.793548,0.006452,0.025806,0.009677,6,
0.000000,0.996758,0.000000,0.000000,0.000016,0.000000,0.000000,0.003226,0.000000,0.000000,1,
0.000000,0.000000,0.023301,0.957345,0.000000,0.016129,0.000000,0.000000,0.000000,0.003226,3,
0.112779,0.022903,0.006452,0.083871,0.006452,0.068038,0.003226,0.003226,0.673700,0.019355,8,
0.000000,0.000000,0.000000,0.016129,0.000000,0.970968,0.000000,0.003226,0.003226,0.006452,5,
0.003226,0.009677,0.000000,0.000000,0.032539,0.657246,0.000000,0.009677,0.287634,0.000000,5,
0.000000,1.000000,0.000000,0.000000,0.000000,0.000000,0.000000,0.000000,0.000000,0.000000,1,
0.871352,0.000000,0.009677,0.000025,0.000000,0.024895,0.000102,0.000000,0.087496,0.006452,0,
0.003226,0.000000,0.003226,0.022581,0.106452,0.219355,0.000000,0.029032,0.035484,0.580645,9,
0.232398,0.003226,0.080645,0.080645,0.000000,0.267742,0.058065,0.000000,0.274053,0.003226,5,
0.862366,0.000000,0.003226,0.009677,0.000000,0.012903,0.006452,0.000000,0.098925,0.006452,0,
0.000000,0.014516,0.000000,0.013898,0.072826,0.009677,0.000000,0.041341,0.006452,0.841289,9,
0.003226,0.058710,0.012903,0.419355,0.006452,0.080645,0.000000,0.258065,0.032258,0.128387,3,
0.006452,0.022984,0.643548,0.093952,0.016129,0.009677,0.054839,0.000000,0.142742,0.009677,2,
0.000000,0.000000,0.000000,0.000000,0.009677,0.000000,0.987097,0.000000,0.003226,0.000000,6,
0.067742,0.000000,0.070968,0.000000,0.019355,0.006452,0.819355,0.000000,0.016129,0.000000,6,
0.000000,0.322581,0.038710,0.474194,0.019355,0.035484,0.012903,0.029032,0.058065,0.009677,3,
0.000000,0.000000,0.006452,0.032258,0.026632,0.087643,0.000000,0.142123,0.019405,0.685488,7,
0.000000,0.000000,0.000000,0.000000,0.974194,0.006452,0.003226,0.003226,0.000000,0.012903,4,
0.012903,0.000000,0.087097,0.041935,0.754839,0.012903,0.038710,0.006452,0.012903,0.032258,4,
0.032258,0.016129,0.132258,0.683871,0.000000,0.022581,0.000000,0.000000,0.090323,0.022581,8,
0.151613,0.003226,0.035484,0.035484,0.054839,0.061290,0.022581,0.009677,0.593548,0.032258,8,
0.003251,0.009703,0.000000,0.003717,0.005660,0.003226,0.003226,0.036950,0.049785,0.884484,9,
0.000000,0.000000,0.000000,0.009677,0.000000,0.000000,0.000000,0.990323,0.000000,0.000000,7,
0.000000,1.000000,0.000000,0.000000,0.000000,0.000000,0.000000,0.000000,0.000000,0.000000,1,
0.022581,0.032258,0.006452,0.003226,0.006452,0.132258,0.754839,0.000000,0.038710,0.003226,6,
0.093548,0.023041,0.090323,0.483410,0.009677,0.187097,0.003226,0.009677,0.090323,0.009677,3,
0.035484,0.003226,0.054839,0.177419,0.074194,0.077419,0.006452,0.087097,0.435484,0.048387,3,
0.003226,0.003226,0.003226,0.009677,0.019355,0.048387,0.000000,0.877419,0.029032,0.006452,7,
0.000000,0.999719,0.000000,0.000000,0.000000,0.000000,0.000281,0.000000,0.000000,0.000000,1,
0.009677,0.003226,0.648387,0.309677,0.000000,0.000000,0.000000,0.000000,0.029032,0.000000,2,
0.000000,0.000000,0.206452,0.016129,0.703226,0.012903,0.006452,0.009677,0.003226,0.041935,4,
0.729032,0.000000,0.003226,0.012903,0.035484,0.035484,0.025806,0.032258,0.038710,0.087097,0,
0.000000,0.009677,0.070968,0.000000,0.000000,0.000000,0.909677,0.000000,0.000000,0.009677,6,
0.000000,0.000000,0.000000,0.000000,0.000000,0.000000,1.000000,0.000000,0.000000,0.000000,6,
0.019355,0.000000,0.025806,0.006452,0.843321,0.000000,0.019355,0.029032,0.003226,0.053453,4,
0.025806,0.035484,0.006452,0.109677,0.003226,0.770968,0.000000,0.016129,0.016129,0.016129,5,
0.983871,0.000000,0.009677,0.000000,0.000000,0.000000,0.003226,0.000000,0.003226,0.000000,0,
0.175806,0.000000,0.112903,0.271275,0.009677,0.029032,0.003226,0.022581,0.362596,0.012903,2,
0.000000,0.006912,0.013046,0.895710,0.000000,0.026267,0.000000,0.003226,0.012903,0.041935,3,
0.129500,0.016129,0.006748,0.109975,0.009677,0.027419,0.003226,0.003226,0.677206,0.016894,8,
0.964516,0.000000,0.009677,0.003226,0.003226,0.000000,0.003226,0.000000,0.012903,0.003226,0,
0.832258,0.000000,0.016129,0.009677,0.051613,0.000000,0.012903,0.019355,0.029032,0.029032,0,
0.000000,0.000000,0.000000,0.000000,0.003226,0.000000,0.000000,0.908613,0.000000,0.088161,9,
0.990161,0.000000,0.000000,0.003226,0.000000,0.000000,0.000000,0.000000,0.006505,0.000108,0,
0.000000,0.000000,0.000000,0.009796,0.016252,0.006452,0.000000,0.026449,0.000017,0.941035,9,
0.000000,0.516129,0.038710,0.070968,0.038710,0.022581,0.000000,0.038710,0.225806,0.048387,1,
0.000037,0.003293,0.000011,0.003434,0.042485,0.000546,0.000000,0.211152,0.003329,0.735713,9,
0.006452,0.012903,0.003226,0.051613,0.067742,0.048387,0.000000,0.193548,0.006452,0.609677,9,
0.000000,0.025806,0.097306,0.870435,0.000000,0.000000,0.000000,0.003226,0.003226,0.000000,3,
0.016129,0.000000,0.045161,0.006452,0.796774,0.006452,0.041935,0.000000,0.003226,0.083871,4,
0.000000,1.000000,0.000000,0.000000,0.000000,0.000000,0.000000,0.000000,0.000000,0.000000,1,
0.012903,0.000000,0.019355,0.009677,0.300000,0.238710,0.022581,0.109677,0.051613,0.235484,7,
0.000000,0.764516,0.029032,0.032258,0.029032,0.016129,0.003226,0.064516,0.003226,0.058065,1,
0.751613,0.000000,0.087097,0.000000,0.045161,0.012903,0.080645,0.000000,0.016129,0.006452,0,
0.000000,0.000000,0.006452,0.990323,0.000000,0.000000,0.000000,0.003226,0.000000,0.000000,3,
0.006452,0.000000,0.003226,0.000000,0.077419,0.758065,0.000000,0.016129,0.080645,0.058065,5,
0.000000,0.000000,0.000000,0.000000,0.000000,0.000000,0.000000,0.787097,0.003226,0.209677,7,
0.019355,0.000000,0.041935,0.874194,0.000000,0.051613,0.000000,0.003226,0.009677,0.000000,3,
0.138710,0.029032,0.135484,0.096774,0.116129,0.041935,0.177419,0.070968,0.135484,0.058065,8,
0.022581,0.000000,0.006452,0.012903,0.009677,0.922581,0.003226,0.000000,0.019355,0.003226,5,
0.000000,0.000000,0.000000,0.000000,0.940337,0.006682,0.009677,0.006452,0.006810,0.030042,4,
0.041935,0.316359,0.025806,0.010087,0.028495,0.016359,0.000000,0.022811,0.122581,0.415566,1,
0.000000,0.003226,0.003226,0.000000,0.003226,0.983871,0.000000,0.000000,0.006452,0.000000,5,
0.000000,0.000000,0.000000,0.000000,0.052763,0.020000,0.000000,0.069599,0.003307,0.854331,9,
0.006452,0.006452,0.000000,0.032258,0.006452,0.838710,0.012903,0.000000,0.083871,0.012903,5,
