0, 1, 2, 3, 4, 5, 6, 7, 8, 9, True
0.087773,0.035717,0.486587,0.033255,0.005470,0.078064,0.029902,0.005660,0.231297,0.006275,2,
0.001623,0.000356,0.003810,0.941286,0.000063,0.035709,0.000049,0.005572,0.007003,0.004529,3,
0.004504,0.000197,0.040224,0.946140,0.000006,0.005222,0.000014,0.000181,0.003442,0.000070,3,
0.191143,0.004464,0.010000,0.003338,0.002775,0.285762,0.015447,0.001832,0.480130,0.005109,8,
0.000816,0.003620,0.000615,0.011601,0.004530,0.017614,0.000019,0.852070,0.002028,0.107087,7,
0.076914,0.050139,0.051905,0.142572,0.001579,0.372498,0.016223,0.001845,0.275972,0.010352,0,
0.009378,0.008443,0.002244,0.032943,0.013813,0.749205,0.001453,0.016626,0.055115,0.110780,5,
0.001087,0.010734,0.000845,0.012282,0.033848,0.079452,0.000302,0.615533,0.004848,0.241070,7,
0.003163,0.004412,0.005133,0.004692,0.651070,0.033313,0.005427,0.001369,0.005715,0.285705,4,
0.000016,0.000670,0.005300,0.000760,0.970170,0.000408,0.004870,0.002623,0.000111,0.015072,4,
0.012949,0.013514,0.008274,0.028142,0.042459,0.794086,0.026004,0.003744,0.042908,0.027920,3,
0.000365,0.000336,0.068805,0.002176,0.019424,0.002116,0.904703,0.000439,0.000495,0.001142,6,
0.039073,0.004994,0.010522,0.269958,0.001708,0.224163,0.000932,0.283909,0.091006,0.073735,7,
0.002084,0.015305,0.892646,0.010958,0.009595,0.001500,0.052286,0.005222,0.008601,0.001803,2,
0.001561,0.000019,0.008211,0.000021,0.000269,0.003404,0.985059,0.000002,0.001422,0.000033,6,
0.001166,0.000018,0.004801,0.989213,0.000002,0.002266,0.000005,0.000024,0.002423,0.000082,3,
0.109011,0.007117,0.427449,0.237275,0.001349,0.046205,0.009804,0.003218,0.156349,0.002224,2,
0.002817,0.000051,0.000130,0.032225,0.000163,0.946450,0.000022,0.001303,0.007648,0.009189,3,
0.000279,0.000108,0.005961,0.000008,0.001460,0.001009,0.990165,0.000003,0.000867,0.000140,6,
0.000691,0.000614,0.000690,0.005536,0.031487,0.002416,0.000445,0.317982,0.032974,0.607165,9,
0.000970,0.979193,0.008908,0.000769,0.000289,0.001131,0.001674,0.000994,0.005364,0.000706,1,
0.001350,0.000030,0.003657,0.000254,0.966313,0.015470,0.002907,0.000165,0.000133,0.009722,4,
0.006483,0.616977,0.061738,0.056747,0.050461,0.037294,0.097604,0.019050,0.022591,0.031056,1,
0.000259,0.000936,0.000207,0.008980,0.025271,0.015244,0.000048,0.526361,0.002668,0.420026,7,
0.000334,0.000005,0.000123,0.002430,0.001968,0.002105,0.000001,0.871671,0.001038,0.120325,7,
0.140366,0.018168,0.102297,0.021512,0.015853,0.213044,0.046552,0.015023,0.402282,0.024903,0,
0.000620,0.945133,0.002969,0.005663,0.000700,0.001593,0.000199,0.034568,0.003342,0.005212,1,
0.002259,0.000006,0.001056,0.003634,0.000070,0.992342,0.000225,0.000012,0.000286,0.000111,5,
0.000984,0.003025,0.019506,0.000825,0.022007,0.015382,0.931045,0.000272,0.001859,0.005094,6,
0.040224,0.032655,0.020048,0.528653,0.002666,0.171053,0.002044,0.048217,0.129714,0.024725,3,
0.000855,0.000559,0.023982,0.000390,0.898874,0.001190,0.060093,0.000612,0.001408,0.012038,4,
0.002313,0.784881,0.008674,0.046865,0.027873,0.016749,0.003326,0.038743,0.016142,0.054434,1,
0.012312,0.003330,0.623411,0.008392,0.239079,0.009568,0.090635,0.003790,0.002627,0.006857,4,
0.001209,0.000422,0.050744,0.933759,0.000004,0.001105,0.000026,0.000164,0.012488,0.000079,3,
0.929893,0.000015,0.002886,0.002088,0.000026,0.063333,0.000753,0.000012,0.000861,0.000132,0,
0.005665,0.895053,0.011877,0.004467,0.000664,0.001302,0.000384,0.009338,0.062130,0.009121,3,
0.593313,0.003465,0.027711,0.227619,0.002349,0.114284,0.002953,0.004074,0.019412,0.004819,0,
0.183626,0.012954,0.022228,0.003761,0.002872,0.045882,0.096453,0.000601,0.620291,0.011333,8,
0.017713,0.000264,0.918719,0.001461,0.000068,0.000420,0.056555,0.000053,0.004675,0.000072,2,
0.884857,0.000709,0.006020,0.069974,0.000513,0.031989,0.000576,0.000926,0.003656,0.000779,0,
0.111694,0.018650,0.470062,0.019451,0.162616,0.107548,0.042472,0.008345,0.019486,0.039677,5,
0.001142,0.001493,0.000727,0.022239,0.040903,0.004750,0.000053,0.142220,0.011173,0.775300,9,
0.005923,0.001620,0.010972,0.877604,0.000139,0.001062,0.000096,0.065560,0.029221,0.007803,3,
0.000535,0.014372,0.001855,0.023523,0.071828,0.002692,0.000335,0.288150,0.005145,0.591564,9,
0.000010,0.000005,0.995291,0.000040,0.000012,0.000008,0.004630,0.000000,0.000003,0.000000,2,
0.012489,0.009377,0.170588,0.609582,0.014754,0.017880,0.005192,0.064492,0.065968,0.029677,3,
0.000543,0.001274,0.000641,0.102774,0.000638,0.000655,0.000181,0.672907,0.002835,0.217553,7,
0.000074,0.000177,0.001895,0.000349,0.955587,0.007894,0.002393,0.005951,0.000192,0.025488,4,
0.230497,0.000838,0.024894,0.010949,0.000908,0.047237,0.002564,0.003262,0.671744,0.007107,8,
0.002253,0.001825,0.871051,0.089582,0.001427,0.004269,0.023512,0.001022,0.004617,0.000443,2,
0.044704,0.009287,0.006236,0.203185,0.003006,0.024101,0.000786,0.010342,0.509581,0.188772,3,
0.000018,0.000047,0.000101,0.004828,0.001897,0.000104,0.000000,0.960385,0.000021,0.032599,7,
0.007954,0.000327,0.038126,0.913367,0.000096,0.022627,0.000153,0.000987,0.015970,0.000393,3,
0.090381,0.000904,0.001046,0.003509,0.001595,0.119030,0.000601,0.001204,0.751308,0.030423,8,
0.239198,0.008489,0.099470,0.021959,0.004131,0.100705,0.100303,0.001158,0.418237,0.006350,0,
0.001638,0.008796,0.000629,0.064339,0.002352,0.010987,0.000116,0.509270,0.022221,0.379651,9,
0.823065,0.002136,0.043286,0.003299,0.015034,0.040036,0.059324,0.002705,0.004475,0.006640,0,
0.005740,0.050760,0.005053,0.031638,0.089483,0.021186,0.001526,0.042462,0.054835,0.697318,9,
0.017733,0.027141,0.015774,0.044362,0.151662,0.530072,0.049387,0.015193,0.029283,0.119394,1,
0.000270,0.000237,0.992552,0.002989,0.000581,0.000425,0.002586,0.000005,0.000305,0.000050,2,
0.001001,0.000007,0.007950,0.000003,0.003398,0.000317,0.986904,0.000001,0.000344,0.000076,6,
0.016476,0.007460,0.169942,0.005249,0.459078,0.008880,0.297275,0.007681,0.009426,0.018533,2,
0.000022,0.000045,0.000072,0.007740,0.000578,0.000053,0.000001,0.965992,0.000106,0.025390,7,
0.058404,0.004618,0.052994,0.001226,0.003594,0.012734,0.741638,0.000288,0.120634,0.003870,6,
0.995481,0.000004,0.002669,0.000049,0.000002,0.000532,0.001148,0.000002,0.000112,0.000002,0,
0.000651,0.000003,0.545876,0.000302,0.000193,0.000031,0.452868,0.000025,0.000047,0.000004,2,
0.003839,0.003418,0.003812,0.005902,0.491860,0.023737,0.002300,0.017564,0.010182,0.437386,4,
0.009067,0.000239,0.004342,0.011978,0.000457,0.951484,0.003102,0.000078,0.017831,0.001422,5,
0.004417,0.012918,0.005903,0.076067,0.046418,0.040060,0.001065,0.455421,0.060033,0.297697,4,
0.002592,0.000140,0.347213,0.000582,0.002832,0.000277,0.643448,0.000026,0.002541,0.000348,6,
0.003421,0.022407,0.010557,0.215705,0.000961,0.005436,0.000275,0.700500,0.011725,0.029012,7,
0.401767,0.000544,0.065560,0.013508,0.008119,0.014520,0.104228,0.000613,0.362581,0.028558,8,
0.044092,0.015919,0.163357,0.429967,0.010855,0.076383,0.026706,0.009926,0.180515,0.042279,2,
0.167150,0.016002,0.074441,0.132772,0.001717,0.092514,0.006876,0.003192,0.494267,0.011069,3,
0.003573,0.000147,0.007832,0.962947,0.000009,0.019980,0.000007,0.000238,0.004904,0.000363,3,
0.000695,0.000065,0.133993,0.864335,0.000003,0.000050,0.000006,0.000106,0.000715,0.000033,3,
0.000495,0.000010,0.035089,0.000002,0.000652,0.000046,0.963435,0.000000,0.000253,0.000018,6,
0.000760,0.000679,0.005652,0.024316,0.051622,0.002389,0.000451,0.702463,0.001616,0.210052,7,
0.137356,0.000155,0.001135,0.004513,0.000052,0.007088,0.000029,0.000530,0.840476,0.008666,8,
0.000947,0.724621,0.008131,0.045731,0.021199,0.003337,0.000537,0.107845,0.004988,0.082663,1,
0.000044,0.000001,0.000496,0.000001,0.000059,0.001111,0.997888,0.000000,0.000391,0.000011,6,
0.008576,0.003271,0.067492,0.012130,0.610576,0.014548,0.022422,0.134390,0.007214,0.119382,7,
0.113324,0.004166,0.019123,0.018547,0.331577,0.293796,0.008995,0.044682,0.016032,0.149757,5,
0.000777,0.008370,0.002757,0.016306,0.457464,0.009960,0.001006,0.047368,0.010326,0.445666,9,
0.999317,0.000000,0.000047,0.000003,0.000000,0.000111,0.000009,0.000000,0.000513,0.000001,0,
0.018420,0.002823,0.004010,0.172468,0.002479,0.437955,0.001794,0.006624,0.301929,0.051499,3,
0.004591,0.006358,0.002664,0.013425,0.038634,0.051600,0.000192,0.519126,0.013599,0.349810,7,
0.001321,0.861960,0.017548,0.035212,0.018836,0.015693,0.017245,0.009727,0.007632,0.014825,1,
0.175274,0.004747,0.011915,0.021488,0.000350,0.021829,0.000650,0.001032,0.754263,0.008452,8,
0.480039,0.001687,0.018090,0.048665,0.001448,0.064444,0.003495,0.001370,0.371190,0.009571,2,
0.643012,0.003762,0.216830,0.062662,0.002855,0.046513,0.008932,0.002605,0.009574,0.003255,5,
0.000384,0.000621,0.010325,0.000087,0.020819,0.004831,0.960520,0.000047,0.000676,0.001691,6,
0.000980,0.003291,0.344706,0.000326,0.017876,0.001278,0.627763,0.000143,0.003019,0.000618,6,
0.166326,0.002492,0.003120,0.004861,0.001767,0.661218,0.002541,0.001936,0.150823,0.004917,5,
0.053366,0.028210,0.026173,0.162571,0.001653,0.445162,0.006410,0.001670,0.269098,0.005686,5,
0.000843,0.000699,0.005085,0.000100,0.896497,0.002724,0.075562,0.000066,0.001450,0.016973,4,
0.006232,0.004761,0.006184,0.202960,0.000212,0.768135,0.001320,0.000666,0.008585,0.000944,5,
0.080165,0.098153,0.040285,0.057136,0.018248,0.302063,0.022855,0.010647,0.326964,0.043485,1,
0.000254,0.000074,0.001593,0.165567,0.001278,0.000582,0.000064,0.798711,0.000484,0.031394,3,
0.960449,0.000089,0.000600,0.000243,0.000118,0.007415,0.000265,0.000088,0.030217,0.000515,0,
0.197570,0.000263,0.037395,0.030822,0.000358,0.020801,0.002299,0.000188,0.706198,0.004107,8,
0.000522,0.000141,0.987784,0.001001,0.000459,0.000514,0.009255,0.000018,0.000259,0.000048,2,
0.000378,0.002253,0.001586,0.000809,0.841657,0.013651,0.002765,0.004351,0.000831,0.131719,4,
0.079106,0.003089,0.008182,0.170519,0.005752,0.048559,0.000871,0.035438,0.438021,0.210464,8,
0.080970,0.110747,0.090525,0.003598,0.001320,0.013832,0.013504,0.001566,0.681260,0.002679,8,
0.169897,0.002343,0.037628,0.059821,0.002222,0.246474,0.008940,0.001169,0.458924,0.012582,0,
0.001203,0.000974,0.000924,0.005237,0.075930,0.002851,0.000057,0.031095,0.003499,0.878230,9,
0.005947,0.000789,0.771966,0.160995,0.000053,0.001022,0.002759,0.000054,0.056333,0.000084,2,
0.016766,0.000289,0.131302,0.000639,0.042462,0.002528,0.799710,0.000358,0.003992,0.001953,2,
0.010081,0.001640,0.029223,0.471228,0.003712,0.466706,0.004580,0.002960,0.007720,0.002150,5,
0.562136,0.000005,0.000808,0.005573,0.000003,0.431099,0.000008,0.000009,0.000345,0.000014,0,
0.870880,0.000083,0.004623,0.000768,0.008250,0.102227,0.007511,0.000360,0.001020,0.004278,0,
0.000065,0.000000,0.043453,0.000003,0.000301,0.000045,0.956126,0.000000,0.000005,0.000001,6,
0.000224,0.004781,0.001320,0.009202,0.294003,0.003072,0.000201,0.200105,0.001610,0.485482,4,
0.075916,0.000093,0.027811,0.000155,0.001969,0.003724,0.888471,0.000103,0.001522,0.000236,6,
0.003984,0.002033,0.010421,0.001072,0.808279,0.003793,0.046813,0.000361,0.010507,0.112737,4,
0.002874,0.362491,0.073065,0.409350,0.017354,0.012285,0.005356,0.058335,0.029167,0.029723,1,
0.000237,0.968051,0.003140,0.003050,0.002357,0.001595,0.000583,0.016068,0.000986,0.003933,1,
0.214821,0.003193,0.037921,0.022745,0.000330,0.020445,0.004383,0.000338,0.692229,0.003596,8,
0.000539,0.973171,0.003886,0.003606,0.000854,0.003336,0.000614,0.009652,0.002243,0.002099,1,
0.051178,0.003337,0.004587,0.094020,0.006586,0.257952,0.002312,0.010207,0.380401,0.189420,5,
0.006637,0.000044,0.006659,0.004996,0.000040,0.965824,0.007094,0.000027,0.008625,0.000053,5,
0.000002,0.000002,0.000013,0.002394,0.000031,0.000027,0.000000,0.993771,0.000018,0.003741,7,
0.014267,0.010642,0.032970,0.002404,0.664662,0.019660,0.144509,0.002774,0.010906,0.097206,8,
0.000002,0.000001,0.997751,0.000947,0.000011,0.000037,0.001216,0.000000,0.000034,0.000001,2,
0.000584,0.000047,0.000168,0.008118,0.001486,0.002796,0.000002,0.830916,0.001308,0.154575,7,
0.000217,0.000811,0.000419,0.004859,0.057935,0.001090,0.000028,0.121256,0.001925,0.811460,4,
0.041002,0.001642,0.004545,0.003863,0.172696,0.600070,0.002618,0.036202,0.025003,0.112359,5,
0.001339,0.000148,0.000902,0.001079,0.508100,0.006138,0.000634,0.001947,0.003802,0.475911,4,
0.005982,0.040642,0.006565,0.070184,0.241618,0.094758,0.002852,0.056290,0.047956,0.433153,9,
0.005885,0.001967,0.142956,0.837244,0.000047,0.001126,0.000132,0.000167,0.009894,0.000583,3,
0.018846,0.080081,0.065487,0.005232,0.406809,0.076128,0.261408,0.007388,0.037942,0.040678,4,
0.172399,0.000088,0.005676,0.021672,0.000081,0.004095,0.000148,0.000668,0.786702,0.008470,8,
0.000122,0.000149,0.020768,0.977512,0.000002,0.000044,0.000002,0.000552,0.000831,0.000018,3,
0.000609,0.008013,0.001659,0.010699,0.290053,0.011817,0.000389,0.100260,0.005217,0.571286,4,
0.148563,0.000234,0.004317,0.002236,0.000162,0.010443,0.000234,0.000242,0.831694,0.001877,8,
0.117751,0.006484,0.038607,0.055970,0.006641,0.012144,0.007149,0.002472,0.673791,0.078993,8,
0.000038,0.000114,0.061190,0.001442,0.001421,0.000329,0.935220,0.000164,0.000019,0.000063,6,
0.003434,0.010315,0.015207,0.004963,0.605354,0.004618,0.006095,0.006346,0.009508,0.334159,9,
0.000337,0.863030,0.006643,0.050689,0.001379,0.001726,0.000299,0.066854,0.001785,0.007256,1,
0.000115,0.000018,0.001939,0.000003,0.006054,0.001055,0.990284,0.000001,0.000201,0.000330,6,
0.000331,0.000146,0.015986,0.000086,0.016795,0.000967,0.963897,0.000052,0.000545,0.001195,6,
0.001035,0.006615,0.002736,0.014022,0.218347,0.004262,0.000397,0.056353,0.009207,0.687026,9,
0.021243,0.000326,0.726969,0.014263,0.000338,0.018381,0.201359,0.000239,0.016577,0.000306,2,
0.000018,0.000215,0.031901,0.000155,0.248363,0.000769,0.717448,0.000367,0.000046,0.000718,6,
0.000784,0.975594,0.003652,0.001832,0.000992,0.002883,0.000739,0.007370,0.003566,0.002587,1,
0.008991,0.003797,0.003824,0.052461,0.030354,0.042824,0.000337,0.247199,0.025899,0.584314,9,
0.729752,0.000081,0.035812,0.002270,0.000645,0.005491,0.006375,0.000085,0.211021,0.008468,0,
0.004504,0.000725,0.013716,0.000957,0.010643,0.010740,0.933811,0.000082,0.017717,0.007107,6,
0.000315,0.001665,0.946033,0.016505,0.000469,0.000593,0.032687,0.000674,0.000940,0.000119,2,
0.976770,0.000011,0.004871,0.001819,0.000528,0.014542,0.000619,0.000102,0.000095,0.000643,0,
0.019785,0.002598,0.006220,0.003027,0.146668,0.682171,0.006537,0.031082,0.049325,0.052588,5,
0.054431,0.001015,0.001463,0.001739,0.002633,0.762926,0.001079,0.018286,0.142745,0.013683,5,
0.000205,0.001430,0.000796,0.078879,0.000320,0.000780,0.000002,0.884289,0.000700,0.032599,7,
0.911896,0.000232,0.001777,0.007506,0.000209,0.051240,0.000209,0.000363,0.026079,0.000489,0,
0.000823,0.002456,0.000737,0.015400,0.040782,0.008709,0.000052,0.245972,0.003092,0.681977,9,
0.007579,0.007280,0.793978,0.001857,0.001306,0.002533,0.138100,0.000862,0.045788,0.000717,2,
0.861845,0.000838,0.004230,0.036946,0.000442,0.056041,0.000755,0.000632,0.037499,0.000772,5,
0.005472,0.025333,0.178940,0.458098,0.074986,0.009701,0.017763,0.155524,0.019198,0.054986,3,
0.010929,0.000787,0.017744,0.098151,0.006150,0.003986,0.000996,0.062804,0.633292,0.165161,8,
0.005728,0.901429,0.014491,0.010472,0.003917,0.017853,0.008565,0.004941,0.022774,0.009831,1,
0.007776,0.009162,0.013776,0.588267,0.000136,0.356853,0.000437,0.002419,0.019651,0.001523,5,
0.000474,0.000558,0.962337,0.027652,0.000046,0.000055,0.006985,0.000348,0.001518,0.000027,2,
0.000947,0.010715,0.006828,0.008999,0.572152,0.005485,0.001971,0.040195,0.006620,0.346087,9,
0.038325,0.006712,0.188014,0.662023,0.000652,0.081059,0.001433,0.001649,0.018857,0.001277,3,
0.154583,0.000642,0.017327,0.233616,0.000587,0.505137,0.000757,0.001567,0.081597,0.004187,3,
0.002072,0.159773,0.027531,0.058369,0.070475,0.012964,0.004285,0.610095,0.003842,0.050595,7,
0.000002,0.000001,0.001509,0.000000,0.000226,0.000057,0.998198,0.000000,0.000003,0.000004,6,
0.083430,0.000117,0.045897,0.001271,0.000959,0.005029,0.844858,0.000098,0.017731,0.000609,6,
0.033656,0.000369,0.001006,0.025994,0.001576,0.920826,0.000333,0.008973,0.000781,0.006488,7,
0.430677,0.001725,0.013745,0.002487,0.001433,0.103518,0.020589,0.001152,0.423015,0.001661,0,
0.140552,0.003404,0.008135,0.002715,0.004638,0.428484,0.006568,0.005337,0.388289,0.011878,8,
0.002013,0.000051,0.010977,0.000111,0.874555,0.094585,0.016360,0.000066,0.000193,0.001091,4,
0.000112,0.000098,0.001031,0.000195,0.915367,0.000332,0.000790,0.000460,0.000264,0.081351,9,
0.080931,0.006405,0.132585,0.009760,0.509983,0.020445,0.169957,0.010975,0.022284,0.036676,4,
0.008383,0.255718,0.018361,0.017944,0.378671,0.066489,0.026288,0.016251,0.025412,0.186481,4,
0.243451,0.002382,0.010220,0.021413,0.007511,0.445631,0.002216,0.007731,0.220741,0.038704,5,
0.000182,0.002848,0.927195,0.048927,0.000030,0.000099,0.020310,0.000062,0.000330,0.000017,2,
0.036728,0.016242,0.018001,0.047143,0.004243,0.523363,0.035650,0.000606,0.303135,0.014891,5,
0.001066,0.000023,0.046379,0.000026,0.006325,0.000221,0.945325,0.000013,0.000314,0.000308,6,
0.218690,0.003370,0.029471,0.145864,0.008595,0.083198,0.003965,0.018685,0.415547,0.072615,0,
0.032355,0.001056,0.005156,0.018205,0.000708,0.905588,0.001017,0.004020,0.028296,0.003600,5,
0.351752,0.006755,0.020942,0.008613,0.006575,0.386038,0.028281,0.004630,0.177950,0.008462,9,
0.000037,0.000668,0.000390,0.021327,0.002303,0.000332,0.000011,0.946364,0.000311,0.028257,7,
0.063582,0.000318,0.000937,0.000839,0.000602,0.114661,0.000667,0.000475,0.815700,0.002217,8,
0.454640,0.000982,0.007746,0.006322,0.000742,0.099022,0.001156,0.000658,0.426460,0.002272,0,
0.000097,0.000030,0.000060,0.007540,0.000341,0.000654,0.000002,0.930778,0.000182,0.060316,7,
0.001203,0.965885,0.003848,0.002819,0.000670,0.000907,0.000340,0.013921,0.006560,0.003847,1,
0.002435,0.002038,0.013626,0.002921,0.771763,0.004206,0.011675,0.003301,0.002594,0.185440,4,
0.002249,0.001094,0.019970,0.004999,0.791895,0.118162,0.008078,0.011990,0.001759,0.039805,4,
0.000179,0.000063,0.090602,0.000239,0.000406,0.000137,0.908342,0.000010,0.000015,0.000007,6,
0.829253,0.000107,0.001624,0.000626,0.000134,0.062649,0.002851,0.000109,0.102197,0.000451,0,
0.010625,0.838053,0.052178,0.010574,0.002692,0.010539,0.013331,0.003673,0.053242,0.005092,1,
0.001688,0.000031,0.083135,0.912588,0.000002,0.000702,0.000011,0.000021,0.001797,0.000025,3,
0.002118,0.001087,0.725452,0.021386,0.000447,0.002529,0.241030,0.000061,0.005622,0.000268,2,
0.103242,0.012620,0.044388,0.153850,0.003951,0.357380,0.007640,0.010389,0.279403,0.027136,8,
0.004311,0.841599,0.014649,0.031888,0.004002,0.013100,0.001643,0.056004,0.018277,0.014528,1,
0.001696,0.001767,0.001292,0.006370,0.109967,0.001512,0.000282,0.007611,0.022303,0.847200,9,
0.032340,0.225053,0.129183,0.011985,0.127843,0.244412,0.072183,0.032158,0.078367,0.046475,1,
0.009431,0.252505,0.065868,0.028363,0.340291,0.107896,0.018106,0.107288,0.009998,0.060255,5,
0.994769,0.000003,0.000015,0.000010,0.000002,0.004140,0.000002,0.000001,0.001057,0.000001,0,
0.000554,0.783780,0.013642,0.078431,0.004574,0.004025,0.000906,0.103647,0.002053,0.008388,1,
0.047379,0.011301,0.211043,0.595869,0.000578,0.081967,0.016476,0.000920,0.033170,0.001297,3,
0.103444,0.000322,0.001761,0.035234,0.000283,0.070021,0.000282,0.000655,0.782206,0.005792,5,
0.002065,0.000896,0.006282,0.001357,0.801277,0.140813,0.017787,0.001166,0.004226,0.024133,4,
0.001232,0.011361,0.001749,0.024937,0.042366,0.022282,0.000444,0.649460,0.006924,0.239246,9,
0.035490,0.162037,0.050544,0.168817,0.013661,0.370058,0.017219,0.026976,0.103161,0.052036,5,
0.157091,0.000050,0.001368,0.004041,0.000049,0.038614,0.000159,0.000080,0.797090,0.001458,8,
0.154988,0.056225,0.048951,0.025070,0.000890,0.026842,0.007333,0.000997,0.672079,0.006626,8,
0.038440,0.423992,0.137587,0.012438,0.127107,0.068797,0.053514,0.024005,0.066861,0.047259,1,
0.977001,0.000074,0.000302,0.000115,0.000075,0.012574,0.000260,0.000041,0.009500,0.000059,0,
0.161866,0.002397,0.030390,0.020240,0.000698,0.069318,0.003782,0.000195,0.708610,0.002504,8,
0.012112,0.010598,0.008392,0.065969,0.043220,0.725500,0.003356,0.033056,0.016228,0.081568,5,
0.988484,0.000006,0.006816,0.002153,0.000010,0.001689,0.000033,0.000008,0.000694,0.000107,0,
0.002740,0.000473,0.001948,0.001296,0.319606,0.001502,0.000256,0.003656,0.001490,0.667034,9,
0.000925,0.021319,0.012730,0.009602,0.778938,0.013205,0.007750,0.018420,0.002979,0.134132,4,
0.247392,0.000660,0.013983,0.005343,0.004227,0.041541,0.020932,0.000368,0.643708,0.021846,0,
0.180150,0.014180,0.053751,0.018040,0.005793,0.011539,0.032198,0.000944,0.647558,0.035847,0,
0.001312,0.961845,0.005868,0.005764,0.000757,0.001231,0.000513,0.012049,0.007176,0.003484,1,
0.073298,0.000341,0.012601,0.894659,0.000163,0.017169,0.000229,0.000298,0.001035,0.000208,3,
0.000283,0.000129,0.000302,0.030533,0.007240,0.005333,0.000024,0.599253,0.004122,0.352780,7,
0.003396,0.941131,0.021089,0.007077,0.000293,0.002438,0.001496,0.002606,0.019395,0.001080,1,
0.018633,0.002857,0.909219,0.042561,0.000130,0.000918,0.018185,0.000468,0.006872,0.000156,2,
0.001235,0.003230,0.001868,0.001770,0.612380,0.019861,0.002972,0.003994,0.005887,0.346804,4,
0.141461,0.001365,0.058348,0.004884,0.021890,0.078307,0.661529,0.001422,0.024176,0.006618,6,
0.953691,0.000009,0.002893,0.000258,0.000009,0.003809,0.000269,0.000003,0.038850,0.000208,0,
0.000212,0.772239,0.002591,0.060453,0.003804,0.005484,0.000109,0.133486,0.001884,0.019738,1,
0.001440,0.014722,0.006912,0.007724,0.564381,0.012015,0.003941,0.009970,0.007919,0.370975,4,
0.010469,0.000049,0.020005,0.001050,0.005842,0.006807,0.949534,0.000077,0.002271,0.003897,6,
0.010394,0.000030,0.764749,0.000773,0.001020,0.000487,0.222299,0.000035,0.000149,0.000063,6,
0.000508,0.000130,0.000271,0.008171,0.006762,0.005478,0.000004,0.719650,0.001442,0.257583,7,
0.987930,0.000008,0.000308,0.000850,0.000007,0.002709,0.000006,0.000016,0.008078,0.000087,0,
0.003126,0.000304,0.001728,0.009051,0.017138,0.011140,0.000096,0.604733,0.008137,0.344547,9,
0.023308,0.011571,0.086465,0.059574,0.362013,0.032534,0.005080,0.093671,0.007146,0.318638,3,
0.003197,0.004922,0.004142,0.826863,0.000130,0.132378,0.000104,0.010322,0.013464,0.004477,3,
0.181225,0.012296,0.306400,0.033168,0.068159,0.020536,0.167677,0.006501,0.144092,0.059947,2,
0.002218,0.900631,0.016459,0.045069,0.000459,0.000812,0.000573,0.011111,0.018516,0.004151,1,
0.998210,0.000000,0.000229,0.000008,0.000000,0.000471,0.000333,0.000000,0.000748,0.000000,0,
0.027557,0.000004,0.000123,0.003122,0.000003,0.960439,0.000008,0.000029,0.008603,0.000113,5,
0.008662,0.909196,0.027640,0.001851,0.000253,0.005502,0.006856,0.000735,0.038489,0.000817,1,
0.006585,0.002909,0.118129,0.840839,0.000106,0.004166,0.000272,0.005749,0.020330,0.000914,3,
0.024274,0.030921,0.703768,0.123634,0.003369,0.024333,0.076589,0.001953,0.008070,0.003089,2,
0.000602,0.960431,0.002962,0.001929,0.002982,0.001156,0.000500,0.018691,0.002256,0.008491,1,
0.310415,0.000067,0.004817,0.001044,0.000118,0.025643,0.005118,0.000014,0.651599,0.001167,0,
0.007715,0.004000,0.678204,0.012955,0.237844,0.021523,0.025949,0.003686,0.001338,0.006785,2,
0.013640,0.174012,0.022525,0.045425,0.228331,0.058883,0.011804,0.041499,0.054160,0.349721,9,
0.001053,0.009441,0.001358,0.007328,0.284475,0.036484,0.000833,0.092328,0.006018,0.560683,9,
0.013241,0.003889,0.007192,0.862026,0.000131,0.008329,0.000111,0.015645,0.076551,0.012885,3,
0.011323,0.000785,0.003046,0.001934,0.398177,0.445736,0.001347,0.028623,0.004138,0.104891,5,
0.002469,0.000412,0.000774,0.018505,0.014478,0.102498,0.000098,0.540370,0.005938,0.314457,7,
0.000059,0.000116,0.000104,0.012649,0.001253,0.001081,0.000004,0.902885,0.000570,0.081276,7,
0.005757,0.008486,0.011020,0.002389,0.042900,0.195277,0.707251,0.000510,0.016819,0.009591,6,
0.000547,0.000055,0.036565,0.000009,0.002795,0.000145,0.959133,0.000003,0.000652,0.000098,6,
0.022324,0.043133,0.032094,0.655969,0.002576,0.027383,0.001620,0.085422,0.078024,0.051455,3,
0.079241,0.001698,0.066448,0.018904,0.001840,0.251067,0.205402,0.001021,0.371854,0.002524,5,
0.000070,0.000281,0.000128,0.007919,0.001865,0.001996,0.000001,0.908422,0.000221,0.079096,7,
0.010015,0.000978,0.003732,0.011908,0.158175,0.092324,0.001227,0.064671,0.027453,0.629518,9,
0.017014,0.000022,0.010399,0.965688,0.000014,0.005223,0.000016,0.000036,0.001568,0.000021,3,
0.000886,0.013127,0.004399,0.025965,0.497623,0.007996,0.001217,0.046714,0.009324,0.392749,4,
0.000147,0.000025,0.051146,0.947909,0.000000,0.000234,0.000006,0.000016,0.000516,0.000002,3,
0.000217,0.004370,0.002302,0.003631,0.767381,0.004624,0.001159,0.026410,0.001293,0.188613,4,
0.002080,0.014326,0.640597,0.001010,0.019277,0.002195,0.313599,0.000620,0.005089,0.001208,2,
0.007321,0.000267,0.925377,0.007572,0.001332,0.000071,0.054380,0.000648,0.002642,0.000390,2,
0.001056,0.957217,0.017020,0.009365,0.000428,0.001364,0.001262,0.003963,0.006955,0.001369,1,
0.000855,0.005784,0.016090,0.001703,0.894342,0.006258,0.033564,0.001572,0.003012,0.036819,4,
0.074253,0.000204,0.001237,0.061380,0.000283,0.796411,0.000094,0.000578,0.049694,0.015868,5,
0.000088,0.000003,0.000941,0.000005,0.000067,0.002686,0.996082,0.000002,0.000105,0.000021,6,
0.000396,0.000586,0.728331,0.000789,0.002236,0.000593,0.264770,0.000077,0.002098,0.000124,2,
0.002534,0.959489,0.008976,0.004680,0.000097,0.000691,0.000362,0.001603,0.020723,0.000845,1,
0.000208,0.000095,0.000414,0.009819,0.014876,0.005796,0.000054,0.789039,0.000739,0.178961,7,
0.675490,0.002167,0.057490,0.014276,0.054916,0.104404,0.014642,0.003057,0.030478,0.043079,0,
0.022998,0.004026,0.003983,0.005691,0.164674,0.653861,0.005011,0.014772,0.026458,0.098526,5,
0.000186,0.000134,0.005029,0.002516,0.635882,0.000181,0.000385,0.041855,0.000888,0.312943,9,
0.982074,0.000031,0.000142,0.000290,0.000034,0.015128,0.000025,0.000015,0.002182,0.000079,0,
0.001614,0.007171,0.029268,0.944400,0.000058,0.002249,0.000091,0.003762,0.010145,0.001242,3,
0.001566,0.007392,0.009947,0.002235,0.836679,0.025686,0.035743,0.005107,0.002711,0.072935,4,
0.013848,0.000206,0.000804,0.031093,0.004436,0.857758,0.000125,0.040813,0.004869,0.046048,5,
0.031422,0.498946,0.089730,0.114052,0.001359,0.002832,0.002295,0.007664,0.247126,0.004574,1,
0.005642,0.000670,0.002485,0.000921,0.014766,0.482517,0.438099,0.000193,0.051281,0.003426,5,
0.873590,0.000007,0.000982,0.001879,0.000006,0.120987,0.000031,0.000006,0.002476,0.000036,0,
0.000278,0.000833,0.000301,0.004432,0.006238,0.001862,0.000004,0.753202,0.000699,0.232152,7,
0.267917,0.005600,0.344041,0.021642,0.005193,0.137463,0.071233,0.003747,0.137931,0.005233,2,
0.000612,0.967649,0.007471,0.002959,0.001602,0.007018,0.005990,0.003024,0.001906,0.001769,1,
0.001700,0.001781,0.956216,0.002146,0.000046,0.000152,0.025251,0.000020,0.012656,0.000033,2,
0.008623,0.000013,0.020858,0.000057,0.000373,0.001015,0.966650,0.000003,0.002289,0.000119,6,
0.000980,0.926277,0.005905,0.025371,0.000615,0.007297,0.000426,0.025915,0.003792,0.003422,1,
0.000009,0.000061,0.000086,0.025653,0.000927,0.000041,0.000008,0.964866,0.000446,0.007903,7,
0.161696,0.000931,0.005144,0.001295,0.034971,0.047966,0.008133,0.001431,0.672704,0.065729,8,
0.000293,0.000034,0.991862,0.002840,0.000639,0.001149,0.003106,0.000004,0.000047,0.000027,2,
0.001266,0.038108,0.014795,0.011433,0.774889,0.013039,0.017286,0.011102,0.005428,0.112653,4,
0.424561,0.000122,0.003248,0.000197,0.000196,0.044284,0.031535,0.000080,0.495396,0.000380,0,
0.139206,0.003425,0.090000,0.013212,0.002049,0.258071,0.123604,0.001578,0.366525,0.002328,5,
0.023098,0.002109,0.015063,0.050895,0.124930,0.146692,0.001921,0.167182,0.019607,0.448503,9,
0.001135,0.000151,0.000476,0.006131,0.022616,0.056768,0.000071,0.551357,0.003949,0.357345,7,
0.000825,0.004648,0.004802,0.001110,0.875479,0.021910,0.021749,0.001660,0.001947,0.065870,4,
0.000016,0.000029,0.033932,0.000058,0.001388,0.000204,0.964303,0.000015,0.000022,0.000033,6,
0.000931,0.001033,0.905549,0.084313,0.000008,0.000166,0.004770,0.000014,0.003207,0.000009,2,
0.503331,0.000250,0.009438,0.001278,0.002626,0.044555,0.017093,0.000190,0.413010,0.008228,8,
0.000253,0.000198,0.018936,0.000110,0.004498,0.001369,0.973286,0.000026,0.000570,0.000753,6,
0.010740,0.000900,0.016930,0.000833,0.002128,0.016814,0.884768,0.000087,0.064550,0.002250,6,
0.009981,0.009715,0.003616,0.005140,0.192979,0.028519,0.001961,0.015230,0.025101,0.707757,4,
0.086982,0.009990,0.012111,0.018908,0.042173,0.009728,0.001207,0.025226,0.300725,0.492950,9,
0.003812,0.002125,0.093795,0.869856,0.000086,0.002963,0.000298,0.002146,0.024216,0.000703,3,
0.388218,0.001003,0.018629,0.026107,0.000382,0.043686,0.003027,0.000295,0.515542,0.003110,8,
0.000769,0.965599,0.003397,0.006684,0.000459,0.005872,0.000389,0.012229,0.002785,0.001818,1,
0.951139,0.000138,0.000616,0.002863,0.000138,0.029297,0.000126,0.000187,0.014538,0.000957,0,
0.524343,0.000979,0.021670,0.311243,0.000544,0.047193,0.000608,0.000783,0.090613,0.002024,0,
0.000002,0.000003,0.996899,0.000292,0.000002,0.000002,0.002797,0.000000,0.000002,0.000000,2,
0.001222,0.000020,0.003978,0.000209,0.922367,0.059986,0.006784,0.000360,0.000439,0.004635,4,
0.004295,0.003828,0.015456,0.000396,0.141698,0.011422,0.807236,0.000240,0.003965,0.011464,6,
0.002204,0.002058,0.000603,0.002209,0.181410,0.040096,0.000426,0.029901,0.008794,0.732298,7,
0.100512,0.002472,0.004752,0.013622,0.001021,0.097706,0.002157,0.000632,0.768762,0.008365,8,
0.000363,0.001942,0.001152,0.005102,0.599414,0.009330,0.000575,0.038702,0.004035,0.339386,3,
0.073941,0.002991,0.008072,0.004979,0.007484,0.448157,0.002746,0.075778,0.335465,0.040387,5,
0.003491,0.014025,0.007452,0.007177,0.337475,0.008693,0.001282,0.028731,0.007758,0.583916,9,
0.001952,0.014250,0.032811,0.006962,0.685737,0.014842,0.180038,0.003136,0.006305,0.053967,4,
0.000889,0.982293,0.006678,0.001086,0.000136,0.000459,0.000536,0.001060,0.006240,0.000622,1,
0.006002,0.000111,0.925287,0.049915,0.000093,0.002559,0.014259,0.000100,0.001587,0.000087,2,
0.008933,0.001070,0.002312,0.057553,0.007854,0.108145,0.000215,0.474694,0.024433,0.314790,9,
0.000438,0.009340,0.003269,0.169688,0.002811,0.005905,0.000130,0.779911,0.001395,0.027112,3,
0.003901,0.015582,0.004888,0.023373,0.234619,0.060177,0.001185,0.161104,0.018896,0.476273,4,
0.128537,0.024862,0.006845,0.008361,0.010009,0.166064,0.006660,0.003494,0.554067,0.091102,8,
0.000002,0.000001,0.997388,0.000741,0.000001,0.000001,0.001834,0.000005,0.000025,0.000000,2,
0.002972,0.011185,0.016301,0.003979,0.791935,0.029850,0.030296,0.018002,0.004955,0.090525,4,
0.011450,0.791244,0.028538,0.058105,0.001471,0.006161,0.001646,0.035761,0.057054,0.008570,1,
0.461348,0.003469,0.160051,0.045747,0.098372,0.069781,0.026635,0.005788,0.015487,0.113322,9,
0.011572,0.000787,0.723968,0.003488,0.241041,0.003994,0.006371,0.002447,0.000628,0.005706,2,
0.002657,0.000334,0.007510,0.018515,0.001361,0.952151,0.010225,0.000126,0.005948,0.001173,5,
0.012829,0.002514,0.004290,0.020774,0.077827,0.023778,0.000580,0.062220,0.026364,0.768824,9,
0.871931,0.000113,0.021337,0.000706,0.003882,0.011917,0.008385,0.000162,0.072706,0.008862,0,
0.001199,0.002026,0.006616,0.000824,0.900577,0.019037,0.009204,0.000712,0.001574,0.058231,4,
0.000189,0.854116,0.003694,0.017189,0.002384,0.003169,0.000244,0.111029,0.000795,0.007192,1,
0.000325,0.000256,0.904104,0.092658,0.000001,0.000014,0.000812,0.000002,0.001826,0.000002,2,
0.013465,0.807556,0.035860,0.040104,0.000861,0.004274,0.001412,0.012357,0.080111,0.004000,1,
0.000061,0.001546,0.000105,0.016482,0.003872,0.000405,0.000038,0.889391,0.000607,0.087492,7,
0.000676,0.004429,0.000984,0.198523,0.004525,0.007675,0.000133,0.547343,0.004466,0.231246,7,
0.003396,0.002603,0.006464,0.011745,0.292221,0.004386,0.000807,0.041148,0.005875,0.631355,9,
0.001198,0.005530,0.020368,0.945160,0.000162,0.007418,0.000141,0.009049,0.009000,0.001973,3,
0.000658,0.002846,0.094763,0.000607,0.024940,0.001126,0.871418,0.000403,0.001101,0.002138,6,
0.023192,0.001958,0.004531,0.155015,0.001525,0.658952,0.000939,0.022102,0.069076,0.062710,5,
0.044373,0.000959,0.003320,0.029670,0.004250,0.590420,0.000779,0.023152,0.258861,0.044216,5,
0.000349,0.023828,0.028620,0.926649,0.000099,0.001454,0.000123,0.015396,0.002692,0.000790,3,
0.000011,0.000009,0.000098,0.005109,0.000839,0.000188,0.000001,0.982037,0.000047,0.011661,7,
0.157149,0.000382,0.025172,0.000690,0.000351,0.014519,0.114765,0.000142,0.686092,0.000737,8,
0.000334,0.000400,0.034805,0.000084,0.008104,0.001081,0.953843,0.000048,0.000893,0.000408,6,
0.003380,0.018621,0.006338,0.036427,0.014514,0.885423,0.010187,0.008338,0.006360,0.010411,5,
0.271113,0.003340,0.036182,0.010831,0.001355,0.096721,0.012933,0.000451,0.562350,0.004724,0,
0.921098,0.000208,0.039944,0.023025,0.000795,0.010183,0.000966,0.000472,0.001101,0.002208,0,
0.002603,0.001233,0.062906,0.001123,0.887891,0.005906,0.031357,0.001633,0.001373,0.003975,2,
0.003342,0.006869,0.002085,0.058179,0.007013,0.053199,0.000117,0.675002,0.010623,0.183570,7,
0.000045,0.000201,0.001376,0.000291,0.959661,0.000769,0.002958,0.000347,0.000239,0.034112,4,
0.000009,0.000006,0.000093,0.003403,0.000346,0.000257,0.000004,0.988943,0.000936,0.006004,7,
0.001687,0.001159,0.001855,0.185814,0.000675,0.049977,0.000227,0.730196,0.002769,0.025641,3,
0.164349,0.014958,0.151402,0.014105,0.130408,0.126751,0.229508,0.009785,0.115710,0.043024,2,
0.035647,0.071500,0.289364,0.236860,0.001831,0.004056,0.003891,0.003871,0.348051,0.004929,8,
0.000863,0.978817,0.005484,0.002175,0.000482,0.002395,0.000994,0.002961,0.004443,0.001386,1,
0.974110,0.000070,0.000200,0.000459,0.000066,0.022125,0.000015,0.000014,0.002931,0.000010,0,
0.000374,0.003035,0.010217,0.000759,0.842069,0.005528,0.117383,0.000508,0.001289,0.018838,4,
0.008030,0.886328,0.049078,0.003893,0.000502,0.001268,0.006040,0.002240,0.041174,0.001447,1,
0.001534,0.972115,0.008628,0.001361,0.000310,0.004587,0.001634,0.001417,0.007649,0.000763,1,
0.000892,0.665042,0.008518,0.015481,0.184520,0.032552,0.010290,0.033508,0.002510,0.046688,1,
0.128884,0.000244,0.150826,0.695202,0.000102,0.016216,0.000302,0.000221,0.007851,0.000152,3,
0.002852,0.017349,0.002905,0.030008,0.062032,0.006613,0.000377,0.149983,0.033759,0.694121,9,
0.004853,0.000010,0.006326,0.000028,0.011406,0.001587,0.972856,0.000010,0.002042,0.000883,6,
0.000197,0.930982,0.003358,0.017566,0.000748,0.000673,0.000086,0.039003,0.001632,0.005756,1,
0.001356,0.001792,0.005509,0.955863,0.000013,0.027856,0.000018,0.002154,0.004970,0.000469,3,
0.082830,0.079850,0.021890,0.064831,0.004419,0.258763,0.010551,0.003069,0.429373,0.044423,8,
0.001626,0.000246,0.000386,0.010795,0.002167,0.962227,0.000184,0.003525,0.004319,0.014525,5,
0.079779,0.001787,0.002423,0.000781,0.010700,0.504569,0.001539,0.008767,0.359100,0.030557,5,
0.001586,0.973920,0.004699,0.001897,0.000323,0.001517,0.000527,0.003550,0.010167,0.001813,1,
0.461545,0.000958,0.032626,0.049144,0.000288,0.075627,0.003255,0.000844,0.373060,0.002653,0,
0.001578,0.000120,0.000802,0.004095,0.160629,0.011046,0.000095,0.079221,0.004244,0.738170,9,
0.700142,0.004539,0.037116,0.089037,0.002518,0.030549,0.005211,0.002873,0.124643,0.003370,5,
0.525764,0.000088,0.006108,0.003305,0.000185,0.016562,0.000935,0.000083,0.440241,0.006727,0,
0.000788,0.002561,0.000755,0.004412,0.219329,0.019173,0.000215,0.073727,0.005253,0.673787,9,
0.010314,0.010070,0.004028,0.565951,0.001057,0.020275,0.000476,0.191737,0.086616,0.109477,3,
0.022003,0.017026,0.596157,0.008512,0.001590,0.002046,0.162857,0.000206,0.188183,0.001420,2,
0.000000,0.000000,0.000000,0.000000,0.000000,0.000000,0.999997,0.000000,0.000002,0.000000,6,
0.065171,0.000090,0.040552,0.000147,0.000306,0.003583,0.887696,0.000080,0.002229,0.000147,6,
0.006721,0.235563,0.076145,0.500101,0.015593,0.070277,0.023358,0.019995,0.035056,0.017191,3,
0.001921,0.004415,0.002811,0.017610,0.041150,0.008725,0.000150,0.430040,0.003911,0.489267,7,
0.002049,0.000064,0.002316,0.000217,0.807733,0.166831,0.011338,0.000075,0.001362,0.008016,4,
0.018503,0.000624,0.661772,0.026807,0.233890,0.011975,0.040826,0.000538,0.000802,0.004262,4,
0.013219,0.014242,0.180957,0.680132,0.000375,0.018055,0.002806,0.001780,0.086528,0.001904,8,
0.104206,0.001385,0.007116,0.027057,0.003407,0.034291,0.001494,0.008133,0.749979,0.062932,8,
0.002101,0.000628,0.000928,0.009914,0.054974,0.002260,0.000081,0.029971,0.006112,0.893031,9,
0.000026,0.000011,0.000031,0.006372,0.000101,0.000199,0.000001,0.967352,0.000189,0.025719,7,
0.003699,0.951499,0.013402,0.002708,0.000168,0.003861,0.001586,0.001093,0.021231,0.000751,1,
0.020128,0.032155,0.050623,0.004501,0.015165,0.139738,0.696406,0.001115,0.031869,0.008300,6,
0.038585,0.007972,0.165939,0.689053,0.000584,0.027238,0.005364,0.001054,0.062340,0.001870,3,
0.007302,0.004501,0.089826,0.535072,0.006706,0.005071,0.002933,0.018049,0.304687,0.025854,3,
0.000258,0.000151,0.000744,0.002812,0.035037,0.006951,0.000141,0.914645,0.000551,0.038709,7,
0.002440,0.954559,0.007580,0.003814,0.001545,0.009267,0.003119,0.004719,0.009178,0.003778,1,
0.001175,0.001516,0.681810,0.297945,0.000012,0.000563,0.000773,0.000102,0.016067,0.000038,2,
0.005648,0.007833,0.083919,0.102240,0.682750,0.028451,0.010888,0.014516,0.011520,0.052235,4,
0.941662,0.000001,0.000402,0.000685,0.000003,0.056466,0.000022,0.000003,0.000735,0.000020,0,
0.000447,0.000014,0.015509,0.000034,0.000772,0.001705,0.981386,0.000002,0.000105,0.000026,6,
0.000784,0.000248,0.061802,0.000031,0.006249,0.000433,0.928658,0.000015,0.001459,0.000321,6,
0.000071,0.000637,0.003392,0.000343,0.941579,0.000728,0.002963,0.002465,0.000328,0.047493,4,
0.004919,0.000427,0.000307,0.034715,0.000177,0.920194,0.000078,0.004242,0.021903,0.013038,5,
0.836427,0.000936,0.006296,0.001348,0.000773,0.050487,0.010680,0.000642,0.091578,0.000834,0,
0.262095,0.001528,0.070726,0.085736,0.002444,0.030752,0.003706,0.004418,0.520412,0.018182,2,
0.009311,0.002993,0.005319,0.826680,0.000102,0.090666,0.000112,0.003496,0.057549,0.003773,3,
0.104960,0.001233,0.007240,0.044105,0.002925,0.033319,0.001374,0.002470,0.766250,0.036124,8,
0.987029,0.000014,0.010525,0.000442,0.000010,0.001398,0.000272,0.000001,0.000261,0.000046,0,
0.890327,0.000072,0.012615,0.002805,0.009076,0.013351,0.000357,0.002613,0.002848,0.065937,0,
0.000171,0.006047,0.000381,0.008471,0.017505,0.003685,0.000055,0.760705,0.000842,0.202139,9,
0.997471,0.000001,0.000205,0.000102,0.000001,0.001439,0.000049,0.000001,0.000730,0.000002,0,
0.000830,0.001495,0.001284,0.008520,0.069991,0.001395,0.000315,0.260307,0.001568,0.654294,9,
0.005358,0.440854,0.012400,0.227176,0.057151,0.073365,0.006975,0.049930,0.050868,0.075922,1,
0.007573,0.012878,0.012851,0.026474,0.114002,0.010164,0.001395,0.129653,0.010990,0.674019,9,
0.003783,0.086411,0.010328,0.036515,0.095983,0.021698,0.002445,0.268285,0.025986,0.448566,9,
0.002453,0.005376,0.161789,0.803654,0.000071,0.004211,0.000351,0.002266,0.019384,0.000446,3,
0.006484,0.000139,0.099533,0.003049,0.850974,0.007461,0.015407,0.000447,0.000487,0.016021,4,
0.000296,0.984877,0.003187,0.001309,0.000591,0.003828,0.001033,0.002852,0.001109,0.000919,1,
0.014150,0.003611,0.002587,0.004640,0.140481,0.356274,0.003561,0.014937,0.088191,0.371568,7,
0.000115,0.897045,0.005208,0.030949,0.002486,0.002666,0.000369,0.056192,0.000565,0.004405,1,
0.845369,0.001115,0.019798,0.001829,0.013344,0.052976,0.058316,0.001212,0.003048,0.002993,0,
0.000327,0.000030,0.004383,0.993897,0.000000,0.000278,0.000000,0.000020,0.001053,0.000011,3,
0.049401,0.001702,0.006300,0.005047,0.078765,0.524681,0.004289,0.033011,0.217581,0.079223,5,
0.000434,0.000044,0.000136,0.007985,0.002628,0.002972,0.000001,0.736232,0.001126,0.248443,7,
0.006324,0.000611,0.024808,0.945618,0.000125,0.020299,0.000161,0.000466,0.001023,0.000565,3,
0.031711,0.018128,0.263385,0.270181,0.035125,0.018975,0.051929,0.019380,0.224524,0.066662,8,
0.051163,0.006422,0.014899,0.002562,0.060226,0.824351,0.007480,0.006509,0.007891,0.018497,5,
0.000393,0.000387,0.001529,0.000303,0.886288,0.002712,0.002081,0.001691,0.000556,0.104059,4,
0.013135,0.180439,0.010400,0.046277,0.057272,0.042886,0.002392,0.076769,0.064606,0.505823,1,
0.020524,0.013383,0.005810,0.001114,0.010297,0.878995,0.002911,0.010276,0.041897,0.014792,5,
0.003192,0.003564,0.003638,0.009870,0.192122,0.014669,0.000885,0.174794,0.006169,0.591097,9,
0.007592,0.002424,0.001377,0.015776,0.010861,0.871308,0.002357,0.000947,0.041056,0.046302,5,
