0, 1, 2, 3, 4, 5, 6, 7, 8, 9, True
0.001826,0.060603,0.007936,0.015113,0.522279,0.008405,0.006694,0.054122,0.009474,0.313549,4,
0.000193,0.962639,0.003210,0.008645,0.001249,0.001050,0.000840,0.006916,0.002435,0.012823,8,
0.000086,0.935939,0.001432,0.008496,0.005444,0.000612,0.000304,0.019987,0.001162,0.026537,1,
0.000736,0.239979,0.010538,0.016143,0.438267,0.003589,0.006622,0.050065,0.004773,0.229289,4,
0.006120,0.000050,0.025066,0.000183,0.364817,0.006196,0.576771,0.000052,0.007325,0.013420,6,
0.000153,0.963335,0.001183,0.004586,0.002388,0.001004,0.000491,0.008003,0.002313,0.016544,1,
0.006029,0.032657,0.001093,0.005433,0.380459,0.036520,0.002998,0.052550,0.043139,0.439120,7,
0.004743,0.155731,0.017863,0.000834,0.382415,0.012689,0.332342,0.000852,0.032612,0.059920,6,
0.040132,0.334024,0.046876,0.069657,0.001279,0.128357,0.027816,0.014025,0.271951,0.065882,0,
0.001025,0.004760,0.086821,0.018243,0.718031,0.002200,0.039410,0.011589,0.001911,0.116009,4,
0.000107,0.970944,0.000357,0.001796,0.002717,0.000842,0.000262,0.006060,0.002076,0.014841,1,
0.007807,0.002615,0.013641,0.024024,0.468768,0.025171,0.009877,0.049545,0.018919,0.379631,4,
0.019016,0.204766,0.002453,0.003733,0.155999,0.099423,0.019716,0.016212,0.194553,0.284129,9,
0.050832,0.148230,0.007976,0.049966,0.000754,0.220147,0.005105,0.024695,0.408671,0.083625,8,
0.000633,0.248776,0.000198,0.009565,0.104677,0.007326,0.000112,0.248442,0.008815,0.371457,9,
0.001400,0.238076,0.001071,0.016311,0.150757,0.011477,0.000663,0.170376,0.014240,0.395630,7,
0.021139,0.512193,0.011224,0.048713,0.001225,0.095761,0.006391,0.024668,0.201539,0.077148,8,
0.005207,0.116084,0.031635,0.768028,0.000001,0.018185,0.000259,0.025512,0.029170,0.005919,3,
0.006821,0.221072,0.003489,0.007091,0.276533,0.037161,0.011141,0.034112,0.060870,0.341711,8,
0.001484,0.945673,0.011005,0.007108,0.000101,0.005106,0.006744,0.000953,0.017630,0.004196,2,
0.000788,0.467984,0.005379,0.005282,0.329543,0.004074,0.009216,0.019282,0.007189,0.151262,7,
0.150612,0.000194,0.008938,0.104985,0.000202,0.377108,0.001536,0.020457,0.281389,0.054578,0,
0.010121,0.000012,0.040593,0.005406,0.757668,0.013167,0.061242,0.002812,0.006717,0.102262,6,
0.006704,0.000144,0.002736,0.048232,0.192088,0.026883,0.000510,0.201689,0.011044,0.509970,3,
0.156698,0.003148,0.057195,0.016222,0.000077,0.232750,0.074112,0.000503,0.451243,0.008052,0,
0.061667,0.001353,0.039428,0.609444,0.000001,0.131413,0.000655,0.011157,0.138208,0.006674,3,
0.000381,0.925174,0.000879,0.004301,0.007234,0.002758,0.000692,0.013772,0.006073,0.038736,1,
0.002370,0.055612,0.043225,0.001080,0.418878,0.004894,0.423541,0.000594,0.010639,0.039167,6,
0.001861,0.417874,0.000319,0.004584,0.123864,0.017954,0.000656,0.081237,0.028960,0.322691,7,
0.045746,0.006583,0.034101,0.164246,0.023603,0.143621,0.008687,0.104605,0.120675,0.348133,8,
0.000408,0.140946,0.000312,0.017651,0.103499,0.004387,0.000080,0.362342,0.004388,0.365987,7,
0.012808,0.078066,0.013242,0.004354,0.453151,0.043467,0.087632,0.008188,0.074728,0.224364,6,
0.017785,0.000064,0.007516,0.005186,0.648265,0.039649,0.017290,0.009463,0.023452,0.231329,4,
0.003187,0.005656,0.038406,0.002058,0.679586,0.006210,0.188533,0.001409,0.008447,0.066509,6,
0.006976,0.843444,0.019403,0.008516,0.000032,0.019852,0.018424,0.000533,0.079385,0.003436,8,
0.018720,0.000002,0.009463,0.014153,0.607075,0.034033,0.005701,0.020431,0.010669,0.279753,0,
0.011118,0.017456,0.388490,0.328387,0.015007,0.022706,0.035125,0.040682,0.021983,0.119046,2,
0.033111,0.232045,0.043968,0.005231,0.018163,0.081545,0.308276,0.001536,0.224147,0.051979,6,
0.115579,0.003777,0.005302,0.020017,0.000013,0.303458,0.003325,0.001823,0.537717,0.008989,8,
0.003555,0.022294,0.019531,0.003947,0.710657,0.010054,0.068648,0.005750,0.013880,0.141684,4,
0.000260,0.887752,0.001021,0.004217,0.024658,0.001900,0.000823,0.018747,0.003814,0.056808,1,
0.000140,0.949774,0.000558,0.004578,0.003001,0.001122,0.000219,0.014609,0.002393,0.023607,1,
0.001528,0.000450,0.005199,0.056971,0.324573,0.006106,0.000553,0.206315,0.002675,0.395629,7,
0.009844,0.000000,0.857554,0.010418,0.006236,0.002569,0.110094,0.000062,0.000582,0.002640,2,
0.021993,0.459346,0.009716,0.148358,0.000011,0.098721,0.001027,0.019005,0.224962,0.016862,5,
0.017121,0.000908,0.395297,0.542580,0.000000,0.013888,0.001078,0.000069,0.029031,0.000028,3,
0.031398,0.426346,0.023999,0.112405,0.000006,0.105069,0.003710,0.005959,0.282052,0.009055,8,
0.003302,0.208799,0.002095,0.003941,0.407467,0.019207,0.007911,0.026744,0.031658,0.288877,4,
0.000816,0.653212,0.022291,0.012053,0.162096,0.003313,0.019896,0.015740,0.006091,0.104492,6,
0.158581,0.000000,0.660378,0.106007,0.000000,0.044721,0.011567,0.000035,0.018492,0.000218,2,
0.003191,0.114819,0.006373,0.004853,0.562278,0.013957,0.020466,0.017023,0.021583,0.235455,4,
0.001172,0.143395,0.001326,0.014899,0.258731,0.008829,0.000830,0.152781,0.010092,0.407945,9,
0.000138,0.900744,0.000763,0.003840,0.022849,0.001078,0.000477,0.019726,0.002105,0.048279,7,
0.005499,0.054083,0.005642,0.007756,0.495212,0.024538,0.013691,0.029825,0.032046,0.331709,4,
0.331414,0.000000,0.489272,0.009942,0.000000,0.063076,0.076140,0.000003,0.030046,0.000106,0,
0.033854,0.372957,0.021421,0.052604,0.001749,0.129624,0.015070,0.019307,0.269730,0.083684,0,
0.002911,0.049587,0.005368,0.010029,0.523901,0.013653,0.007620,0.042511,0.016114,0.328306,4,
0.000490,0.778872,0.000285,0.006992,0.015062,0.005066,0.000169,0.070823,0.008779,0.113462,9,
0.002881,0.003707,0.007751,0.021727,0.517656,0.011027,0.003891,0.068203,0.008040,0.355116,9,
0.000218,0.951946,0.001017,0.003608,0.004998,0.001475,0.000681,0.008704,0.003403,0.023950,1,
0.014954,0.081128,0.310024,0.502773,0.000000,0.024934,0.005087,0.001583,0.058340,0.001176,3,
0.001183,0.121302,0.001862,0.016963,0.291085,0.008256,0.001064,0.145629,0.009154,0.403503,9,
0.000989,0.000156,0.022368,0.000038,0.139549,0.000899,0.831900,0.000006,0.001634,0.002461,6,
0.000162,0.971382,0.000796,0.003130,0.001563,0.001097,0.000431,0.005654,0.002731,0.013053,1,
0.057396,0.235142,0.032822,0.033725,0.000107,0.159187,0.027318,0.002912,0.433824,0.017566,8,
0.166916,0.000411,0.007267,0.013400,0.000000,0.236695,0.001812,0.000051,0.573244,0.000204,0,
0.000485,0.253846,0.054800,0.004262,0.519274,0.001330,0.101734,0.003274,0.002530,0.058467,2,
0.010421,0.042900,0.002055,0.001790,0.521874,0.047715,0.021692,0.009994,0.076615,0.264944,4,
0.030168,0.452878,0.012311,0.055309,0.000026,0.115000,0.004100,0.006637,0.308594,0.014976,5,
0.049269,0.012397,0.037987,0.391142,0.000693,0.155322,0.003088,0.082577,0.154525,0.113001,8,
0.012233,0.717533,0.006206,0.018569,0.000342,0.055382,0.005156,0.007282,0.149599,0.027697,8,
0.038268,0.320134,0.090208,0.159228,0.000103,0.105079,0.018211,0.009801,0.234000,0.024967,0,
0.001340,0.002314,0.012431,0.049256,0.462515,0.004925,0.002018,0.122593,0.002882,0.339725,4,
0.001630,0.397173,0.001804,0.004060,0.302386,0.010393,0.004926,0.028828,0.018139,0.230660,9,
0.000758,0.088503,0.000283,0.014801,0.123394,0.007849,0.000108,0.323162,0.007706,0.433436,7,
0.002230,0.114995,0.005549,0.009006,0.500466,0.010983,0.008590,0.038258,0.014758,0.295164,4,
0.000387,0.920631,0.002017,0.002865,0.020132,0.002242,0.002801,0.006796,0.005305,0.036824,1,
0.003880,0.000329,0.051094,0.000975,0.565452,0.004962,0.336009,0.000340,0.005502,0.031456,6,
0.034203,0.004519,0.000127,0.000311,0.227070,0.194746,0.005520,0.005006,0.293717,0.234782,8,
0.000629,0.933601,0.002631,0.002563,0.011647,0.003272,0.004770,0.004071,0.008598,0.028219,1,
0.002988,0.000285,0.079736,0.010244,0.731254,0.004725,0.064664,0.004875,0.003257,0.097970,4,
0.011685,0.000067,0.003335,0.013180,0.473225,0.036091,0.002561,0.046718,0.016871,0.396266,5,
0.006701,0.319789,0.031708,0.003961,0.258204,0.020035,0.200556,0.003607,0.045780,0.109658,6,
0.031903,0.000000,0.241906,0.008121,0.628218,0.008067,0.052623,0.000369,0.000612,0.028180,6,
0.013209,0.000054,0.591102,0.013873,0.009012,0.009506,0.344690,0.000315,0.008268,0.009970,2,
0.006696,0.000622,0.014177,0.008793,0.684974,0.016801,0.019235,0.014190,0.012216,0.222296,4,
0.003913,0.247933,0.004999,0.001111,0.495550,0.015735,0.067977,0.003354,0.036097,0.123330,6,
0.002348,0.051402,0.109883,0.004035,0.400919,0.004566,0.362202,0.001537,0.008160,0.054948,2,
0.006127,0.001966,0.015689,0.000269,0.462384,0.010096,0.456906,0.000172,0.017501,0.028890,6,
0.027223,0.000000,0.093512,0.002808,0.693906,0.013534,0.127776,0.000359,0.003018,0.037864,6,
0.001173,0.270611,0.000252,0.007485,0.127912,0.012463,0.000252,0.169717,0.016484,0.393653,7,
0.083302,0.000000,0.001927,0.152823,0.084569,0.089347,0.000025,0.180781,0.002869,0.404355,0,
0.143478,0.000035,0.029337,0.188374,0.004169,0.282772,0.003947,0.047797,0.131756,0.168335,0,
0.001131,0.387224,0.006127,0.004847,0.391741,0.005520,0.013543,0.016698,0.009804,0.163363,4,
0.001812,0.047934,0.008047,0.016809,0.519500,0.008266,0.005957,0.059779,0.008844,0.323053,9,
0.001287,0.294790,0.000899,0.060293,0.009960,0.012049,0.000118,0.363873,0.014099,0.242632,8,
0.044731,0.312455,0.032532,0.096271,0.000003,0.128259,0.005968,0.003033,0.370880,0.005868,8,
0.001956,0.000036,0.094191,0.000558,0.385601,0.001643,0.503576,0.000080,0.001556,0.010801,6,
0.000360,0.960008,0.001446,0.003182,0.003033,0.002139,0.001305,0.004907,0.005510,0.018109,1,
0.008818,0.687880,0.021420,0.105081,0.000257,0.036778,0.003557,0.023212,0.077519,0.035478,3,
0.005405,0.018364,0.008948,0.004403,0.662004,0.018392,0.031978,0.010927,0.023423,0.216156,5,
0.000150,0.946810,0.001063,0.003005,0.009997,0.001011,0.000774,0.008614,0.002270,0.026305,1,
0.006191,0.051185,0.000194,0.011302,0.054658,0.061259,0.000204,0.221329,0.066999,0.526678,7,
0.000101,0.955686,0.000775,0.004552,0.003558,0.000751,0.000273,0.012224,0.001600,0.020479,1,
0.033722,0.001306,0.010357,0.072410,0.078500,0.116997,0.003980,0.117548,0.076601,0.488578,0,
0.015511,0.668588,0.029822,0.065733,0.000055,0.052115,0.007837,0.005961,0.140189,0.014189,8,
0.001678,0.339333,0.000279,0.020900,0.017550,0.018757,0.000106,0.278035,0.024590,0.298773,7,
0.003988,0.010735,0.025597,0.001870,0.687761,0.008932,0.163443,0.001767,0.013259,0.082648,6,
0.005632,0.406219,0.277091,0.254871,0.000004,0.011426,0.010012,0.002402,0.029615,0.002729,2,
0.000171,0.966594,0.000884,0.002665,0.003218,0.001133,0.000633,0.005610,0.002799,0.016293,1,
0.003534,0.425263,0.013924,0.018424,0.190390,0.016312,0.016345,0.038535,0.026725,0.250548,4,
0.003988,0.028778,0.018938,0.001116,0.634146,0.009710,0.211635,0.001218,0.017962,0.072508,6,
0.011274,0.583930,0.003606,0.059438,0.000665,0.069190,0.001100,0.055666,0.132397,0.082735,3,
0.025530,0.000195,0.147963,0.032140,0.406726,0.037356,0.114518,0.010484,0.023695,0.201394,4,
0.008390,0.136230,0.083317,0.012713,0.322533,0.021679,0.209791,0.007838,0.037545,0.159965,6,
0.001388,0.324333,0.013191,0.002051,0.479763,0.004928,0.071035,0.003614,0.010655,0.089043,6,
0.000055,0.959474,0.001308,0.007700,0.002102,0.000381,0.000210,0.013273,0.000766,0.014733,1,
0.036947,0.241610,0.006674,0.010631,0.016688,0.160024,0.023537,0.013312,0.338467,0.152109,8,
0.015298,0.000002,0.045623,0.002810,0.733387,0.015143,0.112676,0.000992,0.007086,0.066984,6,
0.025316,0.000048,0.034763,0.862455,0.000000,0.041075,0.000121,0.006562,0.027700,0.001959,3,
0.036375,0.007457,0.000377,0.139802,0.000043,0.270218,0.000028,0.200355,0.257918,0.087426,5,
0.005049,0.015090,0.000147,0.005392,0.170394,0.045792,0.000256,0.146751,0.043869,0.567260,9,
0.046806,0.123985,0.004771,0.009873,0.015688,0.205227,0.017586,0.014240,0.397913,0.163910,8,
0.004219,0.040733,0.002164,0.007728,0.434960,0.023270,0.004079,0.053648,0.027106,0.402093,4,
0.003060,0.773262,0.004904,0.021102,0.009567,0.017448,0.003092,0.033252,0.034008,0.100305,8,
0.023362,0.001962,0.003550,0.000149,0.474512,0.050654,0.297041,0.000242,0.093997,0.054531,0,
0.007676,0.325278,0.002914,0.014990,0.095190,0.047907,0.004621,0.068232,0.076316,0.356874,8,
0.002185,0.362418,0.000888,0.003499,0.265417,0.016012,0.002926,0.037366,0.027579,0.281711,4,
0.006910,0.315759,0.007127,0.011349,0.209122,0.034248,0.016248,0.034479,0.057834,0.306924,8,
0.002424,0.156616,0.000884,0.007206,0.284615,0.018332,0.001466,0.087367,0.024424,0.416666,9,
0.117418,0.007810,0.066440,0.138821,0.000300,0.257552,0.017002,0.011237,0.338806,0.044613,0,
0.110802,0.009206,0.117172,0.018608,0.001458,0.173181,0.220931,0.001148,0.322309,0.025186,2,
0.024931,0.264714,0.015277,0.013672,0.084835,0.098218,0.049329,0.018465,0.187182,0.243376,4,
0.022428,0.419821,0.042563,0.003791,0.002117,0.051658,0.256061,0.000505,0.185715,0.015340,6,
0.010510,0.543676,0.004419,0.079737,0.000946,0.064402,0.001072,0.078323,0.113839,0.103075,3,
0.021623,0.000000,0.060140,0.014444,0.747518,0.016390,0.020620,0.004077,0.002896,0.112292,6,
0.006609,0.000025,0.009609,0.029320,0.530725,0.016289,0.002652,0.056910,0.005930,0.341930,2,
0.002827,0.001455,0.029962,0.016218,0.702668,0.006954,0.019046,0.019171,0.005105,0.196592,2,
0.050922,0.001284,0.049310,0.009726,0.315485,0.095642,0.176754,0.005586,0.096422,0.198868,4,
0.047685,0.000013,0.002027,0.007358,0.333475,0.129693,0.003594,0.025158,0.056940,0.394057,0,
0.022128,0.070519,0.353777,0.425516,0.000000,0.033837,0.007559,0.001023,0.084682,0.000960,2,
0.012116,0.008822,0.262442,0.666689,0.000000,0.015870,0.001266,0.000586,0.031973,0.000234,3,
0.001970,0.865751,0.006561,0.016086,0.005360,0.009983,0.004004,0.015785,0.021669,0.052832,9,
0.018839,0.316565,0.022232,0.046835,0.040934,0.079161,0.020587,0.050228,0.129609,0.275010,0,
0.001829,0.862868,0.007258,0.002831,0.027700,0.007608,0.024455,0.003146,0.020801,0.041504,4,
0.011231,0.051250,0.003120,0.001607,0.534882,0.046365,0.039722,0.006712,0.080552,0.224559,4,
0.000543,0.938424,0.001282,0.011265,0.000656,0.003698,0.000374,0.014563,0.008328,0.020866,1,
0.000136,0.968865,0.016028,0.007129,0.000115,0.000442,0.003232,0.000743,0.001387,0.001923,2,
0.009819,0.597391,0.009465,0.088337,0.001170,0.051359,0.002244,0.056902,0.093744,0.089570,0,
0.018726,0.416911,0.009218,0.047626,0.007578,0.093965,0.006375,0.052393,0.167165,0.180044,0,
0.000568,0.142826,0.000151,0.011700,0.089423,0.006873,0.000060,0.345641,0.007256,0.395502,7,
0.018396,0.017658,0.331393,0.549931,0.000000,0.024244,0.003008,0.000591,0.054424,0.000355,3,
0.004491,0.756619,0.006032,0.008754,0.025417,0.022275,0.011414,0.013964,0.049783,0.101250,8,
0.005440,0.053437,0.038664,0.812695,0.000005,0.018040,0.000344,0.037246,0.023772,0.010357,3,
0.000103,0.983399,0.000421,0.001450,0.000982,0.000727,0.000317,0.002865,0.002027,0.007709,1,
0.004722,0.000416,0.001870,0.021566,0.332007,0.020910,0.000731,0.129501,0.010714,0.477565,9,
0.007002,0.428439,0.002362,0.264525,0.000021,0.049990,0.000087,0.128347,0.081994,0.037235,3,
0.011990,0.051006,0.000438,0.001552,0.334338,0.078685,0.004840,0.021241,0.123061,0.372849,9,
0.005960,0.042747,0.000600,0.004753,0.313149,0.041770,0.001783,0.064468,0.050903,0.473866,9,
0.221122,0.000130,0.137480,0.026004,0.000389,0.229101,0.117441,0.000676,0.253868,0.013787,6,
0.038339,0.075437,0.056790,0.518558,0.000000,0.097135,0.001309,0.005877,0.203296,0.003259,3,
0.090228,0.013067,0.082093,0.190411,0.001433,0.218463,0.019649,0.026295,0.261757,0.096605,5,
0.051970,0.000008,0.001020,0.037822,0.044146,0.185519,0.000302,0.140120,0.060460,0.478636,5,
0.002266,0.095678,0.005628,0.009875,0.504430,0.011091,0.007906,0.041916,0.014289,0.306922,0,
0.009394,0.190210,0.064619,0.004473,0.177764,0.022480,0.397006,0.002144,0.051345,0.080564,6,
0.000702,0.636260,0.000897,0.003393,0.152146,0.005308,0.001753,0.030058,0.009764,0.159719,1,
0.003006,0.000014,0.061987,0.039858,0.682146,0.004729,0.009718,0.023448,0.001632,0.173461,2,
0.000362,0.971622,0.001256,0.002872,0.000967,0.002105,0.001035,0.003151,0.005927,0.010702,1,
0.000835,0.544541,0.002056,0.041293,0.022043,0.006604,0.000395,0.179406,0.008934,0.193893,3,
0.001213,0.458883,0.001060,0.005118,0.209665,0.009120,0.001919,0.048948,0.015070,0.249003,4,
0.002506,0.220650,0.000190,0.100219,0.000218,0.030817,0.000011,0.491902,0.037411,0.116076,3,
0.146452,0.000199,0.096827,0.009211,0.020860,0.175132,0.315435,0.001055,0.183661,0.051168,0,
0.016672,0.026782,0.226044,0.018807,0.126439,0.029575,0.410442,0.003971,0.045002,0.096265,6,
0.002917,0.000299,0.027029,0.000156,0.310141,0.003304,0.640806,0.000044,0.005060,0.010243,6,
0.005049,0.000558,0.006013,0.019441,0.506312,0.017173,0.003199,0.060519,0.009949,0.371788,4,
0.001248,0.039588,0.000395,0.015432,0.160361,0.011237,0.000174,0.279440,0.010107,0.482016,7,
0.012132,0.368646,0.146030,0.011799,0.008973,0.025341,0.327604,0.001437,0.069161,0.028878,6,
0.002450,0.036804,0.030013,0.002451,0.678363,0.006099,0.146135,0.002418,0.010070,0.085198,6,
0.000098,0.962011,0.000771,0.007461,0.000793,0.000741,0.000140,0.013058,0.001584,0.013342,1,
0.008023,0.401448,0.019356,0.031746,0.099580,0.035311,0.019464,0.047677,0.057571,0.279824,0,
0.016566,0.282982,0.004585,0.009344,0.101730,0.085045,0.016126,0.028500,0.155890,0.299232,5,
0.003239,0.001653,0.046225,0.001258,0.606417,0.005057,0.287649,0.000584,0.006531,0.041388,6,
0.000512,0.002545,0.897584,0.016732,0.000068,0.000402,0.080877,0.000066,0.000702,0.000513,2,
0.001572,0.048899,0.000077,0.007427,0.096099,0.019102,0.000061,0.299170,0.018920,0.508672,7,
0.030413,0.243217,0.009145,0.022838,0.025425,0.137901,0.016625,0.031883,0.247859,0.234695,8,
0.005323,0.578987,0.081861,0.262985,0.000011,0.015756,0.003178,0.008661,0.036261,0.006979,2,
0.006228,0.060892,0.000267,0.007625,0.115369,0.056332,0.000465,0.145141,0.066374,0.541307,5,
0.000724,0.054332,0.000350,0.018284,0.127723,0.007042,0.000103,0.351074,0.006272,0.434095,7,
0.001018,0.096486,0.000081,0.010061,0.059036,0.013293,0.000041,0.370376,0.013839,0.435769,7,
0.033267,0.014747,0.001965,0.006684,0.149920,0.158373,0.008245,0.030865,0.194942,0.400992,8,
0.026371,0.361832,0.003193,0.089884,0.000022,0.146585,0.000564,0.028196,0.315646,0.027708,8,
0.002138,0.102482,0.002240,0.011107,0.372653,0.013297,0.002510,0.082764,0.016060,0.394749,9,
0.000658,0.088283,0.000164,0.013027,0.095279,0.007597,0.000060,0.366394,0.007416,0.421123,7,
0.002148,0.002540,0.094426,0.000768,0.190563,0.002612,0.689303,0.000131,0.004404,0.013104,6,
0.002621,0.017200,0.000736,0.013590,0.248338,0.018680,0.000509,0.171253,0.016194,0.510880,7,
0.000305,0.968885,0.001725,0.002879,0.002105,0.001694,0.001502,0.003353,0.004591,0.012960,1,
0.004305,0.000388,0.052165,0.003450,0.722909,0.006657,0.130375,0.001762,0.005845,0.072143,2,
0.000124,0.925882,0.000580,0.018075,0.000336,0.001088,0.000047,0.034636,0.002045,0.017186,1,
0.045903,0.000003,0.003606,0.003855,0.555459,0.088481,0.009628,0.007996,0.035594,0.249477,0,
0.001730,0.039581,0.035733,0.000919,0.535992,0.003609,0.336156,0.000587,0.007372,0.038321,6,
0.008349,0.187021,0.000632,0.078808,0.001518,0.077402,0.000111,0.323251,0.097984,0.224925,3,
0.000306,0.937983,0.002411,0.001234,0.022309,0.001525,0.006336,0.002205,0.004240,0.021452,1,
0.023671,0.261018,0.105805,0.023575,0.050314,0.060785,0.219140,0.007753,0.124113,0.123826,6,
0.010182,0.097243,0.000693,0.008174,0.124533,0.076093,0.001669,0.087826,0.103287,0.490300,9,
0.320023,0.000002,0.030482,0.122557,0.000000,0.301557,0.001113,0.000445,0.222839,0.000982,0,
0.001893,0.138188,0.000656,0.009094,0.236509,0.015679,0.000739,0.131937,0.019194,0.446110,7,
0.054981,0.000606,0.040209,0.695082,0.000000,0.077168,0.000123,0.000424,0.131312,0.000094,3,
0.000357,0.861436,0.001561,0.003443,0.046490,0.002327,0.001969,0.013722,0.004861,0.063835,9,
0.000225,0.970035,0.001058,0.002017,0.003083,0.001368,0.001106,0.003476,0.003678,0.013955,1,
0.001073,0.272137,0.000462,0.014767,0.088714,0.010622,0.000244,0.224686,0.013151,0.374144,7,
0.000969,0.003268,0.046863,0.044900,0.628460,0.002643,0.008496,0.049755,0.001758,0.212887,4,
0.000787,0.220323,0.000161,0.008515,0.104970,0.009319,0.000108,0.246699,0.011228,0.397889,9,
0.003648,0.000950,0.046808,0.001264,0.610742,0.005419,0.282926,0.000558,0.006517,0.041168,6,
0.032758,0.166636,0.024264,0.085190,0.015913,0.132573,0.013894,0.066879,0.194948,0.266945,5,
0.006582,0.503263,0.158246,0.260788,0.000006,0.015962,0.006494,0.004467,0.039646,0.004545,2,
0.005887,0.139391,0.061651,0.001793,0.119721,0.012129,0.591583,0.000601,0.031714,0.035531,6,
0.045687,0.240940,0.035293,0.183362,0.000003,0.136988,0.003625,0.006135,0.340117,0.007849,5,
0.016675,0.000113,0.046497,0.000690,0.249791,0.018111,0.620801,0.000164,0.020899,0.026259,6,
0.019640,0.082381,0.029978,0.672377,0.000000,0.062653,0.000421,0.015240,0.112311,0.004999,3,
0.001819,0.226332,0.014756,0.002247,0.549878,0.006185,0.081591,0.003829,0.012658,0.100705,0,
0.007937,0.006021,0.011816,0.002107,0.699669,0.020708,0.082885,0.003394,0.027052,0.138412,6,
0.014903,0.595176,0.026375,0.017261,0.015670,0.053284,0.049297,0.009664,0.123550,0.094818,4,
0.035754,0.229510,0.209112,0.076733,0.003522,0.080700,0.131614,0.007804,0.165341,0.059910,3,
0.012076,0.184694,0.108111,0.586595,0.000001,0.030756,0.001932,0.008027,0.063613,0.004196,3,
0.003803,0.804481,0.005180,0.002684,0.031327,0.016919,0.025676,0.003916,0.046424,0.059590,6,
0.002053,0.503735,0.001221,0.004385,0.174714,0.014510,0.003243,0.034872,0.026287,0.234980,9,
0.005263,0.010129,0.086207,0.869168,0.000000,0.009947,0.000238,0.002367,0.016212,0.000468,3,
0.001544,0.048367,0.000331,0.012339,0.164089,0.014303,0.000200,0.247026,0.013757,0.498044,7,
0.003499,0.004238,0.001007,0.015545,0.280325,0.020930,0.000600,0.151648,0.014998,0.507210,5,
0.000072,0.937050,0.000520,0.001612,0.021697,0.000554,0.000485,0.008623,0.001217,0.028168,1,
0.045565,0.238873,0.013732,0.112966,0.000003,0.160847,0.001965,0.006246,0.411696,0.008107,8,
0.003196,0.287026,0.031982,0.006492,0.397301,0.010374,0.097334,0.007549,0.019868,0.138877,6,
0.000180,0.977195,0.000657,0.002145,0.001132,0.001195,0.000486,0.003614,0.003245,0.010152,1,
0.002554,0.917627,0.010061,0.007785,0.000475,0.009588,0.009292,0.002002,0.029776,0.010841,8,
0.004315,0.021235,0.000331,0.007147,0.222182,0.034629,0.000486,0.133497,0.034086,0.542093,7,
0.005152,0.135727,0.001219,0.003291,0.390056,0.032046,0.005982,0.029824,0.050764,0.345938,9,
0.001900,0.344221,0.015656,0.001362,0.406782,0.006082,0.138797,0.001842,0.014941,0.068418,6,
0.018846,0.283238,0.010845,0.023318,0.066008,0.086886,0.018399,0.041338,0.147278,0.303843,5,
0.045688,0.004727,0.040504,0.003688,0.216419,0.086828,0.359135,0.001886,0.127325,0.113800,6,
0.000038,0.931073,0.010604,0.000219,0.011288,0.000102,0.044256,0.000070,0.000420,0.001930,2,
0.000856,0.285841,0.000178,0.010003,0.069927,0.010150,0.000107,0.247597,0.012776,0.362564,7,
0.000150,0.927781,0.000672,0.004680,0.008091,0.001191,0.000313,0.018900,0.002397,0.035824,1,
0.018481,0.159194,0.509068,0.175961,0.000001,0.025793,0.029815,0.000451,0.080303,0.000934,2,
0.087283,0.012147,0.012047,0.194137,0.000001,0.253194,0.000784,0.006880,0.427036,0.006490,5,
0.011428,0.204779,0.009924,0.012950,0.228641,0.051104,0.025011,0.032341,0.082749,0.341073,5,
0.008099,0.775641,0.007556,0.018203,0.001354,0.037191,0.006617,0.010227,0.092345,0.042767,8,
0.004651,0.111137,0.002593,0.007288,0.379680,0.026293,0.006225,0.045660,0.036587,0.379887,8,
0.026337,0.000162,0.739053,0.080169,0.000475,0.022040,0.102423,0.000889,0.020334,0.008118,2,
0.026619,0.250111,0.011502,0.003871,0.112626,0.095236,0.114738,0.005253,0.221905,0.158139,9,
0.026377,0.339027,0.008906,0.206234,0.000006,0.120652,0.000680,0.024576,0.256596,0.016946,2,
0.003886,0.069844,0.013984,0.000932,0.600276,0.010703,0.200286,0.001272,0.022720,0.076098,6,
0.002686,0.083525,0.000182,0.006071,0.164260,0.027245,0.000277,0.164992,0.031906,0.518856,7,
0.000063,0.978913,0.000706,0.004803,0.000418,0.000447,0.000136,0.006354,0.001059,0.007102,1,
0.037608,0.111319,0.001753,0.062360,0.000417,0.234168,0.000634,0.072893,0.366511,0.112339,5,
0.004499,0.000952,0.021406,0.011063,0.705264,0.010961,0.021681,0.014718,0.008156,0.201301,4,
0.050482,0.132035,0.004165,0.066901,0.000014,0.226010,0.001057,0.012829,0.486971,0.019536,8,
0.107982,0.005257,0.004818,0.003360,0.001548,0.282495,0.029079,0.001252,0.532498,0.031709,0,
0.100166,0.006996,0.007827,0.065671,0.000134,0.324552,0.002653,0.014599,0.434571,0.042830,5,
0.002122,0.002897,0.052847,0.010150,0.741839,0.004528,0.050800,0.007805,0.004104,0.122908,2,
0.002662,0.726993,0.002278,0.025970,0.006560,0.018546,0.000998,0.063338,0.033119,0.119536,0,
0.005758,0.036000,0.005327,0.003978,0.602684,0.023157,0.022585,0.014169,0.032065,0.254276,4,
0.003690,0.000010,0.085070,0.905403,0.000000,0.002531,0.000012,0.000024,0.003259,0.000002,3,
0.000124,0.949754,0.000573,0.005493,0.002330,0.001000,0.000174,0.016339,0.002084,0.022129,1,
0.000767,0.858209,0.001021,0.031680,0.000454,0.006204,0.000134,0.053179,0.011570,0.036782,1,
0.003680,0.061171,0.005657,0.006304,0.564437,0.016276,0.014031,0.024288,0.021877,0.282279,4,
0.009020,0.000889,0.025920,0.722157,0.000323,0.026981,0.000318,0.135303,0.015561,0.063528,5,
0.007092,0.000012,0.052257,0.009600,0.757858,0.009365,0.040907,0.004735,0.004242,0.113934,4,
0.010601,0.511070,0.016423,0.184530,0.000440,0.050726,0.001877,0.066487,0.087713,0.070133,3,
0.000145,0.960829,0.000517,0.003357,0.002460,0.001126,0.000260,0.009789,0.002577,0.018940,1,
0.000571,0.122648,0.000188,0.013290,0.096633,0.006587,0.000067,0.352468,0.006718,0.400830,7,
0.208116,0.000415,0.047979,0.019872,0.000062,0.276880,0.042111,0.000571,0.395882,0.008112,0,
0.000081,0.983348,0.000394,0.001841,0.000774,0.000594,0.000205,0.003683,0.001578,0.007502,1,
0.013422,0.000002,0.028758,0.013216,0.723584,0.018042,0.016474,0.008941,0.005789,0.171773,4,
0.004555,0.006237,0.009136,0.009531,0.624451,0.015651,0.013060,0.024845,0.014723,0.277811,7,
0.010020,0.685489,0.010154,0.034092,0.002829,0.047358,0.006452,0.023412,0.100542,0.079651,7,
0.010584,0.020677,0.701628,0.036100,0.000066,0.011288,0.191122,0.000250,0.025898,0.002388,2,
0.005514,0.088287,0.000207,0.008018,0.083699,0.054600,0.000322,0.169171,0.066833,0.523351,9,
0.007087,0.260102,0.006800,0.032559,0.101753,0.039238,0.005518,0.098761,0.055029,0.393153,5,
0.001612,0.015326,0.000031,0.006422,0.063505,0.021534,0.000021,0.369952,0.017968,0.503629,7,
0.002537,0.247125,0.004666,0.003558,0.471075,0.012204,0.018742,0.014382,0.021793,0.203919,4,
0.003968,0.870425,0.028411,0.031978,0.000033,0.012439,0.006853,0.002103,0.038520,0.005269,2,
0.000098,0.986377,0.000623,0.000615,0.002022,0.000573,0.001091,0.000986,0.001847,0.005768,1,
0.002074,0.409584,0.002144,0.009148,0.188637,0.013886,0.003102,0.058928,0.021988,0.290509,4,
0.005400,0.004412,0.018451,0.000469,0.536638,0.009943,0.366807,0.000344,0.017218,0.040318,6,
0.006277,0.078966,0.001541,0.003412,0.439586,0.035458,0.007685,0.026510,0.052752,0.347811,9,
0.024975,0.022645,0.045820,0.001264,0.027115,0.042043,0.707439,0.000246,0.106353,0.022100,6,
0.003661,0.007861,0.000505,0.011318,0.231040,0.026004,0.000410,0.163030,0.020823,0.535348,9,
0.399614,0.000000,0.002316,0.035675,0.003240,0.417734,0.000272,0.011992,0.044581,0.084576,0,
0.005102,0.001916,0.014078,0.009373,0.677297,0.014255,0.018778,0.016823,0.011803,0.230574,4,
0.001984,0.402479,0.002374,0.002754,0.341920,0.011246,0.010335,0.015508,0.021678,0.189720,4,
0.004584,0.019939,0.009960,0.005414,0.661056,0.015763,0.028075,0.013133,0.019500,0.222576,4,
0.004268,0.039164,0.010293,0.004098,0.661889,0.014840,0.039524,0.009638,0.021255,0.195031,4,
0.001019,0.398092,0.014224,0.000823,0.384231,0.003173,0.144629,0.001039,0.008479,0.044291,6,
0.007801,0.165071,0.003118,0.016031,0.165607,0.046656,0.004638,0.081713,0.064707,0.444658,0,
0.004312,0.221581,0.001363,0.002661,0.379346,0.026423,0.007957,0.021854,0.046750,0.287753,4,
0.040504,0.046786,0.470778,0.226327,0.000000,0.048986,0.019311,0.000271,0.146567,0.000470,2,
0.019640,0.058037,0.003012,0.005773,0.253651,0.094960,0.015257,0.025808,0.141092,0.382769,8,
0.023663,0.109748,0.005851,0.116138,0.004997,0.131739,0.001569,0.166018,0.164749,0.275527,3,
0.000101,0.185277,0.000025,0.009300,0.022833,0.001825,0.000004,0.555959,0.001837,0.222840,7,
0.084743,0.043679,0.013057,0.038954,0.000001,0.214708,0.004001,0.000973,0.597099,0.002784,8,
0.038191,0.187058,0.005924,0.062290,0.001425,0.192586,0.003060,0.051006,0.326664,0.131794,5,
0.040163,0.153795,0.330342,0.195098,0.000000,0.062297,0.024530,0.000672,0.191719,0.001383,2,
0.006731,0.001012,0.024866,0.000898,0.624851,0.011156,0.263171,0.000582,0.014206,0.052526,6,
0.000787,0.067211,0.000274,0.026585,0.046156,0.008361,0.000053,0.464134,0.007532,0.378906,7,
0.017028,0.091076,0.003146,0.016950,0.111833,0.095035,0.005605,0.072568,0.128277,0.458482,5,
0.001055,0.257253,0.009092,0.009732,0.459011,0.004995,0.010571,0.030603,0.007430,0.210257,4,
0.005940,0.000010,0.026605,0.029702,0.652295,0.010678,0.006665,0.028446,0.003634,0.236023,7,
0.030747,0.083414,0.022303,0.146702,0.011713,0.127697,0.006640,0.116723,0.155231,0.298829,5,
0.000829,0.338709,0.000145,0.007220,0.078686,0.010100,0.000117,0.202785,0.013525,0.347883,7,
0.001882,0.000023,0.105034,0.000576,0.378055,0.001486,0.501566,0.000073,0.001320,0.009984,6,
0.212960,0.000057,0.021923,0.064528,0.000565,0.373648,0.006969,0.007931,0.262561,0.048858,5,
0.000918,0.122195,0.000495,0.014522,0.165428,0.008557,0.000240,0.245451,0.009098,0.433097,9,
0.015630,0.566701,0.046554,0.018014,0.015199,0.048518,0.088100,0.006760,0.116122,0.078402,0,
0.009937,0.000000,0.146619,0.011940,0.717643,0.006147,0.045815,0.001753,0.001235,0.058911,6,
0.008577,0.013640,0.009453,0.001040,0.656736,0.022922,0.139260,0.001742,0.038149,0.108480,6,
0.000602,0.211396,0.000472,0.014279,0.141689,0.005922,0.000200,0.244356,0.006719,0.374365,7,
0.000061,0.966256,0.018281,0.009435,0.000153,0.000203,0.002070,0.001049,0.000574,0.001920,2,
0.028588,0.522185,0.081054,0.032012,0.000006,0.060500,0.039003,0.000543,0.233270,0.002839,5,
0.013731,0.000010,0.028390,0.005240,0.750675,0.018950,0.047792,0.003400,0.009283,0.122529,5,
0.002096,0.458246,0.006585,0.014864,0.183299,0.011443,0.006899,0.049038,0.018248,0.249282,4,
0.001946,0.473426,0.001171,0.004683,0.187431,0.013993,0.002858,0.039709,0.024553,0.250230,4,
0.000413,0.929790,0.004768,0.002449,0.019595,0.001891,0.008261,0.003054,0.004951,0.024828,1,
0.049536,0.074650,0.006319,0.049924,0.004260,0.229928,0.004618,0.051407,0.338939,0.190419,5,
0.052428,0.128455,0.006610,0.001735,0.010071,0.164460,0.109561,0.001140,0.477461,0.048078,0,
0.000490,0.974044,0.001610,0.003457,0.000258,0.002594,0.001089,0.002069,0.007968,0.006422,2,
0.002894,0.218212,0.019229,0.669100,0.000004,0.012479,0.000169,0.048561,0.019412,0.009939,1,
0.002219,0.000211,0.035765,0.000173,0.296006,0.002314,0.651325,0.000039,0.003343,0.008605,6,
0.101239,0.000938,0.015791,0.051685,0.022701,0.276087,0.011159,0.036438,0.218565,0.265396,0,
0.014091,0.000003,0.040758,0.005230,0.758139,0.015926,0.058500,0.002371,0.006694,0.098288,5,
0.002152,0.412197,0.001152,0.006267,0.181707,0.015943,0.002240,0.056260,0.026082,0.295999,9,
0.004874,0.006034,0.023767,0.001301,0.661518,0.010042,0.206804,0.001121,0.014880,0.069659,6,
0.000282,0.942557,0.001458,0.009166,0.001818,0.001901,0.000437,0.014823,0.004068,0.023490,1,
0.003694,0.084547,0.001709,0.006694,0.397738,0.022478,0.003708,0.054422,0.029254,0.395756,9,
0.000189,0.950144,0.001556,0.003466,0.008198,0.001168,0.001116,0.007359,0.002690,0.024114,1,
0.003958,0.004926,0.027894,0.004162,0.734967,0.009092,0.080704,0.004276,0.010385,0.119637,4,
0.000279,0.945446,0.001501,0.002461,0.011039,0.001675,0.001820,0.005548,0.004109,0.026124,1,
0.004497,0.385097,0.001061,0.006726,0.124340,0.033359,0.002576,0.056970,0.056401,0.328973,8,
0.001161,0.367166,0.001154,0.006840,0.240337,0.008777,0.001582,0.067993,0.013221,0.291769,9,
0.000959,0.510397,0.001531,0.007977,0.165666,0.007005,0.001699,0.060408,0.011120,0.233237,9,
0.004121,0.504425,0.002097,0.027524,0.022880,0.029958,0.001230,0.110900,0.046933,0.249932,3,
0.001092,0.171877,0.034012,0.003056,0.586310,0.003101,0.115615,0.003102,0.005944,0.075892,6,
0.013009,0.357320,0.003510,0.286516,0.000011,0.081298,0.000149,0.086339,0.141498,0.030349,3,
0.003883,0.034516,0.014725,0.000429,0.513180,0.008897,0.360384,0.000420,0.020215,0.043348,6,
0.039804,0.347380,0.012215,0.024194,0.000286,0.145519,0.013060,0.005653,0.381192,0.030698,8,
0.000113,0.000001,0.124935,0.000023,0.013060,0.000038,0.861666,0.000000,0.000043,0.000120,6,
0.025456,0.537411,0.061024,0.083504,0.000007,0.066572,0.012327,0.002284,0.205912,0.005504,8,
0.180356,0.000283,0.128746,0.141818,0.000404,0.256620,0.026270,0.006168,0.223506,0.035829,5,
0.000392,0.356847,0.000284,0.020639,0.031290,0.004558,0.000059,0.328270,0.005402,0.252258,7,
0.000290,0.950328,0.002299,0.001377,0.014334,0.001460,0.005002,0.002220,0.004078,0.018613,1,
0.000715,0.082372,0.000255,0.017090,0.093579,0.007622,0.000079,0.372147,0.007263,0.418877,7,
0.005318,0.016794,0.006756,0.005816,0.618764,0.019962,0.018085,0.018123,0.023378,0.267005,4,
0.001521,0.472746,0.000638,0.018271,0.032165,0.014331,0.000316,0.169764,0.020511,0.269737,7,
0.024589,0.000000,0.026480,0.008803,0.731352,0.027026,0.021460,0.004954,0.007382,0.147954,5,
0.003204,0.213705,0.000837,0.023344,0.055750,0.027663,0.000473,0.219781,0.034503,0.420741,9,
0.035911,0.320227,0.007823,0.071546,0.000058,0.158793,0.002362,0.016249,0.356969,0.030061,8,
0.007319,0.586775,0.011297,0.009969,0.077569,0.032161,0.028822,0.015679,0.067357,0.163052,5,
0.010224,0.000006,0.004552,0.027996,0.438211,0.026291,0.001189,0.074903,0.007701,0.408926,2,
0.002368,0.045529,0.024848,0.004502,0.698030,0.006847,0.072432,0.005996,0.010160,0.129285,6,
0.000223,0.965142,0.000561,0.002304,0.002518,0.001602,0.000483,0.005912,0.004052,0.017204,1,
0.018223,0.013826,0.231583,0.001714,0.000005,0.014623,0.654961,0.000005,0.064822,0.000239,6,
0.015032,0.074924,0.001638,0.036862,0.027805,0.102313,0.001061,0.175996,0.120164,0.444205,5,
0.004355,0.003131,0.000035,0.004980,0.085584,0.047756,0.000039,0.246478,0.034917,0.572725,5,
0.149254,0.000545,0.006150,0.007125,0.003759,0.347569,0.018796,0.003055,0.403098,0.060650,0,
0.000156,0.979775,0.000939,0.000690,0.003702,0.000853,0.002103,0.001072,0.002721,0.007989,1,
0.004118,0.019270,0.014192,0.004851,0.694471,0.012779,0.042827,0.009089,0.016363,0.182040,4,
0.024048,0.152402,0.498000,0.148012,0.000000,0.032573,0.037385,0.000353,0.106357,0.000872,2,
0.004873,0.013367,0.164899,0.046037,0.440479,0.010626,0.081716,0.021703,0.010417,0.205883,2,
0.003054,0.057270,0.019956,0.001946,0.659923,0.008430,0.136503,0.002494,0.015205,0.095220,6,
0.000211,0.491706,0.000162,0.008300,0.062859,0.002643,0.000061,0.207344,0.003468,0.223247,7,
0.009018,0.050503,0.014019,0.533151,0.000365,0.042510,0.000403,0.210039,0.043090,0.096901,3,
0.000139,0.956921,0.000780,0.001233,0.012708,0.000904,0.001193,0.003894,0.002315,0.019914,1,
0.003133,0.268569,0.000600,0.007451,0.147943,0.026648,0.001048,0.098760,0.039088,0.406760,9,
0.068333,0.000000,0.011567,0.002417,0.667701,0.069958,0.037208,0.001620,0.021274,0.119923,6,
0.001730,0.714827,0.002161,0.055650,0.001716,0.012899,0.000324,0.102224,0.021147,0.087321,8,
0.010392,0.000103,0.012812,0.008442,0.679543,0.022743,0.016787,0.012486,0.013185,0.223506,6,
0.000328,0.336583,0.000089,0.007977,0.060481,0.004573,0.000039,0.287977,0.005626,0.296326,9,
0.000585,0.337511,0.000124,0.006862,0.085263,0.007406,0.000088,0.217038,0.009675,0.335447,9,
0.007315,0.800967,0.005697,0.010684,0.001438,0.033715,0.007459,0.006608,0.090515,0.035601,8,
0.000792,0.275886,0.002141,0.014130,0.267848,0.005587,0.001330,0.109066,0.007164,0.316055,9,
0.001593,0.926991,0.006938,0.009053,0.001306,0.007014,0.005109,0.004484,0.018794,0.018717,3,
0.000831,0.099593,0.000188,0.012096,0.107276,0.009291,0.000086,0.322017,0.009487,0.439135,7,
0.001033,0.797903,0.018008,0.039380,0.014821,0.004794,0.004609,0.033526,0.008422,0.077505,2,
0.002505,0.839571,0.008343,0.070858,0.000101,0.012447,0.000886,0.019569,0.027156,0.018564,3,
0.008586,0.549292,0.018625,0.024589,0.051257,0.036813,0.022770,0.028858,0.068942,0.190268,8,
0.008469,0.404543,0.006984,0.066548,0.014431,0.049227,0.002663,0.119522,0.073658,0.253956,8,
0.000067,0.961332,0.000568,0.004800,0.002046,0.000531,0.000141,0.013170,0.001113,0.016232,1,
0.005152,0.397055,0.003485,0.026606,0.056384,0.033289,0.002685,0.102002,0.050178,0.323163,4,
0.002904,0.171747,0.037475,0.728160,0.000002,0.010261,0.000282,0.026501,0.016650,0.006017,3,
0.003125,0.003890,0.015469,0.015396,0.643005,0.009723,0.011833,0.030014,0.007950,0.259594,4,
0.002425,0.000006,0.003339,0.188861,0.050220,0.008174,0.000060,0.433988,0.001743,0.311184,3,
0.000661,0.021319,0.000140,0.016109,0.082107,0.007208,0.000034,0.446247,0.005539,0.420636,3,
0.000033,0.916910,0.000448,0.006480,0.007823,0.000309,0.000073,0.036086,0.000525,0.031312,1,
0.000998,0.306624,0.003406,0.010324,0.333405,0.006099,0.003357,0.058827,0.008704,0.268255,7,
0.293283,0.000001,0.005414,0.046033,0.000046,0.437184,0.000863,0.003866,0.196300,0.017012,0,
0.023254,0.000008,0.004321,0.008901,0.541655,0.053007,0.004826,0.021240,0.020672,0.322116,4,
0.020189,0.000000,0.044720,0.025094,0.709817,0.017699,0.008948,0.009673,0.002736,0.161124,0,
0.003444,0.028336,0.004034,0.010642,0.492831,0.016609,0.005269,0.052182,0.017777,0.368875,4,
0.000454,0.825205,0.000313,0.014350,0.002158,0.004720,0.000073,0.079574,0.008201,0.064950,7,
0.026800,0.008395,0.153008,0.008237,0.086607,0.041594,0.546235,0.001500,0.064600,0.063023,6,
0.001929,0.214709,0.026426,0.000677,0.308525,0.004685,0.396440,0.000471,0.013095,0.033042,6,
0.000558,0.960096,0.005768,0.001941,0.002442,0.002167,0.010436,0.000948,0.007069,0.008574,4,
0.013858,0.139882,0.001698,0.046703,0.013842,0.099058,0.000856,0.187571,0.126803,0.369730,5,
0.000272,0.944088,0.006522,0.003239,0.012921,0.001183,0.006975,0.002962,0.003032,0.018806,2,
0.004899,0.000208,0.002111,0.024454,0.335400,0.020203,0.000685,0.131606,0.009269,0.471167,5,
0.005385,0.530581,0.018005,0.131587,0.004899,0.026749,0.002895,0.098149,0.041075,0.140676,3,
0.002207,0.017845,0.014536,0.465040,0.003035,0.010253,0.000281,0.335331,0.007488,0.143983,3,
0.002597,0.694252,0.023517,0.026448,0.050421,0.010967,0.015895,0.026706,0.020078,0.129119,2,
0.034945,0.179773,0.006255,0.033368,0.010289,0.172252,0.007127,0.046553,0.286964,0.222475,5,
0.003484,0.077431,0.000529,0.044178,0.017529,0.032242,0.000126,0.400047,0.032385,0.392050,7,
0.002610,0.273202,0.006048,0.002191,0.489269,0.011121,0.038767,0.006761,0.022539,0.147491,6,
0.013635,0.586740,0.031205,0.002780,0.001589,0.033252,0.189824,0.000393,0.129287,0.011295,6,
0.064842,0.000265,0.003785,0.544612,0.000000,0.197237,0.000036,0.021877,0.161693,0.005652,5,
0.001640,0.006746,0.004521,0.032310,0.378001,0.007922,0.001239,0.150427,0.005542,0.411651,9,
0.006808,0.000000,0.000972,0.939733,0.000000,0.013070,0.000000,0.035277,0.001914,0.002226,3,
0.000047,0.965758,0.000344,0.005041,0.000866,0.000415,0.000059,0.014419,0.000865,0.012187,1,
0.001324,0.000291,0.000235,0.026509,0.095910,0.009471,0.000028,0.428213,0.003882,0.434136,3,
0.019310,0.508896,0.007436,0.020066,0.006555,0.091781,0.010876,0.020253,0.197715,0.117112,8,
0.001577,0.011982,0.000264,0.014878,0.139219,0.014003,0.000107,0.304518,0.010658,0.502794,7,
0.036254,0.030412,0.494670,0.263306,0.000000,0.041555,0.014290,0.000236,0.118934,0.000342,2,
0.008966,0.420468,0.017505,0.384308,0.000009,0.039506,0.000533,0.037933,0.074512,0.016260,3,
0.000055,0.905108,0.000476,0.002682,0.029953,0.000471,0.000262,0.019155,0.000893,0.040944,1,
0.017123,0.478472,0.028261,0.241860,0.000008,0.062792,0.001812,0.015073,0.142284,0.012316,2,
0.004073,0.009241,0.000069,0.005507,0.116376,0.042321,0.000089,0.211442,0.036217,0.574665,7,
0.008678,0.003416,0.739048,0.110422,0.002342,0.010573,0.092395,0.002998,0.011871,0.018257,2,
0.004491,0.118469,0.002623,0.023807,0.161439,0.028937,0.001992,0.143232,0.034146,0.480864,3,
0.004453,0.731921,0.002210,0.056152,0.000360,0.030791,0.000412,0.058608,0.058993,0.056100,0,
0.003232,0.449130,0.002103,0.012563,0.101467,0.022221,0.002648,0.071491,0.035663,0.299482,8,
0.055960,0.001189,0.006253,0.009048,0.215501,0.170013,0.020266,0.018623,0.151997,0.351149,0,
0.000327,0.714036,0.000607,0.004396,0.091808,0.002820,0.000603,0.045036,0.004850,0.135518,8,
