0, 1, 2, 3, 4, 5, 6, 7, 8, 9, True
0.087791,0.035693,0.486901,0.033092,0.005458,0.077966,0.029986,0.005646,0.231209,0.006260,2,
0.001620,0.000361,0.003822,0.940858,0.000065,0.036037,0.000050,0.005611,0.007007,0.004569,3,
0.004488,0.000200,0.039834,0.946537,0.000006,0.005261,0.000015,0.000178,0.003412,0.000070,3,
0.190968,0.004492,0.010037,0.003345,0.002787,0.285625,0.015517,0.001835,0.480270,0.005123,8,
0.000809,0.003637,0.000623,0.011605,0.004542,0.017769,0.000019,0.851883,0.002030,0.107083,7,
0.076866,0.050664,0.052041,0.142681,0.001592,0.371735,0.016308,0.001848,0.275855,0.010409,0,
0.009417,0.008602,0.002277,0.033191,0.013914,0.747140,0.001465,0.016851,0.055486,0.111658,5,
0.001081,0.010770,0.000858,0.012296,0.033914,0.079621,0.000306,0.615217,0.004862,0.241077,7,
0.003130,0.004445,0.005162,0.004689,0.651083,0.033286,0.005440,0.001372,0.005709,0.285684,4,
0.000016,0.000673,0.005287,0.000757,0.970221,0.000409,0.004865,0.002618,0.000111,0.015042,4,
0.013026,0.013750,0.008335,0.028324,0.042604,0.792597,0.026214,0.003771,0.043175,0.028203,3,
0.000364,0.000333,0.067971,0.002142,0.019406,0.002089,0.905660,0.000414,0.000489,0.001132,6,
0.038799,0.005019,0.010594,0.269940,0.001724,0.224232,0.000943,0.283901,0.090909,0.073940,7,
0.002086,0.015430,0.892408,0.010820,0.009672,0.001502,0.052523,0.005167,0.008598,0.001795,2,
0.001574,0.000019,0.008098,0.000020,0.000268,0.003359,0.985219,0.000002,0.001410,0.000032,6,
0.001156,0.000019,0.004721,0.989312,0.000002,0.002293,0.000005,0.000025,0.002386,0.000082,3,
0.108989,0.007217,0.428049,0.236668,0.001363,0.046266,0.009876,0.003212,0.156125,0.002236,2,
0.002834,0.000053,0.000133,0.032506,0.000166,0.945891,0.000023,0.001337,0.007690,0.009366,3,
0.000278,0.000107,0.005860,0.000008,0.001439,0.000992,0.990321,0.000002,0.000857,0.000137,6,
0.000688,0.000616,0.000692,0.005533,0.031488,0.002424,0.000445,0.317978,0.032986,0.607151,9,
0.001001,0.978928,0.009063,0.000765,0.000294,0.001146,0.001699,0.001002,0.005394,0.000710,1,
0.001343,0.000030,0.003656,0.000253,0.966279,0.015490,0.002912,0.000164,0.000132,0.009739,4,
0.006539,0.616465,0.061920,0.056596,0.050608,0.037338,0.097821,0.019017,0.022617,0.031078,1,
0.000255,0.000949,0.000209,0.008986,0.025287,0.015408,0.000048,0.526249,0.002670,0.419939,7,
0.000331,0.000005,0.000125,0.002430,0.001971,0.002141,0.000001,0.871636,0.001040,0.120320,7,
0.140216,0.018278,0.102400,0.021467,0.015871,0.212780,0.046756,0.015018,0.402263,0.024951,0,
0.000614,0.945249,0.002988,0.005614,0.000699,0.001601,0.000197,0.034506,0.003336,0.005196,1,
0.002239,0.000006,0.001070,0.003682,0.000071,0.992298,0.000225,0.000013,0.000284,0.000113,5,
0.000986,0.003014,0.019288,0.000813,0.021968,0.015202,0.931572,0.000260,0.001845,0.005052,6,
0.040113,0.032770,0.020128,0.528913,0.002704,0.170661,0.002075,0.048318,0.129470,0.024849,3,
0.000845,0.000554,0.023834,0.000385,0.899152,0.001179,0.060062,0.000601,0.001396,0.011993,4,
0.002321,0.785489,0.008698,0.046622,0.027823,0.016732,0.003296,0.038686,0.016117,0.054218,1,
0.012351,0.003347,0.621274,0.008350,0.240883,0.009594,0.090886,0.003790,0.002637,0.006886,4,
0.001197,0.000419,0.050293,0.934375,0.000004,0.001104,0.000026,0.000162,0.012341,0.000079,3,
0.930409,0.000016,0.002884,0.002086,0.000026,0.062842,0.000761,0.000012,0.000834,0.000131,0,
0.005737,0.894977,0.011961,0.004427,0.000665,0.001307,0.000382,0.009320,0.062137,0.009088,3,
0.593751,0.003474,0.027712,0.227669,0.002356,0.113967,0.002954,0.004082,0.019207,0.004829,0,
0.183504,0.013134,0.022260,0.003763,0.002889,0.045897,0.096878,0.000604,0.619692,0.011380,8,
0.017746,0.000266,0.918426,0.001436,0.000068,0.000420,0.056848,0.000052,0.004667,0.000072,2,
0.885053,0.000710,0.006014,0.070003,0.000513,0.031806,0.000576,0.000926,0.003620,0.000780,0,
0.111928,0.018707,0.469465,0.019359,0.163394,0.107341,0.042499,0.008306,0.019432,0.039569,5,
0.001125,0.001492,0.000733,0.022246,0.040907,0.004788,0.000053,0.142216,0.011175,0.775266,9,
0.005863,0.001611,0.010901,0.878204,0.000138,0.001063,0.000095,0.065361,0.028987,0.007777,3,
0.000526,0.014216,0.001868,0.023509,0.071826,0.002712,0.000332,0.288285,0.005135,0.591592,9,
0.000010,0.000005,0.995283,0.000039,0.000012,0.000008,0.004639,0.000000,0.000003,0.000000,2,
0.012428,0.009386,0.170719,0.609896,0.014754,0.017901,0.005199,0.064323,0.065817,0.029577,3,
0.000537,0.001268,0.000644,0.102703,0.000638,0.000658,0.000181,0.672949,0.002825,0.217597,7,
0.000073,0.000178,0.001896,0.000349,0.955559,0.007903,0.002392,0.005969,0.000192,0.025488,4,
0.230482,0.000842,0.024943,0.010889,0.000912,0.047171,0.002565,0.003244,0.671845,0.007108,8,
0.002254,0.001829,0.872087,0.088552,0.001441,0.004269,0.023512,0.001010,0.004604,0.000442,2,
0.044430,0.009311,0.006237,0.203092,0.003000,0.024157,0.000784,0.010323,0.509734,0.188931,3,
0.000018,0.000047,0.000102,0.004818,0.001896,0.000105,0.000000,0.960394,0.000021,0.032598,7,
0.007918,0.000330,0.037874,0.913664,0.000095,0.022729,0.000151,0.000983,0.015863,0.000392,3,
0.089959,0.000903,0.001046,0.003508,0.001593,0.119026,0.000598,0.001201,0.751622,0.030545,8,
0.239771,0.008622,0.099407,0.021905,0.004149,0.100586,0.100706,0.001152,0.417347,0.006356,0,
0.001604,0.008775,0.000634,0.064326,0.002351,0.011074,0.000116,0.509277,0.022203,0.379640,9,
0.823189,0.002136,0.043266,0.003292,0.015065,0.039911,0.059352,0.002702,0.004462,0.006624,0,
0.005679,0.050967,0.005078,0.031627,0.089506,0.021273,0.001521,0.042520,0.054879,0.696949,9,
0.017725,0.027408,0.015840,0.044480,0.152023,0.528384,0.049463,0.015290,0.029370,0.120016,1,
0.000265,0.000231,0.992639,0.002920,0.000587,0.000426,0.002578,0.000005,0.000300,0.000049,2,
0.001004,0.000006,0.007833,0.000003,0.003399,0.000313,0.987028,0.000001,0.000339,0.000075,6,
0.016358,0.007425,0.169018,0.005214,0.460724,0.008817,0.297037,0.007626,0.009358,0.018424,2,
0.000022,0.000045,0.000072,0.007722,0.000577,0.000053,0.000001,0.966011,0.000106,0.025388,7,
0.058785,0.004651,0.052642,0.001214,0.003586,0.012625,0.741763,0.000286,0.120607,0.003842,6,
0.995467,0.000004,0.002669,0.000049,0.000002,0.000532,0.001163,0.000002,0.000112,0.000002,0,
0.000651,0.000003,0.543622,0.000294,0.000194,0.000031,0.455133,0.000023,0.000046,0.000004,2,
0.003786,0.003425,0.003827,0.005899,0.491893,0.023757,0.002286,0.017572,0.010171,0.437385,4,
0.009025,0.000243,0.004384,0.012072,0.000463,0.951286,0.003109,0.000079,0.017892,0.001447,5,
0.004383,0.012929,0.005952,0.076083,0.046414,0.040234,0.001058,0.455216,0.060056,0.297676,4,
0.002616,0.000140,0.344902,0.000575,0.002842,0.000277,0.645750,0.000026,0.002528,0.000345,6,
0.003399,0.022079,0.010610,0.215762,0.000964,0.005495,0.000275,0.700735,0.011679,0.029001,7,
0.403091,0.000547,0.065535,0.013471,0.008130,0.014491,0.104624,0.000606,0.360983,0.028521,8,
0.044048,0.016051,0.163435,0.429935,0.010883,0.076470,0.026855,0.009947,0.180106,0.042269,2,
0.167044,0.016155,0.074547,0.132663,0.001724,0.092417,0.006906,0.003180,0.494290,0.011074,3,
0.003576,0.000152,0.007794,0.962763,0.000009,0.020206,0.000007,0.000238,0.004890,0.000365,3,
0.000692,0.000065,0.133397,0.864945,0.000003,0.000050,0.000006,0.000105,0.000704,0.000033,3,
0.000492,0.000010,0.034619,0.000002,0.000650,0.000045,0.963913,0.000000,0.000250,0.000018,6,
0.000758,0.000681,0.005714,0.024299,0.051622,0.002406,0.000452,0.702404,0.001620,0.210045,7,
0.136777,0.000157,0.001135,0.004481,0.000052,0.007047,0.000029,0.000523,0.841133,0.008664,8,
0.000946,0.724682,0.008180,0.045581,0.021213,0.003364,0.000540,0.108102,0.004990,0.082403,1,
0.000045,0.000001,0.000486,0.000001,0.000058,0.001094,0.997915,0.000000,0.000390,0.000011,6,
0.008547,0.003304,0.067393,0.012124,0.611298,0.014583,0.022144,0.134244,0.007227,0.119136,7,
0.112813,0.004165,0.019178,0.018550,0.332046,0.293307,0.008952,0.044703,0.015986,0.150299,5,
0.000767,0.008350,0.002774,0.016305,0.457456,0.010003,0.000986,0.047392,0.010319,0.445648,9,
0.999347,0.000000,0.000047,0.000003,0.000000,0.000108,0.000009,0.000000,0.000486,0.000001,0,
0.018356,0.002853,0.004036,0.172512,0.002501,0.437321,0.001809,0.006690,0.302170,0.051753,3,
0.004523,0.006417,0.002685,0.013440,0.038682,0.051851,0.000191,0.518897,0.013622,0.349692,7,
0.001343,0.861861,0.017675,0.035042,0.018871,0.015695,0.017329,0.009725,0.007637,0.014822,1,
0.174927,0.004804,0.011932,0.021390,0.000351,0.021753,0.000651,0.001026,0.754730,0.008437,8,
0.481827,0.001707,0.018147,0.048762,0.001461,0.064355,0.003522,0.001380,0.369223,0.009614,2,
0.642980,0.003759,0.216920,0.062690,0.002852,0.046442,0.008951,0.002602,0.009551,0.003252,5,
0.000385,0.000618,0.010190,0.000085,0.020832,0.004766,0.960737,0.000045,0.000669,0.001672,6,
0.000983,0.003302,0.342383,0.000325,0.017930,0.001278,0.630029,0.000142,0.003013,0.000615,6,
0.166126,0.002477,0.003108,0.004835,0.001757,0.661429,0.002528,0.001923,0.150920,0.004897,5,
0.053519,0.028711,0.026342,0.162851,0.001706,0.443453,0.006507,0.001723,0.269398,0.005789,5,
0.000836,0.000696,0.005068,0.000099,0.896550,0.002717,0.075553,0.000065,0.001445,0.016970,4,
0.006230,0.004945,0.006215,0.203274,0.000217,0.767579,0.001328,0.000685,0.008559,0.000967,5,
0.080220,0.098925,0.040510,0.057235,0.018331,0.300056,0.023017,0.010736,0.327266,0.043704,1,
0.000254,0.000074,0.001608,0.165506,0.001278,0.000590,0.000064,0.798722,0.000484,0.031419,3,
0.961493,0.000085,0.000580,0.000231,0.000112,0.007219,0.000253,0.000084,0.029447,0.000495,0,
0.197355,0.000264,0.037413,0.030715,0.000359,0.020730,0.002309,0.000187,0.706579,0.004090,8,
0.000521,0.000142,0.987777,0.000978,0.000463,0.000515,0.009281,0.000018,0.000258,0.000047,2,
0.000375,0.002257,0.001590,0.000810,0.841638,0.013661,0.002765,0.004367,0.000831,0.131708,4,
0.078659,0.003122,0.008211,0.170418,0.005757,0.048652,0.000875,0.035441,0.438140,0.210724,8,
0.080588,0.111153,0.090623,0.003572,0.001313,0.013781,0.013555,0.001553,0.681195,0.002666,8,
0.169847,0.002360,0.037726,0.059817,0.002236,0.246353,0.008988,0.001168,0.458867,0.012638,0,
0.001184,0.000968,0.000931,0.005237,0.075936,0.002868,0.000057,0.031097,0.003497,0.878225,9,
0.005916,0.000781,0.773251,0.159967,0.000051,0.001025,0.002764,0.000051,0.056113,0.000081,2,
0.016767,0.000284,0.130043,0.000628,0.042547,0.002502,0.800999,0.000340,0.003950,0.001940,2,
0.010096,0.001697,0.029219,0.470734,0.003741,0.467033,0.004590,0.003010,0.007693,0.002187,5,
0.562433,0.000005,0.000814,0.005595,0.000003,0.430787,0.000008,0.000009,0.000333,0.000013,0,
0.871454,0.000085,0.004629,0.000768,0.008270,0.101615,0.007558,0.000355,0.001000,0.004266,0,
0.000065,0.000000,0.042888,0.000003,0.000301,0.000045,0.956692,0.000000,0.000005,0.000001,6,
0.000221,0.004711,0.001331,0.009200,0.294012,0.003102,0.000198,0.200124,0.001609,0.485493,4,
0.076837,0.000090,0.027510,0.000150,0.001961,0.003670,0.887950,0.000100,0.001503,0.000230,6,
0.003945,0.002035,0.010417,0.001068,0.808343,0.003792,0.046814,0.000357,0.010490,0.112741,4,
0.002883,0.362551,0.073240,0.409180,0.017384,0.012335,0.005356,0.058219,0.029131,0.029721,1,
0.000236,0.968126,0.003174,0.003024,0.002356,0.001602,0.000580,0.016000,0.000984,0.003917,1,
0.214699,0.003214,0.037956,0.022666,0.000331,0.020386,0.004416,0.000335,0.692408,0.003588,8,
0.000540,0.973208,0.003935,0.003572,0.000854,0.003341,0.000612,0.009603,0.002241,0.002094,1,
0.050913,0.003345,0.004602,0.094037,0.006603,0.257749,0.002318,0.010240,0.380577,0.189617,5,
0.006606,0.000044,0.006717,0.005020,0.000040,0.965745,0.007092,0.000028,0.008655,0.000053,5,
0.000002,0.000002,0.000013,0.002386,0.000031,0.000028,0.000000,0.993780,0.000018,0.003739,7,
0.014232,0.010725,0.032848,0.002386,0.664931,0.019611,0.144486,0.002730,0.010875,0.097178,8,
0.000002,0.000001,0.997781,0.000919,0.000011,0.000036,0.001215,0.000000,0.000033,0.000001,2,
0.000579,0.000048,0.000170,0.008111,0.001490,0.002841,0.000002,0.830883,0.001309,0.154568,7,
0.000212,0.000798,0.000424,0.004860,0.057936,0.001100,0.000028,0.121257,0.001924,0.811462,4,
0.040718,0.001633,0.004556,0.003861,0.173228,0.598886,0.002583,0.036417,0.024980,0.113138,5,
0.001321,0.000150,0.000908,0.001079,0.508088,0.006176,0.000632,0.001952,0.003797,0.475897,4,
0.005954,0.040773,0.006588,0.070168,0.241669,0.094558,0.002835,0.056352,0.048001,0.433103,9,
0.005865,0.001960,0.142388,0.837949,0.000046,0.001136,0.000132,0.000165,0.009777,0.000581,3,
0.018836,0.080513,0.065248,0.005204,0.407174,0.075763,0.261499,0.007298,0.037866,0.040597,4,
0.171988,0.000089,0.005678,0.021567,0.000081,0.004076,0.000148,0.000659,0.787244,0.008469,8,
0.000119,0.000145,0.020498,0.977814,0.000002,0.000044,0.000002,0.000541,0.000818,0.000018,3,
0.000598,0.007953,0.001671,0.010700,0.290053,0.011882,0.000379,0.100292,0.005215,0.571256,4,
0.148017,0.000235,0.004322,0.002218,0.000162,0.010404,0.000235,0.000240,0.832293,0.001875,8,
0.117588,0.006508,0.038624,0.055832,0.006640,0.012117,0.007171,0.002466,0.673885,0.079169,8,
0.000037,0.000112,0.060441,0.001417,0.001420,0.000324,0.936018,0.000150,0.000018,0.000062,6,
0.003400,0.010387,0.015259,0.004962,0.605339,0.004633,0.006095,0.006364,0.009501,0.334061,9,
0.000334,0.863372,0.006664,0.050382,0.001376,0.001736,0.000297,0.066831,0.001777,0.007231,1,
0.000117,0.000017,0.001910,0.000003,0.006063,0.001038,0.990326,0.000001,0.000199,0.000326,6,
0.000330,0.000145,0.015763,0.000084,0.016788,0.000953,0.964171,0.000050,0.000539,0.001177,6,
0.001020,0.006589,0.002756,0.014021,0.218350,0.004288,0.000394,0.056374,0.009203,0.687006,9,
0.021405,0.000330,0.725866,0.014107,0.000341,0.018356,0.202462,0.000240,0.016585,0.000308,2,
0.000018,0.000214,0.031584,0.000153,0.248639,0.000760,0.717527,0.000351,0.000046,0.000709,6,
0.000788,0.975587,0.003699,0.001816,0.000993,0.002889,0.000737,0.007341,0.003567,0.002584,1,
0.008875,0.003828,0.003852,0.052458,0.030376,0.043058,0.000337,0.247141,0.025911,0.584165,9,
0.732421,0.000079,0.035682,0.002242,0.000642,0.005444,0.006390,0.000083,0.208633,0.008384,0,
0.004534,0.000729,0.013575,0.000948,0.010604,0.010637,0.934080,0.000080,0.017729,0.007085,6,
0.000313,0.001642,0.946247,0.016226,0.000472,0.000593,0.032788,0.000666,0.000935,0.000118,2,
0.976946,0.000011,0.004871,0.001819,0.000528,0.014365,0.000627,0.000102,0.000094,0.000637,0,
0.019629,0.002601,0.006254,0.003032,0.147272,0.680946,0.006540,0.031367,0.049358,0.053002,5,
0.054007,0.001010,0.001467,0.001735,0.002625,0.763157,0.001061,0.018350,0.142921,0.013667,5,
0.000204,0.001429,0.000804,0.078800,0.000321,0.000794,0.000002,0.884338,0.000700,0.032606,7,
0.913168,0.000221,0.001747,0.007404,0.000200,0.050757,0.000199,0.000346,0.025488,0.000471,0,
0.000814,0.002456,0.000742,0.015400,0.040798,0.008770,0.000052,0.245959,0.003092,0.681919,9,
0.007620,0.007331,0.793146,0.001835,0.001315,0.002538,0.138851,0.000853,0.045797,0.000713,2,
0.862934,0.000841,0.004227,0.036946,0.000444,0.055584,0.000758,0.000635,0.036854,0.000776,5,
0.005490,0.025272,0.178630,0.458739,0.075124,0.009734,0.017690,0.155196,0.019205,0.054919,3,
0.010838,0.000790,0.017730,0.098011,0.006134,0.003998,0.000996,0.062719,0.633596,0.165188,8,
0.005798,0.901165,0.014633,0.010422,0.003931,0.017839,0.008627,0.004950,0.022794,0.009841,1,
0.007789,0.009434,0.013809,0.587324,0.000142,0.357425,0.000444,0.002461,0.019621,0.001549,5,
0.000473,0.000558,0.962873,0.027171,0.000046,0.000055,0.006947,0.000344,0.001507,0.000026,2,
0.000938,0.010724,0.006856,0.008998,0.572144,0.005515,0.001940,0.040215,0.006613,0.346058,9,
0.038422,0.006763,0.187802,0.661873,0.000660,0.081275,0.001445,0.001653,0.018822,0.001285,3,
0.154545,0.000652,0.017420,0.233764,0.000596,0.505107,0.000767,0.001591,0.081312,0.004246,3,
0.002088,0.158137,0.027760,0.058237,0.070594,0.013095,0.004278,0.611367,0.003863,0.050583,7,
0.000002,0.000000,0.001481,0.000000,0.000224,0.000056,0.998230,0.000000,0.000003,0.000004,6,
0.084253,0.000118,0.045647,0.001262,0.000960,0.004985,0.844379,0.000097,0.017689,0.000609,6,
0.033408,0.000366,0.001008,0.026106,0.001576,0.920945,0.000330,0.009031,0.000771,0.006461,7,
0.432099,0.001718,0.013737,0.002473,0.001428,0.103164,0.020663,0.001147,0.421917,0.001653,0,
0.140256,0.003418,0.008176,0.002715,0.004643,0.428510,0.006580,0.005318,0.388477,0.011906,8,
0.002000,0.000050,0.010951,0.000110,0.874701,0.094478,0.016368,0.000065,0.000191,0.001085,4,
0.000111,0.000097,0.001033,0.000194,0.915368,0.000333,0.000790,0.000459,0.000263,0.081351,9,
0.080878,0.006358,0.131916,0.009700,0.511708,0.020316,0.169551,0.010871,0.022132,0.036569,4,
0.008353,0.256020,0.018367,0.017916,0.378963,0.066384,0.026306,0.016263,0.025396,0.186032,4,
0.243532,0.002379,0.010265,0.021432,0.007512,0.445379,0.002211,0.007700,0.220627,0.038963,5,
0.000182,0.002845,0.927927,0.048225,0.000030,0.000099,0.020289,0.000060,0.000326,0.000017,2,
0.036687,0.016540,0.018083,0.047241,0.004274,0.522589,0.035798,0.000609,0.303160,0.015018,5,
0.001069,0.000023,0.045757,0.000025,0.006286,0.000219,0.945995,0.000013,0.000310,0.000303,6,
0.218663,0.003385,0.029575,0.145875,0.008630,0.083283,0.003980,0.018699,0.415040,0.072872,0,
0.032132,0.001064,0.005206,0.018309,0.000712,0.905549,0.001020,0.004046,0.028336,0.003628,5,
0.352407,0.006732,0.020943,0.008577,0.006556,0.385524,0.028291,0.004612,0.177934,0.008425,9,
0.000037,0.000661,0.000395,0.021288,0.002301,0.000336,0.000011,0.946409,0.000310,0.028252,7,
0.063181,0.000314,0.000933,0.000829,0.000598,0.114738,0.000659,0.000469,0.816074,0.002206,8,
0.456317,0.000980,0.007754,0.006288,0.000741,0.098690,0.001156,0.000655,0.425148,0.002270,0,
0.000096,0.000030,0.000061,0.007526,0.000342,0.000665,0.000002,0.930783,0.000181,0.060315,7,
0.001200,0.965941,0.003885,0.002792,0.000669,0.000911,0.000338,0.013875,0.006554,0.003835,1,
0.002419,0.002050,0.013635,0.002914,0.771813,0.004209,0.011668,0.003306,0.002590,0.185397,4,
0.002239,0.001096,0.019995,0.004995,0.792002,0.117881,0.008078,0.012034,0.001759,0.039920,4,
0.000177,0.000062,0.089572,0.000234,0.000407,0.000136,0.909383,0.000009,0.000015,0.000007,6,
0.831443,0.000108,0.001625,0.000628,0.000135,0.062206,0.002871,0.000110,0.100420,0.000455,0,
0.010785,0.837186,0.052656,0.010527,0.002720,0.010576,0.013439,0.003687,0.053318,0.005105,1,
0.001681,0.000032,0.082576,0.913168,0.000002,0.000706,0.000011,0.000021,0.001779,0.000025,3,
0.002125,0.001081,0.724309,0.021093,0.000446,0.002520,0.242505,0.000059,0.005597,0.000265,2,
0.103068,0.012706,0.044554,0.153953,0.003973,0.357054,0.007671,0.010412,0.279330,0.027279,8,
0.004298,0.841803,0.014736,0.031706,0.004000,0.013101,0.001630,0.055978,0.018253,0.014494,1,
0.001674,0.001764,0.001300,0.006370,0.109968,0.001522,0.000282,0.007613,0.022301,0.847205,9,
0.032203,0.226781,0.129335,0.011934,0.128233,0.242839,0.072095,0.032085,0.078103,0.046391,1,
0.009389,0.252322,0.065929,0.028260,0.341097,0.107707,0.017968,0.107241,0.009958,0.060128,5,
0.994888,0.000003,0.000015,0.000010,0.000002,0.004072,0.000002,0.000001,0.001008,0.000000,0,
0.000549,0.783998,0.013720,0.078063,0.004571,0.004045,0.000896,0.103752,0.002044,0.008362,1,
0.047372,0.011361,0.210912,0.596029,0.000587,0.081944,0.016556,0.000927,0.032999,0.001314,3,
0.102996,0.000318,0.001759,0.035121,0.000280,0.069954,0.000279,0.000651,0.782842,0.005801,5,
0.002057,0.000900,0.006295,0.001358,0.801414,0.140582,0.017796,0.001165,0.004221,0.024212,4,
0.001223,0.011295,0.001764,0.024920,0.042388,0.022416,0.000443,0.649391,0.006923,0.239236,9,
0.035475,0.164054,0.050687,0.168766,0.013670,0.367780,0.017228,0.027037,0.103213,0.052089,5,
0.156670,0.000050,0.001369,0.004014,0.000048,0.038553,0.000158,0.000078,0.797603,0.001456,8,
0.154599,0.056501,0.049033,0.024996,0.000891,0.026718,0.007384,0.000991,0.672275,0.006611,8,
0.038412,0.423798,0.138100,0.012397,0.127344,0.068537,0.053470,0.023945,0.066820,0.047177,1,
0.977522,0.000070,0.000294,0.000109,0.000072,0.012393,0.000255,0.000039,0.009191,0.000056,0,
0.161605,0.002429,0.030414,0.020179,0.000701,0.069271,0.003799,0.000193,0.708903,0.002506,8,
0.012091,0.010708,0.008473,0.066332,0.043399,0.723570,0.003369,0.033383,0.016318,0.082357,5,
0.988504,0.000006,0.006817,0.002152,0.000010,0.001681,0.000034,0.000008,0.000681,0.000106,0,
0.002686,0.000469,0.001962,0.001294,0.319620,0.001509,0.000254,0.003654,0.001483,0.667070,9,
0.000917,0.021416,0.012784,0.009596,0.778912,0.013232,0.007736,0.018456,0.002983,0.133967,4,
0.247597,0.000663,0.013994,0.005332,0.004230,0.041495,0.021067,0.000364,0.643383,0.021876,0,
0.179979,0.014294,0.053806,0.018020,0.005804,0.011511,0.032399,0.000936,0.647373,0.035879,0,
0.001313,0.961888,0.005932,0.005711,0.000756,0.001236,0.000512,0.012004,0.007171,0.003475,1,
0.073322,0.000348,0.012537,0.894483,0.000167,0.017351,0.000233,0.000304,0.001044,0.000212,3,
0.000279,0.000130,0.000306,0.030513,0.007243,0.005396,0.000024,0.599230,0.004120,0.352760,7,
0.003466,0.940739,0.021370,0.007024,0.000296,0.002456,0.001510,0.002617,0.019440,0.001082,1,
0.018587,0.002859,0.910023,0.041956,0.000129,0.000917,0.018097,0.000460,0.006817,0.000154,2,
0.001221,0.003240,0.001884,0.001771,0.612352,0.019905,0.002975,0.004011,0.005885,0.346755,4,
0.142321,0.001380,0.058379,0.004910,0.021995,0.077957,0.660809,0.001431,0.024156,0.006665,6,
0.954880,0.000008,0.002854,0.000253,0.000009,0.003717,0.000266,0.000003,0.037806,0.000204,0,
0.000213,0.772087,0.002611,0.060204,0.003806,0.005533,0.000108,0.133857,0.001882,0.019699,1,
0.001425,0.014829,0.006960,0.007726,0.564306,0.012049,0.003936,0.009991,0.007917,0.370861,4,
0.010592,0.000049,0.019772,0.001043,0.005859,0.006751,0.949706,0.000075,0.002259,0.003893,6,
0.010411,0.000030,0.763421,0.000758,0.001027,0.000487,0.223620,0.000035,0.000147,0.000063,6,
0.000502,0.000132,0.000273,0.008172,0.006771,0.005556,0.000004,0.719586,0.001444,0.257560,7,
0.988320,0.000007,0.000304,0.000826,0.000007,0.002633,0.000006,0.000015,0.007798,0.000084,0,
0.003086,0.000304,0.001742,0.009055,0.017158,0.011266,0.000096,0.604650,0.008146,0.344495,9,
0.023114,0.011530,0.086627,0.059465,0.362877,0.032528,0.005047,0.093615,0.007099,0.318098,3,
0.003197,0.005047,0.004161,0.825844,0.000133,0.133115,0.000107,0.010425,0.013436,0.004534,3,
0.181615,0.012347,0.306096,0.032997,0.068219,0.020488,0.168088,0.006438,0.143901,0.059811,2,
0.002232,0.900889,0.016571,0.044780,0.000457,0.000816,0.000574,0.011068,0.018474,0.004139,1,
0.998251,0.000000,0.000229,0.000008,0.000000,0.000461,0.000338,0.000000,0.000712,0.000000,0,
0.027343,0.000004,0.000125,0.003125,0.000003,0.960690,0.000008,0.000030,0.008557,0.000115,5,
0.008878,0.908493,0.027949,0.001837,0.000257,0.005536,0.006941,0.000735,0.038552,0.000821,1,
0.006541,0.002898,0.117628,0.841610,0.000106,0.004165,0.000271,0.005692,0.020181,0.000909,3,
0.024269,0.030933,0.704896,0.122702,0.003349,0.024210,0.076627,0.001933,0.008008,0.003073,2,
0.000595,0.960543,0.002979,0.001914,0.002979,0.001160,0.000496,0.018631,0.002251,0.008452,1,
0.310887,0.000067,0.004823,0.001039,0.000119,0.025586,0.005164,0.000013,0.651134,0.001167,0,
0.007699,0.004008,0.676720,0.012806,0.239617,0.021451,0.025982,0.003643,0.001324,0.006751,2,
0.013574,0.174500,0.022604,0.045382,0.228469,0.058831,0.011787,0.041578,0.054191,0.349085,9,
0.001042,0.009370,0.001369,0.007333,0.284512,0.036524,0.000816,0.092372,0.006018,0.560644,9,
0.013161,0.003888,0.007159,0.862700,0.000131,0.008387,0.000111,0.015607,0.075957,0.012898,3,
0.011216,0.000783,0.003052,0.001938,0.398838,0.444472,0.001323,0.028810,0.004127,0.105441,5,
0.002433,0.000412,0.000779,0.018512,0.014509,0.102896,0.000096,0.540016,0.005936,0.314411,7,
0.000058,0.000117,0.000105,0.012629,0.001254,0.001100,0.000004,0.902888,0.000569,0.081274,7,
0.005781,0.008550,0.011000,0.002380,0.042812,0.194175,0.708343,0.000505,0.016837,0.009617,6,
0.000543,0.000054,0.036073,0.000009,0.002786,0.000143,0.959650,0.000003,0.000644,0.000096,6,
0.022171,0.043009,0.032087,0.656618,0.002578,0.027430,0.001619,0.085364,0.077688,0.051434,3,
0.079271,0.001709,0.066446,0.018835,0.001853,0.250691,0.205971,0.001028,0.371660,0.002536,5,
0.000069,0.000283,0.000130,0.007908,0.001868,0.002027,0.000001,0.908400,0.000221,0.079094,7,
0.009940,0.000980,0.003753,0.011909,0.158308,0.092394,0.001219,0.064745,0.027462,0.629290,9,
0.017000,0.000022,0.010278,0.965782,0.000014,0.005281,0.000016,0.000036,0.001550,0.000021,3,
0.000878,0.013134,0.004417,0.025961,0.497596,0.008030,0.001201,0.046750,0.009315,0.392717,4,
0.000146,0.000025,0.050684,0.948379,0.000000,0.000234,0.000005,0.000016,0.000510,0.000002,3,
0.000215,0.004368,0.002313,0.003631,0.767356,0.004647,0.001135,0.026438,0.001292,0.188604,4,
0.002092,0.014402,0.638656,0.001005,0.019421,0.002200,0.315317,0.000615,0.005086,0.001206,2,
0.007319,0.000266,0.925242,0.007460,0.001329,0.000070,0.054659,0.000633,0.002635,0.000387,2,
0.001070,0.956953,0.017270,0.009304,0.000432,0.001376,0.001273,0.003975,0.006975,0.001373,1,
0.000849,0.005797,0.016033,0.001695,0.894513,0.006246,0.033547,0.001559,0.003001,0.036760,4,
0.074085,0.000206,0.001249,0.061603,0.000285,0.796151,0.000095,0.000586,0.049681,0.016060,5,
0.000089,0.000002,0.000926,0.000005,0.000067,0.002648,0.996134,0.000002,0.000105,0.000021,6,
0.000399,0.000593,0.726760,0.000777,0.002258,0.000595,0.266320,0.000077,0.002097,0.000123,2,
0.002595,0.959332,0.009086,0.004637,0.000098,0.000697,0.000365,0.001601,0.020744,0.000845,1,
0.000203,0.000094,0.000420,0.009809,0.014885,0.005875,0.000054,0.788975,0.000738,0.178947,7,
0.676242,0.002176,0.057544,0.014230,0.054971,0.103835,0.014654,0.003022,0.030143,0.043182,0,
0.022960,0.004042,0.003999,0.005707,0.165035,0.652495,0.005017,0.014848,0.026528,0.099368,5,
0.000186,0.000134,0.005052,0.002519,0.635886,0.000181,0.000380,0.041831,0.000890,0.312941,9,
0.982367,0.000030,0.000140,0.000287,0.000033,0.014936,0.000025,0.000014,0.002092,0.000078,0,
0.001598,0.007103,0.029025,0.944899,0.000057,0.002246,0.000090,0.003724,0.010024,0.001234,3,
0.001560,0.007431,0.009932,0.002229,0.836780,0.025611,0.035750,0.005105,0.002706,0.072896,4,
0.013735,0.000207,0.000816,0.031312,0.004464,0.856343,0.000126,0.041385,0.004887,0.046725,5,
0.031575,0.498932,0.090055,0.113691,0.001350,0.002824,0.002284,0.007626,0.247109,0.004553,1,
0.005667,0.000675,0.002505,0.000925,0.014821,0.481370,0.439040,0.000194,0.051345,0.003457,5,
0.874346,0.000007,0.000976,0.001877,0.000006,0.120331,0.000031,0.000006,0.002386,0.000035,0,
0.000274,0.000832,0.000303,0.004430,0.006243,0.001887,0.000004,0.753182,0.000700,0.232145,7,
0.268401,0.005596,0.344154,0.021536,0.005197,0.137088,0.071461,0.003743,0.137598,0.005225,2,
0.000620,0.967369,0.007595,0.002955,0.001618,0.007053,0.006047,0.003042,0.001919,0.001780,1,
0.001702,0.001789,0.956139,0.002110,0.000046,0.000153,0.025349,0.000019,0.012659,0.000033,2,
0.008716,0.000013,0.020598,0.000056,0.000372,0.001001,0.966856,0.000003,0.002266,0.000118,6,
0.000977,0.926621,0.005925,0.025165,0.000613,0.007294,0.000423,0.025802,0.003774,0.003408,1,
0.000009,0.000060,0.000087,0.025601,0.000925,0.000041,0.000008,0.964926,0.000446,0.007897,7,
0.161227,0.000931,0.005153,0.001294,0.034838,0.047928,0.008185,0.001426,0.673090,0.065930,8,
0.000288,0.000034,0.991923,0.002779,0.000644,0.001148,0.003106,0.000004,0.000047,0.000026,2,
0.001260,0.038194,0.014784,0.011419,0.774999,0.013050,0.017273,0.011108,0.005420,0.112493,4,
0.425896,0.000123,0.003253,0.000198,0.000198,0.044180,0.031728,0.000081,0.493963,0.000381,0,
0.139240,0.003450,0.089997,0.013150,0.002050,0.257781,0.123913,0.001577,0.366516,0.002326,5,
0.022883,0.002118,0.015142,0.050892,0.125028,0.146584,0.001925,0.167281,0.019587,0.448560,9,
0.001114,0.000154,0.000482,0.006142,0.022661,0.057113,0.000072,0.551079,0.003955,0.357229,7,
0.000821,0.004665,0.004806,0.001109,0.875555,0.021846,0.021752,0.001655,0.001944,0.065848,4,
0.000016,0.000029,0.033474,0.000056,0.001385,0.000200,0.964772,0.000015,0.000022,0.000032,6,
0.000927,0.001020,0.906555,0.083359,0.000008,0.000167,0.004777,0.000014,0.003164,0.000009,2,
0.505265,0.000253,0.009441,0.001274,0.002634,0.044415,0.017196,0.000187,0.411097,0.008240,8,
0.000251,0.000194,0.018638,0.000107,0.004432,0.001346,0.973706,0.000025,0.000563,0.000738,6,
0.010794,0.000907,0.016788,0.000824,0.002116,0.016665,0.884992,0.000086,0.064589,0.002239,6,
0.009872,0.009730,0.003623,0.005137,0.193058,0.028588,0.001950,0.015250,0.025099,0.707692,4,
0.086091,0.009982,0.012145,0.018860,0.041972,0.009672,0.001204,0.025140,0.300960,0.493973,9,
0.003782,0.002113,0.093265,0.870663,0.000086,0.002964,0.000296,0.002128,0.024003,0.000700,3,
0.389419,0.001016,0.018665,0.026116,0.000385,0.043629,0.003050,0.000295,0.514309,0.003116,8,
0.000768,0.965719,0.003426,0.006618,0.000459,0.005869,0.000386,0.012164,0.002777,0.001813,1,
0.951988,0.000131,0.000601,0.002808,0.000131,0.028964,0.000120,0.000177,0.014146,0.000934,0,
0.524996,0.001000,0.021662,0.311382,0.000554,0.047194,0.000619,0.000797,0.089752,0.002045,0,
0.000002,0.000003,0.996905,0.000283,0.000002,0.000002,0.002801,0.000000,0.000002,0.000000,2,
0.001217,0.000020,0.003979,0.000209,0.922392,0.059957,0.006788,0.000358,0.000438,0.004642,4,
0.004313,0.003829,0.015343,0.000391,0.141867,0.011310,0.807322,0.000232,0.003954,0.011438,6,
0.002176,0.002094,0.000610,0.002216,0.181411,0.040240,0.000422,0.029941,0.008808,0.732082,7,
0.100163,0.002490,0.004749,0.013583,0.001018,0.097709,0.002160,0.000628,0.769107,0.008392,8,
0.000358,0.001933,0.001158,0.005101,0.599422,0.009360,0.000555,0.038696,0.004032,0.339385,3,
0.073371,0.002995,0.008122,0.004978,0.007476,0.448159,0.002707,0.076078,0.335652,0.040462,5,
0.003454,0.014072,0.007472,0.007176,0.337483,0.008720,0.001275,0.028765,0.007751,0.583831,9,
0.001943,0.014288,0.032673,0.006920,0.686067,0.014802,0.180095,0.003085,0.006287,0.053839,4,
0.000917,0.982118,0.006793,0.001076,0.000138,0.000466,0.000543,0.001063,0.006262,0.000624,1,
0.005987,0.000110,0.926145,0.049164,0.000092,0.002539,0.014201,0.000098,0.001578,0.000086,2,
0.008807,0.001074,0.002330,0.057551,0.007859,0.108507,0.000214,0.474452,0.024422,0.314783,9,
0.000441,0.009251,0.003306,0.169633,0.002822,0.005978,0.000131,0.779944,0.001395,0.027100,3,
0.003866,0.015551,0.004923,0.023367,0.234702,0.060123,0.001173,0.161098,0.018902,0.476296,4,
0.128238,0.025144,0.006868,0.008366,0.010011,0.165862,0.006691,0.003502,0.553917,0.091399,8,
0.000002,0.000001,0.997410,0.000719,0.000001,0.000001,0.001835,0.000005,0.000025,0.000000,2,
0.002956,0.011221,0.016295,0.003971,0.792171,0.029749,0.030209,0.018052,0.004948,0.090427,4,
0.011465,0.791544,0.028676,0.057807,0.001468,0.006165,0.001639,0.035701,0.056987,0.008547,1,
0.461020,0.003486,0.160217,0.045744,0.098615,0.069583,0.026692,0.005773,0.015433,0.113436,9,
0.011561,0.000783,0.722225,0.003427,0.242933,0.003989,0.006363,0.002421,0.000623,0.005674,2,
0.002662,0.000340,0.007583,0.018667,0.001376,0.951827,0.010249,0.000127,0.005976,0.001193,5,
0.012633,0.002532,0.004315,0.020767,0.077846,0.023878,0.000580,0.062210,0.026367,0.768872,9,
0.873928,0.000108,0.021164,0.000689,0.003833,0.011725,0.008357,0.000156,0.071319,0.008720,0,
0.001189,0.002046,0.006619,0.000823,0.900632,0.018993,0.009200,0.000710,0.001571,0.058217,4,
0.000188,0.853908,0.003719,0.017073,0.002387,0.003200,0.000241,0.111307,0.000794,0.007182,1,
0.000323,0.000252,0.905155,0.091646,0.000001,0.000015,0.000809,0.000002,0.001795,0.000002,2,
0.013565,0.807482,0.036109,0.039868,0.000859,0.004279,0.001408,0.012342,0.080098,0.003988,1,
0.000060,0.001537,0.000105,0.016454,0.003869,0.000410,0.000038,0.889429,0.000606,0.087491,7,
0.000673,0.004424,0.000993,0.198473,0.004530,0.007765,0.000133,0.547272,0.004461,0.231276,7,
0.003354,0.002597,0.006499,0.011742,0.292234,0.004405,0.000808,0.041151,0.005871,0.631338,9,
0.001186,0.005480,0.020208,0.945524,0.000162,0.007436,0.000140,0.008986,0.008912,0.001966,3,
0.000649,0.002819,0.093608,0.000598,0.024713,0.001113,0.872914,0.000397,0.001087,0.002101,6,
0.023153,0.001992,0.004596,0.155432,0.001550,0.657616,0.000957,0.022329,0.069132,0.063244,5,
0.044066,0.000965,0.003347,0.029742,0.004259,0.589958,0.000782,0.023320,0.259030,0.044532,5,
0.000345,0.023649,0.028446,0.927123,0.000097,0.001455,0.000121,0.015311,0.002668,0.000785,3,
0.000011,0.000009,0.000099,0.005096,0.000839,0.000191,0.000001,0.982048,0.000047,0.011659,7,
0.156992,0.000390,0.025151,0.000689,0.000355,0.014488,0.115236,0.000144,0.685817,0.000736,8,
0.000331,0.000396,0.034290,0.000083,0.008000,0.001062,0.954510,0.000047,0.000880,0.000400,6,
0.003415,0.019115,0.006413,0.036765,0.014608,0.883948,0.010265,0.008471,0.006436,0.010564,5,
0.271509,0.003372,0.036222,0.010799,0.001362,0.096616,0.013011,0.000447,0.561927,0.004734,0,
0.921136,0.000209,0.039931,0.023030,0.000796,0.010152,0.000971,0.000472,0.001095,0.002208,0,
0.002566,0.001216,0.062473,0.001107,0.888658,0.005840,0.031252,0.001610,0.001355,0.003924,2,
0.003307,0.006925,0.002107,0.058161,0.007026,0.053480,0.000118,0.674693,0.010623,0.183560,7,
0.000045,0.000202,0.001383,0.000291,0.959655,0.000773,0.002959,0.000346,0.000239,0.034108,4,
0.000008,0.000006,0.000094,0.003393,0.000345,0.000260,0.000004,0.988951,0.000936,0.006003,7,
0.001685,0.001159,0.001877,0.185754,0.000680,0.050479,0.000230,0.729611,0.002779,0.025747,3,
0.164908,0.015010,0.150962,0.014101,0.130500,0.126448,0.229748,0.009784,0.115572,0.042967,2,
0.035628,0.071458,0.289507,0.236780,0.001828,0.004055,0.003886,0.003851,0.348099,0.004907,8,
0.000879,0.978682,0.005576,0.002158,0.000485,0.002411,0.001002,0.002960,0.004457,0.001390,1,
0.974498,0.000068,0.000196,0.000452,0.000064,0.021868,0.000014,0.000013,0.002817,0.000010,0,
0.000372,0.003040,0.010175,0.000755,0.842196,0.005506,0.117363,0.000498,0.001284,0.018811,4,
0.008208,0.885485,0.049590,0.003867,0.000509,0.001281,0.006102,0.002246,0.041264,0.001449,1,
0.001580,0.971830,0.008771,0.001351,0.000315,0.004619,0.001656,0.001428,0.007681,0.000769,1,
0.000893,0.665264,0.008518,0.015444,0.184612,0.032473,0.010264,0.033479,0.002503,0.046550,1,
0.128858,0.000252,0.150439,0.695543,0.000104,0.016320,0.000306,0.000224,0.007798,0.000155,3,
0.002817,0.017273,0.002926,0.029994,0.062028,0.006661,0.000376,0.149995,0.033773,0.694158,9,
0.004928,0.000010,0.006273,0.000028,0.011436,0.001571,0.972817,0.000010,0.002045,0.000881,6,
0.000195,0.931204,0.003373,0.017426,0.000746,0.000678,0.000085,0.038935,0.001626,0.005733,1,
0.001353,0.001833,0.005490,0.955552,0.000014,0.028135,0.000018,0.002171,0.004960,0.000474,3,
0.082699,0.080642,0.021955,0.064803,0.004433,0.257950,0.010603,0.003078,0.429280,0.044557,8,
0.001638,0.000252,0.000394,0.010956,0.002192,0.961567,0.000186,0.003612,0.004382,0.014821,5,
0.079397,0.001793,0.002436,0.000780,0.010664,0.504617,0.001540,0.008786,0.359318,0.030670,5,
0.001627,0.973813,0.004765,0.001878,0.000324,0.001526,0.000530,0.003543,0.010180,0.001813,1,
0.463345,0.000986,0.032645,0.049070,0.000289,0.075481,0.003277,0.000839,0.371410,0.002658,0,
0.001558,0.000120,0.000808,0.004099,0.160633,0.011116,0.000094,0.079217,0.004244,0.738111,9,
0.701569,0.004567,0.037152,0.089162,0.002532,0.030533,0.005242,0.002888,0.122966,0.003390,5,
0.527806,0.000089,0.006110,0.003284,0.000186,0.016492,0.000941,0.000082,0.438296,0.006714,0,
0.000774,0.002544,0.000763,0.004415,0.219335,0.019241,0.000211,0.073723,0.005256,0.673738,9,
0.010199,0.010056,0.004036,0.566315,0.001061,0.020375,0.000479,0.191563,0.086332,0.109584,3,
0.022044,0.017165,0.595369,0.008435,0.001601,0.002043,0.163701,0.000203,0.188031,0.001408,2,
0.000000,0.000000,0.000000,0.000000,0.000000,0.000000,0.999997,0.000000,0.000002,0.000000,6,
0.065901,0.000086,0.040179,0.000141,0.000299,0.003532,0.887444,0.000076,0.002201,0.000142,6,
0.006750,0.235424,0.076109,0.499880,0.015642,0.070435,0.023492,0.020026,0.035017,0.017227,3,
0.001894,0.004411,0.002836,0.017606,0.041165,0.008806,0.000151,0.430004,0.003912,0.489217,7,
0.002035,0.000064,0.002325,0.000217,0.807999,0.166568,0.011334,0.000075,0.001357,0.008026,4,
0.018540,0.000617,0.660313,0.026551,0.235541,0.011943,0.040940,0.000530,0.000791,0.004235,4,
0.013199,0.014204,0.180656,0.680868,0.000376,0.018094,0.002818,0.001777,0.086104,0.001903,8,
0.103651,0.001393,0.007123,0.026946,0.003404,0.034207,0.001490,0.008111,0.750673,0.063000,8,
0.002068,0.000629,0.000934,0.009916,0.054975,0.002272,0.000081,0.029971,0.006109,0.893045,9,
0.000026,0.000011,0.000032,0.006357,0.000101,0.000202,0.000001,0.967365,0.000188,0.025717,7,
0.003804,0.951140,0.013583,0.002685,0.000170,0.003888,0.001607,0.001098,0.021270,0.000755,1,
0.020229,0.032623,0.050381,0.004464,0.015133,0.138697,0.697279,0.001088,0.031823,0.008285,6,
0.038497,0.007999,0.165563,0.689812,0.000588,0.027295,0.005392,0.001058,0.061914,0.001880,3,
0.007293,0.004503,0.089871,0.535737,0.006698,0.005068,0.002934,0.018016,0.303956,0.025924,3,
0.000257,0.000151,0.000751,0.002814,0.035051,0.007006,0.000137,0.914569,0.000551,0.038712,7,
0.002476,0.954396,0.007675,0.003790,0.001552,0.009275,0.003138,0.004722,0.009193,0.003784,1,
0.001171,0.001502,0.683137,0.296725,0.000012,0.000567,0.000777,0.000101,0.015970,0.000038,2,
0.005651,0.007854,0.083533,0.102224,0.683084,0.028471,0.010917,0.014529,0.011521,0.052218,4,
0.942157,0.000001,0.000402,0.000684,0.000003,0.056004,0.000022,0.000003,0.000704,0.000020,0,
0.000445,0.000014,0.015285,0.000033,0.000770,0.001678,0.981644,0.000002,0.000104,0.000025,6,
0.000780,0.000247,0.061024,0.000031,0.006218,0.000428,0.929496,0.000015,0.001445,0.000315,6,
0.000071,0.000641,0.003396,0.000342,0.941576,0.000731,0.002962,0.002468,0.000328,0.047484,4,
0.004945,0.000440,0.000315,0.035005,0.000181,0.919414,0.000081,0.004335,0.022011,0.013274,5,
0.838665,0.000907,0.006223,0.001308,0.000749,0.049845,0.010639,0.000621,0.090235,0.000807,0,
0.262512,0.001547,0.070735,0.085604,0.002453,0.030746,0.003716,0.004395,0.520098,0.018194,2,
0.009302,0.003082,0.005334,0.826238,0.000106,0.091177,0.000116,0.003538,0.057290,0.003818,3,
0.104563,0.001236,0.007236,0.043928,0.002922,0.033289,0.001370,0.002455,0.766835,0.036166,8,
0.987026,0.000014,0.010532,0.000439,0.000010,0.001395,0.000275,0.000001,0.000261,0.000046,0,
0.890172,0.000073,0.012692,0.002808,0.009108,0.013307,0.000358,0.002600,0.002805,0.066077,0,
0.000168,0.005929,0.000384,0.008458,0.017504,0.003731,0.000054,0.760782,0.000840,0.202150,9,
0.997534,0.000001,0.000205,0.000102,0.000000,0.001411,0.000049,0.000001,0.000695,0.000002,0,
0.000827,0.001495,0.001291,0.008524,0.069991,0.001403,0.000315,0.260304,0.001567,0.654284,9,
0.005401,0.441943,0.012438,0.226636,0.057056,0.073012,0.006947,0.049911,0.050867,0.075788,1,
0.007505,0.012900,0.012922,0.026472,0.114064,0.010210,0.001398,0.129668,0.010994,0.673869,9,
0.003728,0.086352,0.010369,0.036453,0.095947,0.021774,0.002408,0.268773,0.025956,0.448239,9,
0.002440,0.005355,0.161281,0.804353,0.000071,0.004208,0.000349,0.002245,0.019254,0.000444,3,
0.006454,0.000138,0.098822,0.003012,0.851948,0.007411,0.015360,0.000440,0.000482,0.015931,4,
0.000300,0.984783,0.003244,0.001300,0.000595,0.003850,0.001041,0.002849,0.001114,0.000923,1,
0.014097,0.003614,0.002590,0.004642,0.140491,0.355228,0.003549,0.015011,0.088253,0.372525,7,
0.000115,0.897273,0.005240,0.030730,0.002484,0.002683,0.000368,0.056152,0.000563,0.004390,1,
0.845665,0.001117,0.019782,0.001830,0.013379,0.052634,0.058366,0.001215,0.003024,0.002989,0,
0.000322,0.000030,0.004298,0.994008,0.000000,0.000279,0.000000,0.000019,0.001032,0.000011,3,
0.049073,0.001695,0.006326,0.005040,0.078818,0.524335,0.004251,0.033144,0.217797,0.079520,5,
0.000429,0.000045,0.000137,0.007981,0.002632,0.003019,0.000001,0.736199,0.001126,0.248432,7,
0.006326,0.000619,0.024606,0.945617,0.000128,0.020480,0.000165,0.000466,0.001023,0.000570,3,
0.031696,0.018270,0.262966,0.270116,0.035207,0.019055,0.052168,0.019441,0.224499,0.066583,8,
0.050999,0.006411,0.014970,0.002559,0.060450,0.824254,0.007456,0.006500,0.007867,0.018536,5,
0.000389,0.000388,0.001534,0.000303,0.886278,0.002718,0.002081,0.001696,0.000556,0.104056,4,
0.013006,0.181074,0.010448,0.046223,0.057286,0.042956,0.002385,0.076938,0.064629,0.505054,1,
0.020415,0.013511,0.005865,0.001120,0.010340,0.878496,0.002925,0.010397,0.042017,0.014914,5,
0.003156,0.003574,0.003662,0.009873,0.192115,0.014745,0.000885,0.174776,0.006172,0.591042,9,
0.007613,0.002472,0.001398,0.015936,0.010949,0.870087,0.002382,0.000966,0.041290,0.046907,5,
