0, 1, 2, 3, 4, 5, 6, 7, 8, 9, True
0.154440,0.000000,0.000000,0.000000,0.000000,0.078551,0.685493,0.000000,0.081516,0.000000,8,
0.256828,0.000000,0.078650,0.000000,0.000000,0.080094,0.321901,0.000000,0.262527,0.000000,0,
0.000000,0.000000,0.000000,0.922721,0.000000,0.077279,0.000000,0.000000,0.000000,0.000000,3,
0.000000,1.000000,0.000000,0.000000,0.000000,0.000000,0.000000,0.000000,0.000000,0.000000,1,
0.000000,0.000000,0.000000,0.000000,0.000000,0.000000,1.000000,0.000000,0.000000,0.000000,6,
0.000000,0.756897,0.000000,0.000000,0.082609,0.000000,0.082609,0.000000,0.077885,0.000000,1,
0.088220,0.000000,0.158965,0.000000,0.000000,0.678064,0.074751,0.000000,0.000000,0.000000,5,
0.256931,0.310795,0.000000,0.163087,0.000000,0.000000,0.000000,0.000000,0.269188,0.000000,0,
0.000000,0.000000,0.000000,0.000000,0.000000,0.000000,1.000000,0.000000,0.000000,0.000000,6,
0.000000,0.000000,0.000000,0.000000,0.000000,0.000000,1.000000,0.000000,0.000000,0.000000,6,
0.000000,0.000000,0.000000,1.000000,0.000000,0.000000,0.000000,0.000000,0.000000,0.000000,3,
0.076951,0.160801,0.258451,0.000000,0.000000,0.098436,0.087254,0.000000,0.318106,0.000000,5,
0.228908,0.000000,0.000000,0.000000,0.000000,0.000000,0.000000,0.000000,0.771092,0.000000,8,
0.000000,0.000000,0.000000,0.000000,0.000000,0.924728,0.075272,0.000000,0.000000,0.000000,5,
0.000000,0.000000,1.000000,0.000000,0.000000,0.000000,0.000000,0.000000,0.000000,0.000000,2,
0.000000,1.000000,0.000000,0.000000,0.000000,0.000000,0.000000,0.000000,0.000000,0.000000,1,
0.000000,0.000000,0.761269,0.000000,0.238731,0.000000,0.000000,0.000000,0.000000,0.000000,2,
0.082019,0.000000,0.000000,0.681241,0.000000,0.000000,0.000000,0.000000,0.161123,0.075617,8,
0.000000,0.000000,0.928085,0.000000,0.000000,0.000000,0.071915,0.000000,0.000000,0.000000,2,
0.000000,0.076600,0.000000,0.000000,0.582723,0.121115,0.146527,0.000000,0.073035,0.000000,4,
0.000000,0.093263,0.000000,0.157945,0.000000,0.085136,0.000000,0.565349,0.000000,0.098307,3,
0.000000,0.000000,0.000000,0.000000,0.080081,0.000000,0.000000,0.098079,0.074141,0.747699,9,
0.000000,0.000000,0.000000,0.000000,0.000000,0.000000,0.000000,0.833813,0.000000,0.166187,7,
0.000000,0.000000,0.000000,1.000000,0.000000,0.000000,0.000000,0.000000,0.000000,0.000000,3,
0.563496,0.000000,0.084157,0.000000,0.000000,0.000000,0.000000,0.000000,0.352347,0.000000,8,
0.000000,0.000000,0.000000,0.000000,0.237243,0.000000,0.000000,0.165270,0.000000,0.597488,9,
0.000000,0.857349,0.000000,0.000000,0.071326,0.000000,0.000000,0.000000,0.000000,0.071326,1,
0.000000,0.000000,0.000000,0.000000,0.000000,0.000000,1.000000,0.000000,0.000000,0.000000,6,
0.000000,0.000000,0.000000,0.000000,0.000000,1.000000,0.000000,0.000000,0.000000,0.000000,5,
0.000000,0.000000,0.909225,0.090775,0.000000,0.000000,0.000000,0.000000,0.000000,0.000000,2,
0.000000,0.000000,0.000000,1.000000,0.000000,0.000000,0.000000,0.000000,0.000000,0.000000,3,
0.000000,0.000000,0.000000,0.834423,0.000000,0.000000,0.000000,0.000000,0.165577,0.000000,3,
0.000000,0.447862,0.000000,0.078746,0.000000,0.000000,0.075881,0.000000,0.397511,0.000000,3,
0.000000,0.079572,0.000000,0.000000,0.076323,0.000000,0.000000,0.000000,0.599631,0.244475,8,
0.000000,1.000000,0.000000,0.000000,0.000000,0.000000,0.000000,0.000000,0.000000,0.000000,1,
0.084357,0.000000,0.000000,0.000000,0.915643,0.000000,0.000000,0.000000,0.000000,0.000000,9,
0.263868,0.000000,0.000000,0.077814,0.000000,0.082140,0.000000,0.000000,0.576178,0.000000,8,
0.000000,0.000000,0.074992,0.000000,0.000000,0.000000,0.925008,0.000000,0.000000,0.000000,6,
0.081661,0.000000,0.087460,0.830879,0.000000,0.000000,0.000000,0.000000,0.000000,0.000000,2,
0.000000,0.000000,0.000000,0.000000,0.000000,0.000000,0.000000,0.000000,1.000000,0.000000,8,
0.000000,0.000000,0.000000,0.000000,0.000000,0.000000,1.000000,0.000000,0.000000,0.000000,6,
0.000000,0.000000,0.917209,0.000000,0.000000,0.000000,0.000000,0.082791,0.000000,0.000000,2,
0.494609,0.000000,0.073976,0.000000,0.431415,0.000000,0.000000,0.000000,0.000000,0.000000,0,
0.000000,1.000000,0.000000,0.000000,0.000000,0.000000,0.000000,0.000000,0.000000,0.000000,1,
0.174231,0.000000,0.000000,0.000000,0.416678,0.000000,0.000000,0.000000,0.326730,0.082361,8,
0.000000,0.000000,0.000000,0.000000,1.000000,0.000000,0.000000,0.000000,0.000000,0.000000,4,
0.000000,0.514211,0.415116,0.070673,0.000000,0.000000,0.000000,0.000000,0.000000,0.000000,2,
0.819254,0.000000,0.000000,0.000000,0.000000,0.000000,0.000000,0.000000,0.180746,0.000000,9,
0.000000,0.000000,0.000000,1.000000,0.000000,0.000000,0.000000,0.000000,0.000000,0.000000,3,
0.000000,0.090068,0.000000,0.127376,0.073541,0.000000,0.000000,0.536927,0.000000,0.172088,9,
0.000000,0.000000,0.000000,0.930002,0.000000,0.069998,0.000000,0.000000,0.000000,0.000000,3,
0.000000,0.416254,0.000000,0.000000,0.088630,0.078929,0.338583,0.000000,0.000000,0.077603,1,
0.000000,1.000000,0.000000,0.000000,0.000000,0.000000,0.000000,0.000000,0.000000,0.000000,1,
0.156340,0.000000,0.000000,0.078170,0.278981,0.000000,0.000000,0.078169,0.168433,0.239906,9,
0.000000,0.000000,0.000000,0.000000,0.085833,0.000000,0.000000,0.656023,0.000000,0.258145,4,
0.000000,0.000000,0.000000,0.000000,0.149342,0.000000,0.850658,0.000000,0.000000,0.000000,6,
0.080923,0.000000,0.000000,0.168981,0.000000,0.508463,0.000000,0.000000,0.241633,0.000000,5,
0.000000,0.000000,0.000000,0.000000,0.000000,0.000000,0.000000,0.926015,0.000000,0.073985,7,
0.000000,0.000000,0.000000,0.753040,0.000000,0.246960,0.000000,0.000000,0.000000,0.000000,3,
0.000000,0.000000,0.000000,0.000000,0.232451,0.000000,0.000000,0.000000,0.000000,0.767549,9,
0.000000,0.000000,0.000000,0.778588,0.000000,0.070327,0.000000,0.000000,0.000000,0.151085,3,
0.000000,0.000000,0.000000,0.000000,0.070852,0.000000,0.000000,0.314581,0.000000,0.614567,9,
0.000000,0.151055,0.000000,0.176947,0.000000,0.371671,0.000000,0.159244,0.000000,0.141083,5,
0.000000,1.000000,0.000000,0.000000,0.000000,0.000000,0.000000,0.000000,0.000000,0.000000,1,
0.000000,0.000000,0.000000,0.073882,0.095381,0.000000,0.000000,0.756856,0.000000,0.073882,7,
0.000000,0.000000,0.000000,0.000000,0.000000,0.000000,1.000000,0.000000,0.000000,0.000000,6,
0.150660,0.000000,0.000000,0.000000,0.000000,0.774454,0.000000,0.000000,0.000000,0.074886,5,
0.000000,1.000000,0.000000,0.000000,0.000000,0.000000,0.000000,0.000000,0.000000,0.000000,1,
0.240308,0.000000,0.000000,0.000000,0.000000,0.365231,0.000000,0.074826,0.080822,0.238813,0,
0.000000,0.471648,0.000000,0.000000,0.000000,0.000000,0.000000,0.000000,0.528352,0.000000,7,
0.837654,0.000000,0.000000,0.000000,0.000000,0.000000,0.000000,0.000000,0.162346,0.000000,0,
0.000000,0.000000,0.000000,0.000000,0.158410,0.000000,0.000000,0.084893,0.000000,0.756697,9,
0.000000,0.000000,0.079412,0.000000,0.000000,0.000000,0.000000,0.000000,0.696142,0.224447,8,
0.000000,1.000000,0.000000,0.000000,0.000000,0.000000,0.000000,0.000000,0.000000,0.000000,1,
0.000000,0.000000,0.000000,0.000000,0.000000,0.284375,0.000000,0.715625,0.000000,0.000000,7,
0.677229,0.000000,0.000000,0.000000,0.000000,0.087632,0.000000,0.000000,0.235139,0.000000,0,
0.588649,0.000000,0.000000,0.000000,0.076345,0.000000,0.335006,0.000000,0.000000,0.000000,0,
0.078730,0.000000,0.000000,0.081818,0.000000,0.096423,0.000000,0.000000,0.743029,0.000000,8,
0.000000,0.000000,0.000000,0.000000,0.000000,0.774382,0.225618,0.000000,0.000000,0.000000,5,
0.075210,0.000000,0.079595,0.081236,0.000000,0.000000,0.000000,0.000000,0.763958,0.000000,8,
0.000000,0.000000,0.000000,0.000000,0.148139,0.000000,0.000000,0.071217,0.000000,0.780644,9,
0.072927,0.000000,0.000000,0.422939,0.000000,0.000000,0.000000,0.000000,0.416970,0.087164,0,
0.000000,0.000000,0.000000,0.000000,0.000000,0.000000,0.000000,1.000000,0.000000,0.000000,7,
0.000000,0.000000,0.000000,0.000000,0.253792,0.000000,0.000000,0.000000,0.000000,0.746208,9,
0.000000,1.000000,0.000000,0.000000,0.000000,0.000000,0.000000,0.000000,0.000000,0.000000,1,
0.000000,0.000000,0.000000,0.384774,0.139026,0.318674,0.000000,0.084037,0.000000,0.073489,4,
0.076216,0.000000,0.000000,0.000000,0.232803,0.155664,0.000000,0.000000,0.254216,0.281101,9,
0.000000,0.000000,0.000000,0.000000,0.498738,0.000000,0.422526,0.000000,0.000000,0.078736,6,
0.000000,0.000000,0.000000,0.000000,0.000000,0.927146,0.072854,0.000000,0.000000,0.000000,5,
0.000000,0.000000,0.000000,0.000000,0.766945,0.000000,0.000000,0.000000,0.153926,0.079129,4,
0.000000,0.000000,0.000000,0.000000,0.000000,0.000000,0.000000,1.000000,0.000000,0.000000,7,
0.000000,0.000000,0.517740,0.000000,0.000000,0.000000,0.482260,0.000000,0.000000,0.000000,2,
0.000000,1.000000,0.000000,0.000000,0.000000,0.000000,0.000000,0.000000,0.000000,0.000000,1,
0.000000,0.000000,0.923799,0.000000,0.000000,0.000000,0.076201,0.000000,0.000000,0.000000,2,
0.000000,0.000000,0.000000,0.659287,0.000000,0.178345,0.000000,0.074132,0.000000,0.088236,3,
0.081323,0.000000,0.000000,0.000000,0.000000,0.494922,0.000000,0.000000,0.265925,0.157830,5,
0.000000,0.000000,0.000000,0.074451,0.000000,0.597280,0.000000,0.094173,0.234096,0.000000,5,
0.000000,0.156438,0.000000,0.339641,0.000000,0.000000,0.000000,0.422508,0.000000,0.081413,7,
0.000000,0.396445,0.000000,0.000000,0.347156,0.000000,0.000000,0.087633,0.000000,0.168766,4,
0.095937,0.075845,0.158927,0.232536,0.000000,0.436755,0.000000,0.000000,0.000000,0.000000,5,
0.000000,0.000000,0.000000,0.000000,0.248751,0.000000,0.000000,0.000000,0.000000,0.751249,9,
0.183133,0.000000,0.000000,0.580561,0.000000,0.161531,0.000000,0.000000,0.074775,0.000000,3,
0.000000,0.000000,0.000000,0.000000,0.524346,0.000000,0.000000,0.000000,0.000000,0.475654,7,
1.000000,0.000000,0.000000,0.000000,0.000000,0.000000,0.000000,0.000000,0.000000,0.000000,0,
0.213302,0.000000,0.078085,0.000000,0.000000,0.000000,0.000000,0.000000,0.708613,0.000000,0,
0.000000,1.000000,0.000000,0.000000,0.000000,0.000000,0.000000,0.000000,0.000000,0.000000,1,
0.000000,0.000000,0.156137,0.000000,0.336826,0.000000,0.507037,0.000000,0.000000,0.000000,2,
0.077569,0.000000,0.000000,0.000000,0.847324,0.000000,0.000000,0.000000,0.000000,0.075106,4,
0.000000,0.110200,0.000000,0.000000,0.000000,0.000000,0.000000,0.727710,0.000000,0.162090,9,
0.000000,0.000000,0.000000,0.000000,0.000000,1.000000,0.000000,0.000000,0.000000,0.000000,5,
0.074433,0.000000,0.000000,0.841796,0.000000,0.083772,0.000000,0.000000,0.000000,0.000000,5,
0.000000,0.000000,0.166164,0.000000,0.426214,0.000000,0.333311,0.000000,0.000000,0.074311,6,
0.000000,0.000000,0.000000,0.000000,0.000000,0.000000,1.000000,0.000000,0.000000,0.000000,6,
0.154044,0.000000,0.000000,0.000000,0.272620,0.000000,0.083846,0.000000,0.158840,0.330650,4,
0.000000,0.000000,0.000000,0.000000,0.720153,0.000000,0.000000,0.000000,0.000000,0.279847,9,
0.000000,0.000000,1.000000,0.000000,0.000000,0.000000,0.000000,0.000000,0.000000,0.000000,2,
0.000000,0.081793,0.081794,0.674898,0.000000,0.081793,0.000000,0.079722,0.000000,0.000000,9,
0.000000,1.000000,0.000000,0.000000,0.000000,0.000000,0.000000,0.000000,0.000000,0.000000,1,
1.000000,0.000000,0.000000,0.000000,0.000000,0.000000,0.000000,0.000000,0.000000,0.000000,0,
0.000000,0.000000,0.085142,0.914858,0.000000,0.000000,0.000000,0.000000,0.000000,0.000000,3,
0.000000,0.000000,0.000000,0.000000,0.000000,0.000000,0.000000,0.911853,0.000000,0.088147,7,
0.000000,0.000000,0.000000,0.000000,0.000000,0.160472,0.729520,0.000000,0.000000,0.110008,9,
0.000000,0.000000,0.000000,0.077132,0.000000,0.000000,0.000000,0.434746,0.077132,0.410990,7,
0.076856,0.000000,0.000000,0.159019,0.000000,0.000000,0.000000,0.000000,0.764126,0.000000,8,
0.000000,0.000000,0.000000,0.000000,0.000000,0.000000,0.000000,0.166956,0.405862,0.427182,9,
0.000000,0.000000,0.754338,0.000000,0.245662,0.000000,0.000000,0.000000,0.000000,0.000000,4,
0.000000,0.000000,0.000000,0.000000,0.000000,0.000000,1.000000,0.000000,0.000000,0.000000,6,
0.000000,0.327380,0.000000,0.431350,0.000000,0.000000,0.000000,0.241271,0.000000,0.000000,3,
0.077069,0.000000,0.000000,0.000000,0.154138,0.682055,0.000000,0.000000,0.086738,0.000000,5,
0.500136,0.000000,0.000000,0.000000,0.000000,0.168299,0.000000,0.000000,0.331565,0.000000,0,
0.000000,0.000000,0.000000,0.000000,0.160540,0.357977,0.000000,0.000000,0.234688,0.246794,8,
0.000000,0.000000,0.254319,0.573871,0.089818,0.000000,0.081992,0.000000,0.000000,0.000000,3,
0.080175,0.000000,0.000000,0.000000,0.840874,0.000000,0.078951,0.000000,0.000000,0.000000,3,
0.083714,0.000000,0.000000,0.090422,0.000000,0.000000,0.000000,0.000000,0.825863,0.000000,8,
0.000000,0.000000,0.000000,0.000000,0.000000,0.000000,0.000000,1.000000,0.000000,0.000000,7,
0.000000,1.000000,0.000000,0.000000,0.000000,0.000000,0.000000,0.000000,0.000000,0.000000,1,
0.080025,0.000000,0.158632,0.000000,0.502111,0.000000,0.092405,0.000000,0.076886,0.089940,2,
0.241491,0.000000,0.000000,0.000000,0.000000,0.676969,0.000000,0.000000,0.000000,0.081540,5,
0.000000,0.071157,0.721746,0.207097,0.000000,0.000000,0.000000,0.000000,0.000000,0.000000,2,
0.000000,0.000000,0.000000,0.000000,0.000000,0.000000,0.000000,0.000000,0.000000,1.000000,9,
1.000000,0.000000,0.000000,0.000000,0.000000,0.000000,0.000000,0.000000,0.000000,0.000000,0,
0.184860,0.000000,0.167077,0.077553,0.000000,0.330279,0.000000,0.000000,0.240230,0.000000,5,
0.000000,0.000000,0.000000,0.000000,0.746632,0.000000,0.000000,0.000000,0.086026,0.167341,4,
0.000000,0.000000,0.000000,0.000000,0.000000,0.324194,0.000000,0.000000,0.421717,0.254089,8,
0.000000,0.244005,0.000000,0.584334,0.000000,0.095647,0.000000,0.000000,0.076013,0.000000,8,
0.000000,0.078288,0.094091,0.159774,0.099798,0.248079,0.000000,0.000000,0.234863,0.085108,2,
0.085536,0.000000,0.000000,0.000000,0.000000,0.000000,0.000000,0.000000,0.914464,0.000000,8,
0.000000,0.000000,0.000000,0.000000,0.404649,0.000000,0.000000,0.000000,0.000000,0.595351,4,
0.000000,0.000000,0.084205,0.000000,0.747385,0.000000,0.000000,0.000000,0.000000,0.168409,4,
0.000000,0.000000,0.000000,0.076554,0.000000,0.476189,0.000000,0.447257,0.000000,0.000000,5,
0.000000,0.000000,0.000000,0.000000,0.000000,0.000000,1.000000,0.000000,0.000000,0.000000,6,
0.000000,0.000000,0.000000,0.080741,0.000000,0.000000,0.833900,0.000000,0.085359,0.000000,6,
0.511445,0.000000,0.000000,0.000000,0.000000,0.328527,0.000000,0.000000,0.160029,0.000000,5,
0.000000,0.000000,0.000000,0.000000,0.000000,0.000000,0.000000,0.925636,0.000000,0.074364,9,
0.000000,0.000000,0.000000,0.075932,0.000000,0.844432,0.000000,0.000000,0.079637,0.000000,5,
0.000000,0.000000,0.000000,0.000000,0.000000,0.000000,0.000000,0.145521,0.345566,0.508912,4,
0.000000,0.000000,0.000000,0.000000,0.000000,0.000000,0.000000,0.904099,0.000000,0.095901,7,
0.000000,0.000000,0.085075,0.000000,0.426562,0.239686,0.248676,0.000000,0.000000,0.000000,5,
0.000000,0.000000,0.000000,0.664850,0.000000,0.259026,0.000000,0.000000,0.076124,0.000000,3,
0.000000,0.434639,0.000000,0.000000,0.490229,0.000000,0.000000,0.000000,0.000000,0.075132,1,
0.000000,0.000000,0.000000,0.000000,0.086222,0.000000,0.000000,0.163340,0.099560,0.650878,9,
0.216006,0.000000,0.000000,0.189922,0.000000,0.000000,0.000000,0.000000,0.594071,0.000000,8,
0.000000,0.000000,0.671444,0.000000,0.000000,0.000000,0.328556,0.000000,0.000000,0.000000,2,
0.000000,0.000000,0.000000,0.000000,0.000000,0.000000,1.000000,0.000000,0.000000,0.000000,6,
0.000000,0.923376,0.000000,0.076624,0.000000,0.000000,0.000000,0.000000,0.000000,0.000000,1,
0.000000,0.000000,0.197968,0.000000,0.250611,0.075918,0.233838,0.000000,0.000000,0.241665,2,
0.000000,0.000000,0.000000,0.109605,0.000000,0.243257,0.000000,0.079515,0.166993,0.400630,5,
0.074657,0.000000,0.000000,0.000000,0.000000,0.000000,0.000000,0.000000,0.777768,0.147574,8,
0.000000,0.000000,0.082338,0.155983,0.000000,0.584606,0.000000,0.000000,0.100844,0.076229,3,
0.092993,0.000000,0.000000,0.000000,0.000000,0.000000,0.000000,0.000000,0.907007,0.000000,8,
0.000000,0.000000,0.000000,0.000000,0.275806,0.000000,0.000000,0.572997,0.000000,0.151197,4,
0.074403,0.000000,0.000000,0.691807,0.000000,0.000000,0.000000,0.159386,0.000000,0.074403,3,
0.329230,0.000000,0.080731,0.000000,0.000000,0.088436,0.253757,0.000000,0.247845,0.000000,6,
0.000000,0.000000,0.000000,0.000000,0.076774,0.000000,0.000000,0.000000,0.000000,0.923226,9,
0.500807,0.000000,0.255712,0.000000,0.000000,0.000000,0.243481,0.000000,0.000000,0.000000,0,
0.077994,0.000000,0.000000,0.000000,0.831948,0.000000,0.000000,0.000000,0.000000,0.090058,9,
0.074410,0.000000,0.000000,0.000000,0.000000,0.000000,0.000000,0.000000,0.925590,0.000000,8,
0.161499,0.000000,0.000000,0.000000,0.000000,0.000000,0.079671,0.000000,0.758830,0.000000,8,
0.000000,0.000000,0.079687,0.000000,0.069684,0.000000,0.850629,0.000000,0.000000,0.000000,6,
0.000000,0.924202,0.000000,0.000000,0.000000,0.075798,0.000000,0.000000,0.000000,0.000000,1,
0.596896,0.000000,0.241206,0.082602,0.000000,0.000000,0.000000,0.000000,0.079296,0.000000,2,
0.081351,0.248182,0.081351,0.000000,0.500679,0.000000,0.000000,0.000000,0.088438,0.000000,4,
0.000000,0.000000,0.833809,0.000000,0.084436,0.000000,0.081755,0.000000,0.000000,0.000000,2,
0.628288,0.000000,0.000000,0.000000,0.000000,0.371712,0.000000,0.000000,0.000000,0.000000,0,
0.163539,0.000000,0.000000,0.000000,0.000000,0.161984,0.000000,0.674477,0.000000,0.000000,7,
0.000000,0.000000,0.172940,0.092260,0.000000,0.080679,0.000000,0.000000,0.654121,0.000000,8,
0.000000,1.000000,0.000000,0.000000,0.000000,0.000000,0.000000,0.000000,0.000000,0.000000,1,
0.000000,0.000000,0.000000,0.000000,0.325681,0.000000,0.000000,0.000000,0.000000,0.674319,4,
0.000000,0.000000,0.000000,0.000000,0.582784,0.000000,0.000000,0.000000,0.070547,0.346669,9,
0.000000,0.000000,0.000000,0.000000,0.000000,0.000000,0.000000,0.912160,0.000000,0.087840,7,
0.312254,0.000000,0.072861,0.218202,0.000000,0.245303,0.078518,0.000000,0.000000,0.072862,3,
0.000000,1.000000,0.000000,0.000000,0.000000,0.000000,0.000000,0.000000,0.000000,0.000000,1,
0.000000,0.000000,0.161244,0.756380,0.000000,0.000000,0.000000,0.000000,0.000000,0.082375,3,
0.074361,0.000000,0.000000,0.000000,0.000000,0.925639,0.000000,0.000000,0.000000,0.000000,5,
0.000000,0.000000,0.000000,0.453180,0.000000,0.312089,0.000000,0.075202,0.000000,0.159528,3,
0.000000,0.000000,0.000000,0.000000,0.000000,0.242817,0.757183,0.000000,0.000000,0.000000,6,
0.000000,0.000000,1.000000,0.000000,0.000000,0.000000,0.000000,0.000000,0.000000,0.000000,2,
0.000000,0.000000,0.000000,0.000000,0.075656,0.227438,0.380294,0.000000,0.316612,0.000000,6,
0.000000,0.000000,0.000000,0.000000,0.095984,0.000000,0.904016,0.000000,0.000000,0.000000,6,
0.339531,0.000000,0.105549,0.000000,0.000000,0.000000,0.240604,0.000000,0.314315,0.000000,8,
0.000000,1.000000,0.000000,0.000000,0.000000,0.000000,0.000000,0.000000,0.000000,0.000000,1,
0.000000,0.000000,0.473647,0.000000,0.000000,0.000000,0.000000,0.526353,0.000000,0.000000,7,
0.000000,0.836762,0.000000,0.163238,0.000000,0.000000,0.000000,0.000000,0.000000,0.000000,3,
0.305427,0.000000,0.115495,0.000000,0.000000,0.000000,0.000000,0.000000,0.579079,0.000000,8,
0.000000,0.000000,0.000000,0.161898,0.080224,0.080223,0.000000,0.000000,0.494544,0.183111,3,
0.000000,0.000000,0.000000,0.000000,0.000000,0.000000,0.000000,0.808788,0.000000,0.191212,7,
0.000000,0.000000,0.000000,0.000000,0.000000,0.000000,0.000000,0.000000,0.926065,0.073935,8,
0.743887,0.000000,0.000000,0.000000,0.000000,0.164030,0.000000,0.000000,0.000000,0.092083,5,
0.849522,0.000000,0.000000,0.000000,0.000000,0.074403,0.076075,0.000000,0.000000,0.000000,0,
0.000000,0.000000,0.000000,0.000000,0.075842,0.000000,0.000000,0.000000,0.678835,0.245322,0,
0.000000,0.406260,0.000000,0.593740,0.000000,0.000000,0.000000,0.000000,0.000000,0.000000,3,
0.000000,0.000000,0.935336,0.064664,0.000000,0.000000,0.000000,0.000000,0.000000,0.000000,2,
0.000000,0.000000,0.000000,0.000000,0.000000,0.000000,0.000000,1.000000,0.000000,0.000000,7,
0.000000,0.000000,0.000000,0.000000,0.000000,1.000000,0.000000,0.000000,0.000000,0.000000,5,
0.000000,0.000000,0.921243,0.000000,0.000000,0.000000,0.078757,0.000000,0.000000,0.000000,2,
0.323159,0.000000,0.000000,0.241805,0.000000,0.000000,0.000000,0.000000,0.435036,0.000000,8,
0.000000,0.073601,0.000000,0.844111,0.000000,0.082288,0.000000,0.000000,0.000000,0.000000,3,
0.000000,0.000000,0.000000,0.000000,0.067212,0.000000,0.000000,0.212033,0.000000,0.720755,9,
0.000000,0.909078,0.000000,0.000000,0.000000,0.000000,0.090922,0.000000,0.000000,0.000000,1,
0.776441,0.000000,0.072722,0.000000,0.000000,0.000000,0.000000,0.000000,0.150837,0.000000,0,
0.000000,0.000000,0.000000,0.000000,0.830758,0.000000,0.000000,0.000000,0.000000,0.169242,4,
0.000000,0.000000,0.075922,0.924078,0.000000,0.000000,0.000000,0.000000,0.000000,0.000000,3,
0.071937,0.000000,0.000000,0.000000,0.074151,0.000000,0.000000,0.069911,0.153423,0.630578,8,
0.000000,0.000000,0.143744,0.000000,0.000000,0.000000,0.856256,0.000000,0.000000,0.000000,6,
0.495898,0.000000,0.000000,0.000000,0.000000,0.000000,0.000000,0.000000,0.504102,0.000000,0,
0.000000,0.000000,0.000000,0.000000,0.412900,0.000000,0.000000,0.000000,0.000000,0.587100,4,
0.000000,0.000000,0.000000,1.000000,0.000000,0.000000,0.000000,0.000000,0.000000,0.000000,3,
0.000000,0.652635,0.000000,0.000000,0.000000,0.000000,0.347365,0.000000,0.000000,0.000000,6,
0.000000,0.000000,0.341071,0.000000,0.156344,0.000000,0.000000,0.422439,0.080146,0.000000,7,
1.000000,0.000000,0.000000,0.000000,0.000000,0.000000,0.000000,0.000000,0.000000,0.000000,0,
0.000000,0.000000,0.000000,0.000000,0.070008,0.000000,0.929992,0.000000,0.000000,0.000000,6,
0.000000,0.000000,0.000000,0.154141,0.000000,0.766553,0.000000,0.000000,0.000000,0.079306,5,
0.000000,0.000000,0.000000,0.000000,0.072740,0.000000,0.000000,0.000000,0.079958,0.847302,8,
0.000000,0.000000,0.261600,0.157101,0.090423,0.165842,0.000000,0.325034,0.000000,0.000000,9,
0.197869,0.000000,0.000000,0.000000,0.000000,0.000000,0.000000,0.000000,0.713150,0.088981,8,
0.000000,0.000000,0.000000,0.000000,0.502791,0.000000,0.000000,0.000000,0.000000,0.497209,9,
0.000000,0.000000,1.000000,0.000000,0.000000,0.000000,0.000000,0.000000,0.000000,0.000000,2,
0.000000,0.881267,0.000000,0.000000,0.118733,0.000000,0.000000,0.000000,0.000000,0.000000,1,
0.000000,1.000000,0.000000,0.000000,0.000000,0.000000,0.000000,0.000000,0.000000,0.000000,1,
0.084220,0.000000,0.679435,0.000000,0.158873,0.000000,0.000000,0.000000,0.000000,0.077471,2,
0.260487,0.000000,0.082008,0.000000,0.000000,0.000000,0.399887,0.083851,0.173767,0.000000,6,
0.000000,0.000000,0.000000,0.000000,0.000000,0.000000,1.000000,0.000000,0.000000,0.000000,6,
0.000000,0.000000,0.000000,1.000000,0.000000,0.000000,0.000000,0.000000,0.000000,0.000000,3,
0.000000,1.000000,0.000000,0.000000,0.000000,0.000000,0.000000,0.000000,0.000000,0.000000,1,
0.000000,0.000000,0.000000,1.000000,0.000000,0.000000,0.000000,0.000000,0.000000,0.000000,3,
0.000000,1.000000,0.000000,0.000000,0.000000,0.000000,0.000000,0.000000,0.000000,0.000000,1,
0.000000,0.000000,0.000000,1.000000,0.000000,0.000000,0.000000,0.000000,0.000000,0.000000,3,
0.240267,0.000000,0.000000,0.149108,0.000000,0.221175,0.000000,0.000000,0.389450,0.000000,2,
0.000000,1.000000,0.000000,0.000000,0.000000,0.000000,0.000000,0.000000,0.000000,0.000000,1,
0.105301,0.000000,0.000000,0.084000,0.000000,0.000000,0.000000,0.000000,0.810699,0.000000,8,
0.000000,0.000000,0.000000,0.000000,1.000000,0.000000,0.000000,0.000000,0.000000,0.000000,4,
0.000000,0.000000,0.000000,0.000000,0.000000,0.355862,0.000000,0.644138,0.000000,0.000000,4,
0.072885,0.000000,0.000000,0.117523,0.092910,0.000000,0.000000,0.000000,0.155095,0.561587,8,
0.000000,0.000000,0.000000,0.084460,0.610744,0.000000,0.000000,0.149670,0.000000,0.155126,1,
0.000000,0.000000,0.000000,0.078075,0.000000,0.507234,0.000000,0.414690,0.000000,0.000000,5,
0.000000,0.000000,0.000000,0.000000,0.000000,0.000000,0.000000,1.000000,0.000000,0.000000,7,
0.000000,0.000000,0.000000,0.000000,0.255405,0.401057,0.000000,0.000000,0.164137,0.179401,4,
0.000000,0.774720,0.000000,0.000000,0.073670,0.000000,0.000000,0.000000,0.000000,0.151611,1,
0.000000,0.000000,0.000000,0.000000,0.000000,0.000000,0.000000,0.738988,0.000000,0.261012,7,
0.000000,0.000000,0.000000,0.553449,0.000000,0.074855,0.000000,0.147600,0.000000,0.224096,5,
0.595712,0.000000,0.077538,0.082240,0.000000,0.000000,0.000000,0.000000,0.244510,0.000000,0,
0.000000,0.000000,0.000000,0.000000,0.243709,0.000000,0.756291,0.000000,0.000000,0.000000,4,
0.000000,0.000000,0.000000,0.000000,0.851292,0.000000,0.000000,0.000000,0.000000,0.148708,4,
0.000000,1.000000,0.000000,0.000000,0.000000,0.000000,0.000000,0.000000,0.000000,0.000000,1,
0.168017,0.000000,0.000000,0.247343,0.000000,0.000000,0.000000,0.000000,0.505313,0.079326,8,
0.000000,0.000000,0.000000,1.000000,0.000000,0.000000,0.000000,0.000000,0.000000,0.000000,3,
0.000000,1.000000,0.000000,0.000000,0.000000,0.000000,0.000000,0.000000,0.000000,0.000000,1,
0.168125,0.000000,0.000000,0.000000,0.000000,0.000000,0.000000,0.000000,0.831875,0.000000,8,
0.000000,0.000000,0.000000,0.237850,0.000000,0.000000,0.000000,0.762150,0.000000,0.000000,7,
0.458970,0.000000,0.000000,0.149793,0.086482,0.000000,0.000000,0.000000,0.000000,0.304755,8,
0.843067,0.000000,0.000000,0.000000,0.000000,0.079775,0.077159,0.000000,0.000000,0.000000,0,
0.000000,0.000000,0.000000,0.000000,0.000000,0.000000,0.000000,1.000000,0.000000,0.000000,7,
0.000000,0.000000,0.000000,0.343854,0.000000,0.412474,0.000000,0.000000,0.243672,0.000000,5,
0.175557,0.000000,0.000000,0.326835,0.000000,0.000000,0.080323,0.000000,0.336962,0.080323,8,
0.000000,0.000000,0.000000,0.588573,0.000000,0.165276,0.000000,0.000000,0.246151,0.000000,8,
0.490861,0.000000,0.000000,0.000000,0.000000,0.000000,0.000000,0.000000,0.428863,0.080276,0,
0.000000,0.000000,0.926338,0.073662,0.000000,0.000000,0.000000,0.000000,0.000000,0.000000,2,
0.000000,0.153703,0.000000,0.000000,0.000000,0.000000,0.000000,0.846297,0.000000,0.000000,7,
0.000000,0.000000,0.000000,0.000000,0.000000,0.000000,1.000000,0.000000,0.000000,0.000000,6,
0.334589,0.000000,0.088849,0.328776,0.000000,0.079469,0.088848,0.000000,0.000000,0.079469,0,
0.000000,0.000000,0.184289,0.000000,0.000000,0.000000,0.741591,0.074120,0.000000,0.000000,2,
0.000000,0.000000,0.918228,0.000000,0.000000,0.000000,0.000000,0.081772,0.000000,0.000000,2,
0.000000,0.000000,0.094118,0.743792,0.000000,0.000000,0.000000,0.000000,0.082546,0.079543,3,
0.000000,1.000000,0.000000,0.000000,0.000000,0.000000,0.000000,0.000000,0.000000,0.000000,1,
0.000000,0.000000,0.000000,0.000000,0.243380,0.080749,0.000000,0.078804,0.509482,0.087585,8,
0.152126,0.000000,0.000000,0.145293,0.000000,0.000000,0.000000,0.000000,0.175864,0.526717,0,
0.000000,0.090005,0.073490,0.317187,0.000000,0.519317,0.000000,0.000000,0.000000,0.000000,5,
0.000000,0.000000,0.000000,0.516632,0.000000,0.082529,0.000000,0.323817,0.000000,0.077021,3,
0.000000,0.000000,0.281546,0.000000,0.078889,0.000000,0.639566,0.000000,0.000000,0.000000,6,
0.000000,0.000000,0.079416,0.000000,0.000000,0.761687,0.080773,0.000000,0.078124,0.000000,5,
0.000000,0.000000,0.000000,0.000000,0.157879,0.076737,0.000000,0.308320,0.082429,0.374635,7,
0.000000,0.000000,0.000000,0.000000,0.000000,0.000000,0.000000,0.853537,0.000000,0.146463,7,
0.080434,0.000000,0.000000,0.080435,0.267058,0.000000,0.000000,0.000000,0.098512,0.473561,9,
0.000000,0.000000,0.178943,0.083901,0.000000,0.241067,0.000000,0.000000,0.080329,0.415760,2,
0.000000,1.000000,0.000000,0.000000,0.000000,0.000000,0.000000,0.000000,0.000000,0.000000,1,
0.000000,0.077307,0.412051,0.000000,0.000000,0.000000,0.510641,0.000000,0.000000,0.000000,6,
0.000000,0.000000,0.902913,0.000000,0.000000,0.000000,0.000000,0.000000,0.097087,0.000000,2,
0.072044,0.000000,0.000000,0.000000,0.000000,0.073663,0.000000,0.000000,0.854293,0.000000,8,
0.000000,0.836776,0.000000,0.000000,0.000000,0.000000,0.000000,0.078468,0.000000,0.084756,7,
0.000000,0.000000,0.071775,0.000000,0.000000,0.000000,0.928225,0.000000,0.000000,0.000000,6,
0.000000,0.924172,0.000000,0.000000,0.075828,0.000000,0.000000,0.000000,0.000000,0.000000,1,
0.000000,0.158010,0.107872,0.402770,0.182340,0.000000,0.000000,0.072729,0.076278,0.000000,2,
0.438234,0.000000,0.000000,0.000000,0.073884,0.000000,0.000000,0.000000,0.487882,0.000000,0,
0.582552,0.000000,0.000000,0.000000,0.000000,0.417448,0.000000,0.000000,0.000000,0.000000,0,
0.243638,0.000000,0.000000,0.000000,0.000000,0.161253,0.000000,0.000000,0.595109,0.000000,8,
0.000000,1.000000,0.000000,0.000000,0.000000,0.000000,0.000000,0.000000,0.000000,0.000000,1,
0.402654,0.000000,0.087107,0.092391,0.092390,0.000000,0.000000,0.000000,0.325458,0.000000,8,
0.000000,1.000000,0.000000,0.000000,0.000000,0.000000,0.000000,0.000000,0.000000,0.000000,1,
0.000000,0.000000,0.000000,0.000000,0.079891,0.000000,0.760329,0.000000,0.000000,0.159780,4,
0.366361,0.000000,0.000000,0.000000,0.076578,0.000000,0.000000,0.000000,0.330331,0.226729,0,
0.000000,0.000000,0.153868,0.000000,0.419674,0.000000,0.426458,0.000000,0.000000,0.000000,6,
0.000000,0.000000,0.562171,0.363202,0.000000,0.000000,0.000000,0.000000,0.000000,0.074626,3,
0.077350,0.000000,0.168111,0.000000,0.000000,0.080789,0.582513,0.000000,0.000000,0.091237,6,
0.000000,0.000000,0.567852,0.432148,0.000000,0.000000,0.000000,0.000000,0.000000,0.000000,2,
0.000000,0.000000,0.511469,0.409363,0.000000,0.000000,0.000000,0.000000,0.079168,0.000000,2,
0.082552,0.074276,0.000000,0.085093,0.000000,0.000000,0.758079,0.000000,0.000000,0.000000,6,
0.000000,0.000000,0.000000,0.000000,0.000000,0.806204,0.000000,0.000000,0.193796,0.000000,5,
0.079475,0.000000,0.079475,0.000000,0.000000,0.000000,0.841050,0.000000,0.000000,0.000000,2,
0.000000,0.000000,0.000000,0.079434,0.000000,0.844249,0.000000,0.000000,0.076317,0.000000,5,
0.083184,0.174306,0.077013,0.079920,0.502393,0.000000,0.000000,0.000000,0.000000,0.083184,0,
0.000000,1.000000,0.000000,0.000000,0.000000,0.000000,0.000000,0.000000,0.000000,0.000000,1,
0.000000,0.000000,0.000000,0.000000,0.923796,0.000000,0.000000,0.076204,0.000000,0.000000,4,
0.075689,0.000000,0.000000,0.000000,0.000000,0.000000,0.924311,0.000000,0.000000,0.000000,6,
0.000000,0.000000,0.652907,0.267844,0.000000,0.000000,0.000000,0.079249,0.000000,0.000000,2,
1.000000,0.000000,0.000000,0.000000,0.000000,0.000000,0.000000,0.000000,0.000000,0.000000,0,
0.000000,0.000000,0.000000,0.163211,0.075188,0.000000,0.000000,0.288249,0.075189,0.398163,9,
0.000000,0.000000,0.000000,0.000000,0.072847,0.000000,0.000000,0.483630,0.000000,0.443523,7,
0.000000,0.000000,0.000000,0.000000,0.000000,0.000000,1.000000,0.000000,0.000000,0.000000,6,
0.000000,0.000000,0.000000,0.000000,0.000000,0.454545,0.000000,0.000000,0.468649,0.076805,5,
0.000000,0.000000,1.000000,0.000000,0.000000,0.000000,0.000000,0.000000,0.000000,0.000000,2,
0.000000,0.000000,0.000000,0.000000,1.000000,0.000000,0.000000,0.000000,0.000000,0.000000,4,
0.593872,0.000000,0.000000,0.000000,0.000000,0.406128,0.000000,0.000000,0.000000,0.000000,0,
0.000000,0.000000,0.000000,1.000000,0.000000,0.000000,0.000000,0.000000,0.000000,0.000000,3,
1.000000,0.000000,0.000000,0.000000,0.000000,0.000000,0.000000,0.000000,0.000000,0.000000,0,
0.000000,0.000000,0.000000,0.000000,0.771113,0.000000,0.000000,0.000000,0.000000,0.228887,4,
0.000000,0.000000,0.078024,0.000000,0.331316,0.000000,0.508632,0.000000,0.082027,0.000000,6,
0.000000,0.000000,0.000000,0.071551,0.000000,0.000000,0.000000,0.371411,0.000000,0.557038,9,
0.334407,0.000000,0.000000,0.000000,0.000000,0.000000,0.000000,0.000000,0.665593,0.000000,8,
0.000000,0.000000,0.000000,0.000000,0.000000,0.000000,1.000000,0.000000,0.000000,0.000000,6,
0.000000,0.162504,0.096138,0.434277,0.000000,0.000000,0.000000,0.159420,0.000000,0.147661,3,
0.626338,0.000000,0.000000,0.000000,0.076125,0.224181,0.000000,0.000000,0.073356,0.000000,0,
0.000000,0.000000,0.000000,0.000000,0.084579,0.000000,0.848556,0.000000,0.000000,0.066865,6,
0.271748,0.336312,0.000000,0.154331,0.075327,0.000000,0.000000,0.000000,0.162282,0.000000,8,
0.000000,0.000000,0.080734,0.184103,0.000000,0.000000,0.000000,0.216146,0.097030,0.421988,5,
0.077071,0.000000,0.000000,0.160856,0.000000,0.000000,0.000000,0.000000,0.762074,0.000000,8,
0.494024,0.000000,0.000000,0.000000,0.342227,0.000000,0.000000,0.000000,0.000000,0.163749,9,
0.000000,0.000000,0.000000,0.000000,0.000000,0.000000,0.000000,1.000000,0.000000,0.000000,7,
0.000000,0.000000,0.000000,0.000000,0.000000,0.518938,0.000000,0.000000,0.162652,0.318410,9,
0.000000,1.000000,0.000000,0.000000,0.000000,0.000000,0.000000,0.000000,0.000000,0.000000,1,
0.081201,0.000000,0.000000,0.000000,0.081202,0.000000,0.000000,0.000000,0.339327,0.498270,8,
0.590392,0.000000,0.160320,0.000000,0.249288,0.000000,0.000000,0.000000,0.000000,0.000000,2,
0.071640,0.000000,0.000000,0.000000,0.000000,0.201086,0.000000,0.000000,0.727274,0.000000,8,
0.076057,0.000000,0.000000,0.000000,0.591221,0.256665,0.000000,0.000000,0.076057,0.000000,5,
0.000000,0.000000,0.000000,0.000000,0.000000,0.000000,0.000000,1.000000,0.000000,0.000000,7,
0.000000,1.000000,0.000000,0.000000,0.000000,0.000000,0.000000,0.000000,0.000000,0.000000,1,
0.000000,0.000000,0.184602,0.815398,0.000000,0.000000,0.000000,0.000000,0.000000,0.000000,3,
0.000000,1.000000,0.000000,0.000000,0.000000,0.000000,0.000000,0.000000,0.000000,0.000000,1,
0.000000,0.000000,0.000000,0.249988,0.259157,0.089454,0.000000,0.082088,0.089454,0.229860,9,
0.000000,0.000000,0.000000,0.000000,0.165901,0.161018,0.000000,0.425918,0.000000,0.247163,4,
0.145479,0.000000,0.000000,0.000000,0.000000,0.000000,0.000000,0.000000,0.854521,0.000000,8,
1.000000,0.000000,0.000000,0.000000,0.000000,0.000000,0.000000,0.000000,0.000000,0.000000,0,
0.406011,0.000000,0.000000,0.092863,0.078796,0.329467,0.092863,0.000000,0.000000,0.000000,0,
0.000000,0.000000,0.000000,0.000000,0.000000,0.000000,0.000000,0.846004,0.000000,0.153996,7,
0.000000,0.000000,0.084386,0.000000,0.149413,0.000000,0.689869,0.000000,0.076332,0.000000,6,
0.000000,0.000000,0.000000,0.164182,0.000000,0.000000,0.000000,0.000000,0.835818,0.000000,8,
0.434681,0.000000,0.162429,0.241942,0.000000,0.076271,0.000000,0.000000,0.084677,0.000000,0,
0.074854,0.078902,0.544960,0.000000,0.071371,0.000000,0.229913,0.000000,0.000000,0.000000,2,
0.088329,0.000000,0.680660,0.000000,0.154007,0.000000,0.077004,0.000000,0.000000,0.000000,2,
0.000000,0.000000,0.169403,0.000000,0.000000,0.162665,0.342529,0.000000,0.325403,0.000000,5,
0.000000,0.000000,0.000000,0.758768,0.000000,0.000000,0.000000,0.000000,0.164227,0.077004,3,
0.000000,0.000000,0.000000,1.000000,0.000000,0.000000,0.000000,0.000000,0.000000,0.000000,3,
0.158210,0.000000,0.000000,0.083514,0.074698,0.118108,0.000000,0.000000,0.322754,0.242716,0,
0.000000,0.814361,0.000000,0.000000,0.108744,0.000000,0.076895,0.000000,0.000000,0.000000,1,
0.000000,0.000000,0.000000,0.000000,0.000000,0.000000,0.000000,1.000000,0.000000,0.000000,7,
0.000000,0.000000,0.268796,0.000000,0.191376,0.000000,0.467479,0.072350,0.000000,0.000000,2,
0.101570,0.000000,0.000000,0.334805,0.000000,0.487446,0.000000,0.000000,0.076179,0.000000,5,
0.000000,0.000000,0.000000,0.000000,0.510757,0.000000,0.000000,0.000000,0.000000,0.489243,4,
0.186044,0.000000,0.000000,0.000000,0.000000,0.089139,0.000000,0.000000,0.724818,0.000000,8,
0.000000,1.000000,0.000000,0.000000,0.000000,0.000000,0.000000,0.000000,0.000000,0.000000,1,
0.000000,0.902334,0.000000,0.000000,0.000000,0.000000,0.000000,0.097666,0.000000,0.000000,1,
0.000000,0.000000,0.000000,0.000000,0.171087,0.000000,0.000000,0.000000,0.000000,0.828913,9,
0.000000,0.000000,0.000000,0.000000,0.000000,0.000000,1.000000,0.000000,0.000000,0.000000,6,
0.077592,0.000000,0.000000,0.000000,0.401899,0.367889,0.000000,0.000000,0.081788,0.070832,5,
0.000000,0.000000,0.000000,0.000000,0.000000,0.000000,1.000000,0.000000,0.000000,0.000000,6,
0.000000,0.000000,0.000000,0.000000,0.760677,0.000000,0.000000,0.000000,0.000000,0.239323,4,
0.229364,0.000000,0.000000,0.000000,0.438163,0.073410,0.183525,0.000000,0.075538,0.000000,4,
0.000000,0.836720,0.000000,0.163280,0.000000,0.000000,0.000000,0.000000,0.000000,0.000000,1,
0.101590,0.000000,0.000000,0.000000,0.233578,0.000000,0.664832,0.000000,0.000000,0.000000,6,
0.000000,1.000000,0.000000,0.000000,0.000000,0.000000,0.000000,0.000000,0.000000,0.000000,1,
0.085022,0.000000,0.000000,0.000000,0.000000,0.410758,0.000000,0.000000,0.427315,0.076905,3,
0.000000,0.000000,0.000000,0.000000,0.175283,0.091632,0.733085,0.000000,0.000000,0.000000,6,
0.000000,0.000000,0.000000,0.000000,0.000000,0.177757,0.000000,0.000000,0.822243,0.000000,8,
0.000000,0.000000,0.330971,0.314431,0.000000,0.000000,0.000000,0.000000,0.354598,0.000000,3,
0.073134,0.000000,0.073134,0.000000,0.086533,0.000000,0.000000,0.000000,0.000000,0.767198,4,
0.000000,0.000000,0.000000,0.000000,0.151286,0.000000,0.848714,0.000000,0.000000,0.000000,6,
0.000000,1.000000,0.000000,0.000000,0.000000,0.000000,0.000000,0.000000,0.000000,0.000000,1,
0.000000,0.000000,0.000000,0.903890,0.000000,0.000000,0.000000,0.096110,0.000000,0.000000,2,
0.000000,0.935340,0.000000,0.000000,0.064660,0.000000,0.000000,0.000000,0.000000,0.000000,1,
0.000000,1.000000,0.000000,0.000000,0.000000,0.000000,0.000000,0.000000,0.000000,0.000000,1,
0.000000,0.000000,0.000000,0.000000,1.000000,0.000000,0.000000,0.000000,0.000000,0.000000,4,
0.076503,0.000000,0.000000,0.075586,0.000000,0.535813,0.000000,0.000000,0.312098,0.000000,8,
0.000000,0.000000,0.000000,0.000000,0.394942,0.000000,0.526833,0.000000,0.000000,0.078224,6,
0.000000,1.000000,0.000000,0.000000,0.000000,0.000000,0.000000,0.000000,0.000000,0.000000,1,
0.000000,0.000000,0.000000,0.000000,0.093261,0.000000,0.000000,0.332816,0.000000,0.573923,4,
0.262139,0.000000,0.000000,0.086900,0.181686,0.000000,0.000000,0.000000,0.146211,0.323063,3,
0.000000,0.000000,0.000000,0.000000,0.575682,0.163749,0.000000,0.178909,0.000000,0.081661,0,
0.000000,1.000000,0.000000,0.000000,0.000000,0.000000,0.000000,0.000000,0.000000,0.000000,1,
0.000000,0.000000,0.000000,0.000000,0.495747,0.000000,0.000000,0.000000,0.000000,0.504253,4,
0.000000,0.000000,0.000000,1.000000,0.000000,0.000000,0.000000,0.000000,0.000000,0.000000,3,
0.000000,0.000000,0.000000,0.000000,0.000000,0.000000,0.000000,0.076046,0.000000,0.923954,9,
0.000000,0.000000,0.000000,0.695711,0.000000,0.304289,0.000000,0.000000,0.000000,0.000000,3,
0.920810,0.000000,0.079190,0.000000,0.000000,0.000000,0.000000,0.000000,0.000000,0.000000,0,
0.000000,0.000000,0.000000,0.764485,0.000000,0.000000,0.000000,0.146068,0.089447,0.000000,3,
0.000000,0.000000,0.000000,0.000000,0.000000,1.000000,0.000000,0.000000,0.000000,0.000000,5,
0.767087,0.000000,0.000000,0.000000,0.158680,0.000000,0.000000,0.000000,0.000000,0.074233,0,
0.000000,1.000000,0.000000,0.000000,0.000000,0.000000,0.000000,0.000000,0.000000,0.000000,1,
0.154978,0.000000,0.000000,0.000000,0.167871,0.000000,0.154979,0.000000,0.083053,0.439119,4,
0.000000,0.000000,0.090689,0.415467,0.084833,0.000000,0.000000,0.090690,0.000000,0.318321,3,
0.852789,0.000000,0.000000,0.000000,0.000000,0.147211,0.000000,0.000000,0.000000,0.000000,0,
1.000000,0.000000,0.000000,0.000000,0.000000,0.000000,0.000000,0.000000,0.000000,0.000000,0,
0.088460,0.000000,0.000000,0.088460,0.000000,0.479581,0.000000,0.000000,0.261146,0.082352,8,
0.000000,0.000000,0.000000,1.000000,0.000000,0.000000,0.000000,0.000000,0.000000,0.000000,3,
0.281464,0.000000,0.000000,0.000000,0.085103,0.000000,0.000000,0.000000,0.227657,0.405776,9,
0.000000,0.000000,0.098186,0.000000,0.000000,0.171370,0.000000,0.000000,0.661017,0.069428,8,
0.000000,0.000000,0.000000,0.000000,0.000000,1.000000,0.000000,0.000000,0.000000,0.000000,5,
0.000000,0.000000,0.000000,0.083590,0.000000,0.091568,0.000000,0.125385,0.158600,0.540857,9,
0.162629,0.000000,0.000000,0.153137,0.080835,0.000000,0.000000,0.000000,0.361545,0.241854,8,
0.000000,0.000000,0.000000,0.000000,0.000000,0.000000,0.000000,0.904108,0.000000,0.095892,7,
0.000000,0.399987,0.085815,0.259586,0.176274,0.000000,0.000000,0.000000,0.078338,0.000000,2,
