0, 1, 2, 3, 4, 5, 6, 7, 8, 9, True
0.001385,0.000007,0.008424,0.000002,0.041883,0.000220,0.946192,0.000000,0.001479,0.000408,6,
0.216123,0.000000,0.000070,0.242021,0.000000,0.494356,0.000000,0.007387,0.039810,0.000234,5,
0.000107,0.000618,0.000001,0.002492,0.011394,0.007169,0.000000,0.762691,0.001148,0.214380,9,
0.002147,0.405643,0.003773,0.017542,0.215473,0.012697,0.003969,0.099783,0.010078,0.228895,9,
0.004513,0.010996,0.001217,0.001271,0.531588,0.010409,0.005494,0.011451,0.033069,0.389990,4,
0.004968,0.000121,0.005205,0.000012,0.004776,0.008068,0.968953,0.000001,0.007480,0.000416,6,
0.040511,0.012427,0.001878,0.248617,0.000098,0.243860,0.000130,0.180526,0.201841,0.070113,5,
0.137457,0.000082,0.001301,0.022903,0.000000,0.242801,0.000078,0.000026,0.595336,0.000016,5,
0.026980,0.000000,0.946844,0.012915,0.000044,0.000173,0.007771,0.000025,0.004873,0.000375,2,
0.000771,0.000000,0.985829,0.000123,0.000000,0.000001,0.013209,0.000000,0.000067,0.000000,2,
0.000116,0.000018,0.000000,0.001170,0.007905,0.005656,0.000000,0.688681,0.001326,0.295127,7,
0.297237,0.000087,0.140014,0.012729,0.000000,0.029562,0.010335,0.000000,0.510034,0.000002,8,
0.952079,0.000000,0.015959,0.000724,0.000064,0.020910,0.000332,0.000003,0.009793,0.000136,0,
0.088108,0.030526,0.010444,0.011044,0.000055,0.356986,0.032086,0.001008,0.462717,0.007026,0,
0.040779,0.000017,0.033140,0.001535,0.405194,0.136856,0.359490,0.000591,0.011100,0.011300,4,
0.518904,0.000000,0.036690,0.078088,0.000000,0.164356,0.000470,0.000027,0.201445,0.000018,8,
0.008229,0.000000,0.558708,0.000062,0.056056,0.000071,0.376427,0.000000,0.000280,0.000166,6,
0.198796,0.000008,0.010107,0.003842,0.000000,0.015679,0.001052,0.000011,0.770181,0.000324,8,
0.093848,0.000008,0.005643,0.000331,0.417447,0.165979,0.143550,0.000378,0.110258,0.062558,4,
0.087497,0.000000,0.334209,0.004476,0.293329,0.036659,0.238311,0.000232,0.002552,0.002735,4,
0.005758,0.000412,0.000038,0.310875,0.000002,0.088112,0.000000,0.548348,0.028659,0.017795,5,
0.000845,0.001467,0.000010,0.004335,0.065382,0.034591,0.000007,0.474860,0.006298,0.412204,7,
0.125647,0.000131,0.002354,0.005846,0.000000,0.084182,0.000668,0.000079,0.780405,0.000687,8,
0.480375,0.000000,0.243164,0.123695,0.021559,0.110226,0.002955,0.004736,0.006922,0.006368,0,
0.079797,0.000000,0.255695,0.000821,0.199390,0.020163,0.440795,0.000027,0.002207,0.001104,2,
0.038139,0.000001,0.002955,0.005354,0.593242,0.031391,0.001037,0.018377,0.026509,0.282994,9,
0.006072,0.008977,0.021037,0.941033,0.000000,0.000770,0.000007,0.001716,0.020271,0.000117,3,
0.008864,0.007638,0.006923,0.000506,0.683903,0.014344,0.131104,0.001121,0.035532,0.110066,9,
0.002330,0.005555,0.159191,0.314928,0.275086,0.001786,0.003169,0.181070,0.000744,0.056142,4,
0.002661,0.000006,0.060877,0.000048,0.054724,0.000737,0.879916,0.000003,0.000660,0.000370,6,
0.109692,0.000700,0.010119,0.318556,0.000001,0.031318,0.000068,0.013157,0.502519,0.013869,8,
0.005458,0.188633,0.003072,0.125108,0.006782,0.017485,0.000280,0.352388,0.034703,0.266090,1,
0.000461,0.000197,0.000043,0.006189,0.071726,0.000770,0.000002,0.300505,0.002931,0.617178,9,
0.000091,0.036705,0.000022,0.011624,0.024177,0.001907,0.000003,0.758275,0.000694,0.166501,7,
0.033955,0.044464,0.020379,0.471569,0.000000,0.381153,0.001309,0.002828,0.044216,0.000127,3,
0.333522,0.000002,0.015063,0.001710,0.000128,0.342739,0.048077,0.000055,0.256832,0.001871,8,
0.130451,0.000000,0.014766,0.835349,0.000000,0.002772,0.000000,0.000285,0.016357,0.000021,3,
0.057733,0.000000,0.041962,0.000062,0.010889,0.013051,0.851282,0.000002,0.023917,0.001102,6,
0.005610,0.002565,0.012926,0.009710,0.633138,0.003291,0.004914,0.024975,0.011947,0.290925,4,
0.005145,0.000167,0.367482,0.002061,0.454200,0.000202,0.147445,0.000266,0.002894,0.020139,4,
0.021258,0.000000,0.000012,0.009489,0.026375,0.148100,0.000001,0.358192,0.019763,0.416811,5,
0.801566,0.000000,0.024784,0.000331,0.158976,0.006063,0.000630,0.000016,0.004085,0.003548,0,
0.165671,0.000562,0.041536,0.017665,0.000000,0.018389,0.004021,0.000082,0.750924,0.001149,8,
0.001396,0.947091,0.006564,0.008272,0.000992,0.002074,0.003915,0.003898,0.011051,0.014746,1,
0.159405,0.000001,0.001200,0.000198,0.000152,0.622174,0.025504,0.000022,0.190022,0.001321,8,
0.021080,0.012955,0.140564,0.791864,0.000000,0.009305,0.000394,0.000190,0.023638,0.000010,3,
0.000256,0.000003,0.020546,0.000000,0.014588,0.000005,0.964302,0.000000,0.000227,0.000074,6,
0.000527,0.000429,0.000028,0.118673,0.000085,0.012109,0.000000,0.847609,0.001264,0.019275,7,
0.007801,0.000000,0.003413,0.985336,0.000000,0.002318,0.000000,0.000004,0.001128,0.000000,3,
0.001293,0.001742,0.000013,0.005672,0.061359,0.102666,0.000015,0.513464,0.007355,0.306422,9,
0.021271,0.021809,0.057582,0.846405,0.000000,0.018974,0.000236,0.000661,0.033030,0.000031,3,
0.011981,0.000000,0.003294,0.980065,0.000000,0.004613,0.000000,0.000007,0.000039,0.000000,0,
0.019544,0.001437,0.035262,0.013408,0.689184,0.067470,0.072405,0.014390,0.012869,0.074031,4,
0.004022,0.361669,0.000864,0.063198,0.004359,0.045556,0.000248,0.304936,0.033683,0.181465,9,
0.174045,0.000270,0.022090,0.007661,0.000035,0.035017,0.008597,0.000291,0.741688,0.010308,8,
0.001178,0.213705,0.001147,0.015078,0.247434,0.009319,0.000845,0.192611,0.006358,0.312326,1,
0.000923,0.938823,0.032300,0.017239,0.000019,0.000236,0.002471,0.000713,0.005563,0.001713,1,
0.076839,0.000002,0.012168,0.002026,0.571889,0.210097,0.061962,0.001785,0.024658,0.038575,4,
0.558004,0.000000,0.003317,0.000764,0.000013,0.093442,0.001362,0.000018,0.341713,0.001368,0,
0.000872,0.000007,0.012514,0.000003,0.024634,0.000191,0.961070,0.000000,0.000547,0.000162,6,
0.014647,0.585080,0.026770,0.173064,0.000565,0.095970,0.008312,0.039789,0.038419,0.017383,1,
0.031915,0.000086,0.000149,0.000953,0.025864,0.731974,0.002094,0.006558,0.114325,0.086080,5,
0.415229,0.000003,0.029180,0.009190,0.000002,0.249723,0.011375,0.000051,0.284841,0.000406,0,
0.000000,0.000005,0.000000,0.000654,0.000094,0.000002,0.000000,0.945623,0.000008,0.053615,7,
0.213964,0.000001,0.000987,0.000523,0.000000,0.162044,0.001076,0.000001,0.621375,0.000029,8,
0.041135,0.000922,0.711299,0.122565,0.000000,0.000131,0.000145,0.000000,0.123804,0.000000,2,
0.000703,0.020404,0.000049,0.001596,0.151929,0.004127,0.000058,0.093721,0.012593,0.714820,4,
0.001125,0.001658,0.000322,0.183356,0.000315,0.000927,0.000001,0.662559,0.006220,0.143517,7,
0.060806,0.000000,0.195254,0.000010,0.005498,0.001592,0.736298,0.000000,0.000527,0.000014,6,
0.041653,0.000000,0.505676,0.001451,0.248865,0.002419,0.195858,0.000046,0.001716,0.002315,4,
0.003864,0.060025,0.003883,0.008419,0.526268,0.015237,0.006599,0.051304,0.015584,0.308818,4,
0.068067,0.143582,0.200390,0.210355,0.000034,0.012547,0.009320,0.005252,0.331655,0.018798,0,
0.048726,0.000002,0.018641,0.007087,0.735925,0.030855,0.009171,0.007757,0.019232,0.122603,4,
0.115217,0.000000,0.000227,0.001389,0.000000,0.755198,0.000193,0.000021,0.127702,0.000052,8,
0.000010,0.005571,0.000002,0.007018,0.004322,0.000126,0.000000,0.894285,0.000099,0.088567,7,
0.000345,0.924989,0.003725,0.021395,0.003933,0.001417,0.000868,0.026953,0.001321,0.015053,1,
0.351041,0.000003,0.275268,0.002905,0.000000,0.008409,0.030230,0.000000,0.332141,0.000003,0,
0.000043,0.010694,0.983003,0.001272,0.000001,0.000000,0.004923,0.000001,0.000054,0.000009,2,
0.000089,0.000185,0.000004,0.011175,0.007128,0.004180,0.000000,0.919729,0.000236,0.057274,7,
0.059803,0.007428,0.004913,0.118968,0.000111,0.030912,0.000185,0.048571,0.572572,0.156538,0,
0.000718,0.032371,0.001323,0.219628,0.004062,0.009003,0.000039,0.696638,0.001069,0.035149,7,
0.011088,0.000600,0.010645,0.005231,0.698094,0.009361,0.009918,0.012246,0.018875,0.223943,4,
0.037845,0.213800,0.147388,0.356788,0.000025,0.006400,0.002773,0.011546,0.201329,0.022107,1,
0.023677,0.000000,0.223277,0.001247,0.124724,0.018023,0.607270,0.000051,0.001023,0.000708,2,
0.000260,0.958935,0.003253,0.017466,0.000215,0.000236,0.000215,0.008840,0.002033,0.008548,1,
0.000152,0.977564,0.009129,0.004353,0.000875,0.000086,0.002045,0.001301,0.000793,0.003701,1,
0.000685,0.002633,0.000020,0.005987,0.026239,0.005052,0.000003,0.374368,0.008409,0.576604,9,
0.000477,0.000178,0.000574,0.071485,0.055163,0.000844,0.000004,0.716089,0.000545,0.154641,7,
0.078211,0.001814,0.036084,0.021794,0.000006,0.001965,0.001081,0.000523,0.839519,0.019004,0,
0.119546,0.014304,0.055027,0.266617,0.000000,0.045108,0.000355,0.000004,0.499038,0.000001,2,
0.000209,0.956314,0.014603,0.005707,0.006727,0.000162,0.004847,0.002756,0.000787,0.007888,1,
0.405443,0.000000,0.001357,0.010478,0.000000,0.526262,0.000017,0.000000,0.056441,0.000000,5,
0.438208,0.000000,0.012071,0.031019,0.000001,0.419576,0.000712,0.000233,0.097872,0.000307,0,
0.112164,0.000000,0.175668,0.000257,0.010437,0.025619,0.671462,0.000003,0.004171,0.000218,4,
0.836111,0.000000,0.000627,0.013124,0.000000,0.124034,0.000000,0.000003,0.026100,0.000001,0,
0.001210,0.000000,0.001788,0.996732,0.000000,0.000023,0.000000,0.000001,0.000246,0.000000,3,
0.074883,0.000049,0.018862,0.729919,0.000000,0.005164,0.000007,0.001272,0.169522,0.000322,3,
0.027479,0.015790,0.002607,0.099920,0.000045,0.761987,0.001168,0.027838,0.057236,0.005931,5,
0.002968,0.000563,0.008490,0.000056,0.083346,0.011179,0.889250,0.000019,0.002692,0.001438,6,
0.147871,0.000009,0.000721,0.005295,0.000002,0.421154,0.000399,0.000404,0.422126,0.002019,8,
0.016408,0.000215,0.000208,0.039602,0.002423,0.033880,0.000010,0.272478,0.113939,0.520836,8,
0.017211,0.032648,0.042118,0.856117,0.000000,0.020264,0.000220,0.001913,0.029412,0.000098,3,
0.110590,0.000000,0.014253,0.005231,0.592116,0.183794,0.016202,0.004430,0.020238,0.053145,4,
0.006871,0.268384,0.011430,0.004524,0.350741,0.014295,0.051246,0.011448,0.041842,0.239220,9,
0.000973,0.816750,0.017742,0.099704,0.001067,0.001080,0.000777,0.039339,0.003428,0.019140,1,
0.314389,0.000017,0.034803,0.002510,0.000000,0.076643,0.023869,0.000002,0.547712,0.000055,8,
0.008331,0.679921,0.014265,0.091257,0.004282,0.055163,0.006656,0.064368,0.028300,0.047456,1,
0.043457,0.000000,0.000139,0.832863,0.000000,0.119506,0.000000,0.001182,0.002850,0.000002,3,
0.000044,0.000017,0.000001,0.002660,0.006153,0.000177,0.000000,0.667967,0.000457,0.322524,7,
0.001644,0.947314,0.010915,0.010013,0.000531,0.002531,0.006501,0.002611,0.010021,0.007920,1,
0.000224,0.869541,0.004650,0.019743,0.029101,0.000761,0.001048,0.044959,0.000705,0.029268,1,
0.003199,0.008646,0.008364,0.000158,0.143171,0.021270,0.805886,0.000100,0.004874,0.004332,6,
0.026432,0.000000,0.000121,0.868072,0.000000,0.097113,0.000000,0.000546,0.007714,0.000001,5,
0.001727,0.864366,0.002994,0.015954,0.011932,0.035973,0.006325,0.030726,0.006054,0.023950,1,
0.127851,0.000001,0.000858,0.000720,0.056072,0.594631,0.007956,0.001417,0.149844,0.060650,9,
0.135893,0.000000,0.171879,0.681261,0.000000,0.010790,0.000003,0.000002,0.000173,0.000000,0,
0.537853,0.000000,0.048868,0.019518,0.000126,0.109049,0.005813,0.000480,0.271971,0.006321,2,
0.000454,0.001182,0.000036,0.002907,0.091493,0.000990,0.000005,0.169776,0.005181,0.727976,9,
0.026838,0.000001,0.042336,0.048974,0.636658,0.005409,0.001154,0.044030,0.006686,0.187915,4,
0.004947,0.000000,0.000060,0.071740,0.022332,0.011032,0.000000,0.816990,0.000447,0.072453,7,
0.143234,0.000000,0.005433,0.029667,0.168423,0.065163,0.000336,0.056732,0.075592,0.455420,9,
0.517749,0.000000,0.010938,0.001848,0.000017,0.379502,0.007628,0.000020,0.082014,0.000284,0,
0.600579,0.000000,0.001838,0.024552,0.000000,0.331706,0.000007,0.000011,0.041304,0.000003,0,
0.035785,0.000000,0.006430,0.940162,0.000000,0.001450,0.000000,0.000018,0.016154,0.000000,3,
0.938045,0.000000,0.017243,0.018395,0.000000,0.022253,0.000007,0.000014,0.004027,0.000017,0,
0.000726,0.006370,0.971160,0.004834,0.000000,0.000006,0.016147,0.000002,0.000738,0.000016,2,
0.016087,0.036138,0.066372,0.005991,0.099850,0.083585,0.658146,0.001957,0.016781,0.015093,6,
0.000093,0.000000,0.994368,0.005526,0.000000,0.000000,0.000009,0.000000,0.000005,0.000000,2,
0.014703,0.038859,0.049618,0.001218,0.002714,0.029680,0.828260,0.000095,0.032188,0.002665,6,
0.236040,0.000098,0.014037,0.033439,0.000000,0.121415,0.001037,0.000085,0.593647,0.000202,0,
0.026457,0.000000,0.809865,0.159157,0.000021,0.000537,0.001014,0.000380,0.002199,0.000371,7,
0.067129,0.000143,0.003971,0.699427,0.000000,0.124966,0.000005,0.000060,0.104297,0.000001,3,
0.295691,0.000033,0.028313,0.016426,0.000000,0.384979,0.006679,0.000004,0.267871,0.000005,0,
0.098733,0.017609,0.029987,0.179979,0.000000,0.032456,0.000737,0.001558,0.636615,0.002326,8,
0.003658,0.000079,0.554432,0.037018,0.355147,0.000133,0.009592,0.005572,0.000924,0.033445,4,
0.051013,0.000002,0.005978,0.030907,0.469681,0.229328,0.001848,0.073546,0.012869,0.124829,5,
0.240144,0.000024,0.016317,0.000677,0.000012,0.207523,0.129588,0.000008,0.405149,0.000558,8,
0.020314,0.000000,0.002718,0.003437,0.525148,0.003176,0.000282,0.011725,0.019906,0.413294,8,
0.008028,0.000000,0.024658,0.000001,0.000573,0.000288,0.965650,0.000000,0.000795,0.000007,6,
0.003091,0.003063,0.000550,0.015312,0.261733,0.022312,0.000231,0.253557,0.009778,0.430374,7,
0.000579,0.000141,0.000027,0.000603,0.106565,0.000359,0.000006,0.031915,0.009062,0.850743,3,
0.001845,0.000534,0.000032,0.018452,0.009225,0.021012,0.000003,0.595680,0.011057,0.342159,7,
0.028982,0.000000,0.001015,0.001689,0.468486,0.004803,0.000134,0.008204,0.028394,0.458293,9,
0.003620,0.000031,0.016853,0.000009,0.001456,0.000949,0.972906,0.000000,0.004023,0.000152,6,
0.090073,0.002055,0.004503,0.071239,0.000001,0.041605,0.000171,0.004487,0.772667,0.013198,8,
0.020505,0.481786,0.033119,0.319842,0.000006,0.039782,0.001931,0.013699,0.084377,0.004953,3,
0.001514,0.539596,0.005858,0.025336,0.040662,0.001164,0.000895,0.075088,0.013560,0.296327,4,
0.443401,0.000005,0.063138,0.026543,0.000002,0.197872,0.009897,0.000116,0.258504,0.000522,0,
0.001447,0.939244,0.008849,0.015964,0.000447,0.001422,0.002109,0.005333,0.011197,0.013988,1,
0.094455,0.022213,0.016273,0.161477,0.000019,0.082514,0.001170,0.014781,0.578513,0.028585,8,
0.051046,0.234586,0.027069,0.010212,0.001839,0.230186,0.187488,0.002026,0.235631,0.019917,8,
0.008084,0.002498,0.009844,0.000864,0.734158,0.004675,0.046473,0.001722,0.028192,0.163490,4,
0.056143,0.027692,0.022947,0.565908,0.000001,0.035154,0.000262,0.017744,0.266020,0.008127,8,
0.000716,0.007773,0.000017,0.004981,0.029623,0.009590,0.000006,0.367372,0.010536,0.569385,9,
0.003334,0.000000,0.045740,0.000006,0.009217,0.000734,0.940861,0.000000,0.000098,0.000011,6,
0.651366,0.000000,0.002905,0.004797,0.000000,0.283771,0.000091,0.000006,0.057051,0.000012,0,
0.086717,0.001686,0.008574,0.003212,0.000055,0.645117,0.079159,0.000181,0.173889,0.001410,5,
0.000739,0.265313,0.000971,0.114335,0.005118,0.009096,0.000073,0.533699,0.002704,0.067951,7,
0.043171,0.000221,0.000169,0.003174,0.000001,0.729649,0.000330,0.000482,0.221784,0.001019,5,
0.177207,0.000023,0.008397,0.000557,0.001056,0.041898,0.034104,0.000074,0.715563,0.021122,0,
0.000517,0.066935,0.262436,0.000258,0.036282,0.000022,0.629714,0.000015,0.001201,0.002621,2,
0.037749,0.000000,0.416322,0.011551,0.495023,0.000439,0.005804,0.001035,0.002577,0.029499,6,
0.529734,0.000000,0.016062,0.002831,0.000000,0.030289,0.000787,0.000001,0.420288,0.000008,0,
0.017201,0.001105,0.009470,0.000623,0.618124,0.046315,0.219562,0.000885,0.030853,0.055861,4,
0.001148,0.000001,0.008498,0.000002,0.017136,0.000376,0.972313,0.000000,0.000447,0.000079,6,
0.002901,0.011057,0.000816,0.003832,0.093618,0.001626,0.000285,0.035377,0.040180,0.810309,9,
0.082589,0.001670,0.158773,0.027639,0.000883,0.000873,0.004781,0.001803,0.565567,0.155421,0,
0.093734,0.015594,0.007384,0.070402,0.000030,0.178863,0.001651,0.010406,0.596130,0.025805,8,
0.011044,0.001319,0.232658,0.745994,0.000000,0.001083,0.000155,0.000193,0.007538,0.000015,3,
0.001386,0.942145,0.024935,0.002261,0.000008,0.000316,0.014107,0.000053,0.014062,0.000728,1,
0.021046,0.000114,0.003068,0.000495,0.702458,0.028305,0.030157,0.001495,0.052994,0.159870,4,
0.001611,0.000002,0.023239,0.000009,0.025116,0.000565,0.948927,0.000000,0.000411,0.000119,6,
0.000008,0.000897,0.000001,0.003436,0.002970,0.000068,0.000000,0.867491,0.000101,0.125029,7,
0.000496,0.001810,0.000015,0.009916,0.037222,0.029857,0.000005,0.738496,0.002069,0.180114,7,
0.678606,0.000000,0.170440,0.139371,0.000009,0.002007,0.000012,0.000283,0.008616,0.000656,3,
0.001086,0.007819,0.368762,0.000553,0.366714,0.000014,0.231017,0.000074,0.002266,0.021697,6,
0.313230,0.000005,0.008140,0.029247,0.000000,0.276514,0.000494,0.000034,0.372297,0.000038,8,
0.123781,0.000000,0.000154,0.072023,0.005279,0.283726,0.000001,0.312992,0.031729,0.170317,7,
0.001036,0.952185,0.014296,0.002349,0.000341,0.000216,0.007537,0.000377,0.013524,0.008140,1,
0.000749,0.000074,0.000001,0.000969,0.041182,0.029595,0.000001,0.301006,0.009412,0.617010,9,
0.013125,0.010209,0.027389,0.911149,0.000000,0.013063,0.000088,0.005181,0.019526,0.000268,3,
0.012038,0.000839,0.010620,0.002465,0.733643,0.010925,0.024468,0.005114,0.024212,0.175677,4,
0.317745,0.000001,0.005785,0.025947,0.000000,0.044009,0.000047,0.000006,0.606453,0.000009,8,
0.000104,0.000002,0.000001,0.008035,0.004505,0.002727,0.000000,0.922324,0.000190,0.062112,7,
0.020056,0.000921,0.032908,0.005438,0.691962,0.047795,0.118522,0.005061,0.015575,0.061760,6,
0.000226,0.918519,0.005300,0.012503,0.024880,0.001299,0.002829,0.020555,0.000553,0.013337,1,
0.052505,0.000099,0.351987,0.001231,0.000580,0.003713,0.543643,0.000011,0.045005,0.001227,6,
0.001688,0.000140,0.024466,0.000039,0.058408,0.001219,0.912373,0.000005,0.001020,0.000642,6,
0.950553,0.000000,0.000264,0.000031,0.000000,0.024718,0.000002,0.000000,0.024431,0.000000,0,
0.000111,0.009888,0.000011,0.010226,0.016976,0.004378,0.000001,0.827775,0.000688,0.129946,7,
0.000253,0.000000,0.727369,0.000002,0.000131,0.000000,0.272230,0.000000,0.000013,0.000001,2,
0.006497,0.056182,0.005252,0.006402,0.603707,0.044109,0.023830,0.029335,0.020575,0.204111,4,
0.286722,0.000000,0.058730,0.516480,0.000000,0.111917,0.000062,0.000059,0.026026,0.000003,0,
0.000072,0.000002,0.986213,0.000024,0.000000,0.000000,0.013661,0.000000,0.000028,0.000000,2,
0.002376,0.000376,0.000502,0.003694,0.284687,0.001882,0.000113,0.052447,0.012099,0.641823,9,
0.002707,0.003607,0.000544,0.021847,0.078263,0.006505,0.000064,0.283930,0.014037,0.588495,9,
0.009759,0.000000,0.000105,0.012171,0.161123,0.027313,0.000006,0.276011,0.009470,0.504042,3,
0.000275,0.000122,0.000001,0.001778,0.021098,0.010879,0.000000,0.557594,0.003018,0.405235,7,
0.007365,0.000007,0.000133,0.376650,0.000020,0.075178,0.000000,0.520150,0.006831,0.013665,3,
0.000528,0.000000,0.000332,0.998379,0.000000,0.000068,0.000000,0.000411,0.000282,0.000001,3,
0.002988,0.825881,0.103931,0.023169,0.000336,0.001401,0.027021,0.001267,0.009853,0.004154,3,
0.050483,0.013058,0.053086,0.739121,0.000000,0.060690,0.000404,0.000528,0.082594,0.000035,3,
0.093540,0.000001,0.100753,0.000017,0.000138,0.000214,0.415810,0.000000,0.388037,0.001491,6,
0.018416,0.013876,0.000729,0.171982,0.000000,0.736253,0.000071,0.005899,0.052564,0.000209,5,
0.054758,0.000000,0.511123,0.000230,0.000001,0.006707,0.426584,0.000000,0.000596,0.000000,6,
0.772604,0.000000,0.004694,0.000033,0.190083,0.010474,0.001480,0.000004,0.015010,0.005618,0,
0.009130,0.052678,0.003139,0.581432,0.000025,0.016871,0.000027,0.242981,0.051880,0.041838,3,
0.009449,0.038276,0.012827,0.022077,0.574221,0.116186,0.036278,0.060127,0.012424,0.118135,4,
0.008783,0.747245,0.064723,0.110809,0.000050,0.004412,0.004460,0.006146,0.044277,0.009096,1,
0.000164,0.960608,0.003231,0.009037,0.002225,0.000188,0.000477,0.009428,0.001051,0.013589,1,
0.002701,0.916374,0.008472,0.007369,0.003120,0.008775,0.015705,0.004099,0.016096,0.017289,1,
0.017660,0.000029,0.002113,0.923771,0.000000,0.002095,0.000000,0.000775,0.053529,0.000028,3,
0.002429,0.880140,0.063596,0.003685,0.000027,0.000147,0.016092,0.000092,0.030877,0.002915,1,
0.103212,0.051859,0.058535,0.024387,0.000011,0.044979,0.028453,0.000527,0.681855,0.006182,8,
0.001463,0.000003,0.014549,0.000006,0.025299,0.000659,0.957355,0.000000,0.000523,0.000141,6,
0.019098,0.001917,0.000313,0.000868,0.000046,0.004051,0.000176,0.000638,0.896769,0.076124,8,
0.131342,0.017913,0.181366,0.336979,0.000000,0.075264,0.005753,0.000407,0.250777,0.000200,3,
0.000040,0.004091,0.000003,0.009849,0.002538,0.001164,0.000000,0.904166,0.000322,0.077828,7,
0.004326,0.168089,0.022104,0.014045,0.569637,0.016367,0.044980,0.028808,0.009209,0.122436,4,
0.058760,0.000198,0.001417,0.451357,0.000000,0.014531,0.000001,0.012300,0.457237,0.004198,3,
0.750191,0.000000,0.132691,0.105931,0.000000,0.010510,0.000004,0.000001,0.000673,0.000000,0,
0.014962,0.000000,0.978244,0.004750,0.000000,0.000046,0.001237,0.000000,0.000761,0.000000,3,
0.003739,0.003850,0.006488,0.010674,0.524352,0.002545,0.001794,0.044191,0.010683,0.391683,4,
0.000623,0.961932,0.011473,0.011261,0.000055,0.000133,0.000815,0.001440,0.006657,0.005612,1,
0.215855,0.000000,0.000057,0.039464,0.000111,0.542692,0.000001,0.066543,0.090998,0.044278,5,
0.001044,0.000057,0.000002,0.001006,0.053103,0.031433,0.000001,0.245688,0.011664,0.656001,9,
0.002705,0.860974,0.056193,0.001756,0.000054,0.000108,0.024008,0.000057,0.049303,0.004842,1,
0.059093,0.000001,0.001005,0.000679,0.487992,0.278256,0.009319,0.002708,0.054782,0.106163,5,
0.005737,0.000677,0.000173,0.008505,0.007225,0.004041,0.000014,0.088237,0.083869,0.801521,8,
0.000206,0.032263,0.000383,0.040156,0.031156,0.000338,0.000007,0.606707,0.001207,0.287576,7,
0.162276,0.000001,0.001591,0.001893,0.000001,0.675354,0.002903,0.000042,0.155701,0.000238,0,
0.000767,0.047073,0.699432,0.011689,0.037460,0.000207,0.200490,0.000607,0.000313,0.001963,2,
0.007520,0.001926,0.003421,0.001739,0.636075,0.008586,0.008770,0.007741,0.029042,0.295179,4,
0.343002,0.000000,0.017796,0.002298,0.507703,0.073798,0.004712,0.000809,0.017807,0.032075,4,
0.074462,0.000002,0.000181,0.005155,0.000000,0.793486,0.000026,0.000002,0.126686,0.000000,5,
0.059939,0.000814,0.029265,0.000236,0.061296,0.007064,0.384880,0.000070,0.376244,0.080194,6,
0.090921,0.000556,0.001231,0.002104,0.000007,0.229724,0.003378,0.000226,0.667857,0.003996,8,
0.004879,0.001325,0.006071,0.008308,0.546679,0.002860,0.001803,0.032543,0.012490,0.383042,9,
0.966800,0.000000,0.025034,0.000415,0.000000,0.005217,0.000074,0.000000,0.002459,0.000001,0,
0.001383,0.941840,0.011085,0.004539,0.002495,0.002100,0.015252,0.001786,0.008510,0.011010,1,
0.008488,0.000026,0.000123,0.001347,0.308283,0.028563,0.000162,0.032519,0.035386,0.585103,9,
0.307266,0.000001,0.002315,0.025475,0.000000,0.275950,0.000070,0.000035,0.388859,0.000029,0,
0.126488,0.000904,0.008346,0.016737,0.000000,0.054137,0.000909,0.000037,0.792299,0.000143,8,
0.070116,0.006105,0.043073,0.002805,0.096871,0.018704,0.147828,0.001426,0.380269,0.232804,4,
0.008194,0.008973,0.011415,0.000947,0.706651,0.010401,0.111161,0.001732,0.026936,0.113589,4,
0.001120,0.755249,0.114194,0.009875,0.019714,0.000833,0.086992,0.001822,0.002126,0.008073,7,
0.289206,0.000001,0.003942,0.000411,0.000000,0.331202,0.011907,0.000000,0.363325,0.000005,8,
0.286039,0.000012,0.019673,0.021604,0.010155,0.107386,0.004790,0.007526,0.394707,0.148110,8,
0.002458,0.796579,0.006458,0.016295,0.045844,0.039843,0.018080,0.030939,0.006929,0.036574,1,
0.001487,0.000003,0.836825,0.000396,0.000045,0.000025,0.161026,0.000000,0.000181,0.000010,2,
0.010639,0.000816,0.000319,0.386236,0.000013,0.023113,0.000001,0.451222,0.060407,0.067233,9,
0.006762,0.127055,0.213836,0.001891,0.002935,0.001466,0.622202,0.000077,0.019856,0.003920,6,
0.000354,0.005287,0.000008,0.003596,0.051582,0.008646,0.000004,0.461985,0.004248,0.464290,9,
0.001940,0.933630,0.015986,0.019123,0.000393,0.003710,0.006767,0.003743,0.008583,0.006127,1,
0.000859,0.432907,0.000950,0.010668,0.120169,0.004189,0.000614,0.122328,0.007451,0.299865,4,
0.088355,0.150220,0.048832,0.060768,0.000618,0.216163,0.047375,0.007942,0.349107,0.030619,8,
0.000496,0.966697,0.007635,0.008152,0.001212,0.001243,0.004377,0.003254,0.002003,0.004931,1,
0.001988,0.000000,0.021835,0.000000,0.000098,0.000039,0.975528,0.000000,0.000509,0.000003,6,
0.062178,0.002161,0.006727,0.004484,0.000003,0.777275,0.041979,0.000101,0.104827,0.000265,5,
0.057170,0.004035,0.280612,0.001615,0.000007,0.005017,0.492293,0.000004,0.158861,0.000387,6,
0.018521,0.000007,0.002981,0.021945,0.466416,0.025552,0.000367,0.102469,0.013246,0.348496,7,
0.011004,0.000272,0.000443,0.000763,0.495508,0.036819,0.002601,0.009209,0.053706,0.389675,4,
0.356219,0.000001,0.007954,0.000750,0.000000,0.224346,0.007749,0.000000,0.402981,0.000001,8,
0.053760,0.000226,0.008348,0.026968,0.000000,0.876654,0.005239,0.000157,0.028611,0.000036,5,
0.000051,0.000000,0.997353,0.000108,0.000000,0.000000,0.002483,0.000000,0.000005,0.000000,2,
0.000051,0.004452,0.000027,0.021691,0.011375,0.000646,0.000001,0.887554,0.000178,0.074025,7,
0.009805,0.000000,0.003605,0.982003,0.000000,0.003849,0.000000,0.000001,0.000737,0.000000,3,
0.004922,0.046128,0.050398,0.004251,0.277555,0.037901,0.562570,0.002162,0.003707,0.010406,6,
0.030838,0.000000,0.123988,0.001955,0.739002,0.000190,0.005401,0.000420,0.008761,0.089446,6,
0.020219,0.602550,0.011952,0.045094,0.000371,0.029683,0.004520,0.014919,0.212779,0.057913,1,
0.167326,0.000050,0.014016,0.000486,0.000000,0.027544,0.031181,0.000002,0.759203,0.000192,8,
0.055506,0.000070,0.000211,0.107515,0.000004,0.039063,0.000001,0.079834,0.617349,0.100447,3,
0.007243,0.511485,0.010966,0.113664,0.006822,0.203021,0.009718,0.099903,0.012412,0.024765,1,
0.005144,0.000096,0.956175,0.019880,0.000000,0.000267,0.017394,0.000007,0.001026,0.000010,2,
0.148888,0.000203,0.031944,0.070684,0.000000,0.006785,0.000308,0.000565,0.736573,0.004050,8,
0.016863,0.029296,0.034534,0.827087,0.000000,0.069362,0.000510,0.004922,0.017257,0.000168,3,
0.041144,0.000000,0.438052,0.005858,0.251182,0.015725,0.243606,0.000292,0.001593,0.002547,2,
0.000489,0.001983,0.000015,0.023335,0.003965,0.036973,0.000002,0.860260,0.001751,0.071226,7,
0.000111,0.000587,0.000004,0.007979,0.008117,0.003027,0.000000,0.845557,0.000638,0.133979,7,
0.015283,0.000280,0.161599,0.809734,0.000000,0.000723,0.000020,0.000004,0.012358,0.000000,3,
0.007652,0.044676,0.067087,0.856161,0.000000,0.004358,0.000246,0.007329,0.011857,0.000633,3,
0.000076,0.000035,0.000004,0.011762,0.006396,0.001341,0.000000,0.911174,0.000181,0.069032,7,
0.415441,0.000000,0.022548,0.000309,0.000000,0.288817,0.121571,0.000000,0.151304,0.000009,0,
0.000268,0.000525,0.000210,0.005030,0.102687,0.000047,0.000003,0.110526,0.002319,0.778384,9,
0.001795,0.035869,0.000142,0.012810,0.048331,0.020130,0.000069,0.344473,0.017739,0.518642,9,
0.000549,0.000000,0.014415,0.000000,0.001873,0.000013,0.983123,0.000000,0.000026,0.000001,6,
0.055680,0.000002,0.000386,0.000090,0.454542,0.277249,0.021218,0.000459,0.102818,0.087556,4,
0.473743,0.000000,0.004389,0.031896,0.000000,0.451044,0.000036,0.000007,0.038883,0.000001,5,
0.091729,0.002013,0.473347,0.156486,0.032315,0.043141,0.071162,0.017043,0.054252,0.058512,9,
0.481395,0.000000,0.117557,0.000388,0.318647,0.019336,0.052829,0.000015,0.006894,0.002939,0,
0.000079,0.000002,0.000000,0.008251,0.000018,0.002780,0.000000,0.958198,0.000543,0.030130,7,
0.000311,0.001057,0.000054,0.200065,0.000018,0.000553,0.000000,0.760436,0.001813,0.035694,7,
0.000873,0.039429,0.000120,0.042314,0.005940,0.012093,0.000012,0.700794,0.006227,0.192198,7,
0.434085,0.000000,0.498894,0.000026,0.000000,0.000818,0.049120,0.000000,0.017057,0.000000,2,
0.424130,0.000000,0.035288,0.278194,0.000000,0.163384,0.000124,0.000186,0.098653,0.000039,3,
0.000736,0.954482,0.003626,0.008250,0.002135,0.002371,0.002503,0.007275,0.004562,0.014060,1,
0.200432,0.000000,0.000285,0.000761,0.000000,0.615809,0.000148,0.000001,0.182563,0.000002,5,
0.057619,0.310415,0.078924,0.242507,0.000000,0.117138,0.009356,0.001576,0.181764,0.000700,8,
0.003342,0.015789,0.000525,0.003838,0.376133,0.021612,0.001146,0.066182,0.022055,0.489378,9,
0.171297,0.000000,0.001987,0.408935,0.000003,0.310157,0.000007,0.035598,0.067200,0.004816,3,
0.051261,0.058897,0.082487,0.588940,0.000000,0.017380,0.000810,0.004440,0.193658,0.002128,8,
0.012503,0.001669,0.004900,0.000198,0.639802,0.020335,0.194915,0.000398,0.046354,0.078927,8,
0.125138,0.009150,0.030340,0.018663,0.000007,0.482496,0.057738,0.000347,0.274993,0.001128,5,
0.003958,0.722112,0.004820,0.008033,0.053158,0.017813,0.012819,0.020690,0.029072,0.127524,1,
0.005125,0.000003,0.103398,0.890311,0.000000,0.000286,0.000003,0.000003,0.000871,0.000000,3,
0.112467,0.031487,0.418710,0.094583,0.000001,0.022612,0.040505,0.000234,0.278554,0.000848,0,
0.003880,0.015978,0.009801,0.093137,0.342962,0.024240,0.002052,0.335351,0.004032,0.168566,7,
0.000622,0.945263,0.013001,0.016520,0.000192,0.000108,0.000620,0.003507,0.006587,0.013581,1,
0.049091,0.011215,0.002596,0.437581,0.000001,0.105118,0.000040,0.053759,0.325792,0.014807,9,
0.006070,0.000188,0.001340,0.003427,0.450484,0.005001,0.000627,0.026426,0.019619,0.486817,7,
0.078703,0.008184,0.449400,0.030500,0.000000,0.001115,0.011474,0.000023,0.420154,0.000448,8,
0.043380,0.049861,0.397670,0.385535,0.000000,0.004087,0.002832,0.000383,0.115952,0.000299,2,
0.008762,0.004530,0.008919,0.000158,0.033889,0.042184,0.880283,0.000056,0.017252,0.003966,5,
0.336727,0.000001,0.006778,0.010662,0.000000,0.075597,0.000334,0.000014,0.569820,0.000068,8,
0.005560,0.013379,0.034203,0.000842,0.606276,0.003353,0.266650,0.000674,0.014088,0.054974,4,
0.004211,0.881557,0.020401,0.023408,0.001208,0.004837,0.008257,0.006863,0.025888,0.023370,1,
0.000121,0.014159,0.000011,0.011292,0.010566,0.003556,0.000001,0.811114,0.000968,0.148212,7,
0.003293,0.003533,0.914311,0.066047,0.000000,0.000333,0.011277,0.000032,0.001157,0.000015,2,
0.162973,0.000074,0.003000,0.040114,0.000101,0.155973,0.000321,0.011445,0.573728,0.052271,5,
0.000553,0.006610,0.000065,0.012096,0.077414,0.007621,0.000014,0.549801,0.003072,0.342754,3,
0.006354,0.851227,0.056789,0.018044,0.000030,0.002052,0.014410,0.000633,0.046593,0.003868,1,
0.000926,0.006071,0.000678,0.023841,0.169134,0.002183,0.000055,0.357431,0.003473,0.436209,9,
0.004510,0.725997,0.009291,0.123820,0.000128,0.003151,0.000331,0.041976,0.044962,0.045834,8,
0.001516,0.000000,0.985244,0.000707,0.000000,0.000005,0.012342,0.000000,0.000186,0.000000,2,
0.006457,0.000087,0.098982,0.001591,0.092434,0.025070,0.773628,0.000152,0.000794,0.000804,6,
0.000651,0.185146,0.000188,0.008331,0.145593,0.009679,0.000167,0.269196,0.005908,0.375142,4,
0.162572,0.003033,0.079953,0.026809,0.009255,0.056910,0.044092,0.005289,0.480598,0.131489,8,
0.000051,0.000320,0.000002,0.004850,0.007997,0.000945,0.000000,0.829151,0.000377,0.156307,7,
0.034745,0.000000,0.000004,0.277511,0.000000,0.504232,0.000000,0.154155,0.027675,0.001678,5,
0.048302,0.000000,0.643708,0.000024,0.000000,0.000780,0.306995,0.000000,0.000191,0.000000,2,
0.583011,0.000000,0.013025,0.017413,0.000000,0.277036,0.000216,0.000000,0.109299,0.000000,5,
0.045649,0.000009,0.004531,0.006603,0.567407,0.203972,0.007812,0.017240,0.024944,0.121833,5,
0.000317,0.950313,0.018440,0.011834,0.001246,0.000081,0.001531,0.003401,0.001886,0.010951,1,
0.000167,0.000443,0.000004,0.005718,0.020042,0.003145,0.000000,0.721047,0.001115,0.248319,7,
0.014484,0.002863,0.021564,0.001785,0.587825,0.045382,0.263538,0.001774,0.017611,0.043174,4,
0.000486,0.961209,0.012095,0.011027,0.000242,0.000151,0.001167,0.002268,0.003898,0.007457,1,
0.094273,0.000001,0.000181,0.000354,0.000001,0.725528,0.001035,0.000026,0.178290,0.000311,8,
0.037150,0.000000,0.590225,0.001530,0.006931,0.002951,0.357307,0.000014,0.003350,0.000542,2,
0.619910,0.000000,0.003344,0.002339,0.000050,0.289569,0.000628,0.000079,0.083024,0.001057,0,
0.672204,0.000000,0.047119,0.004700,0.000000,0.117316,0.005497,0.000001,0.153154,0.000010,0,
0.004544,0.000002,0.035890,0.000027,0.069028,0.001338,0.887331,0.000002,0.001312,0.000526,6,
0.020820,0.573033,0.011750,0.009455,0.002758,0.156894,0.079304,0.003992,0.117792,0.024200,1,
0.087881,0.000204,0.003600,0.010343,0.000001,0.011940,0.000250,0.000462,0.876636,0.008683,3,
0.001894,0.000002,0.011070,0.000006,0.023875,0.001404,0.961056,0.000000,0.000569,0.000124,6,
0.164264,0.000000,0.000469,0.014859,0.000002,0.734384,0.000047,0.001241,0.083681,0.001052,5,
0.000198,0.000000,0.995912,0.000387,0.000000,0.000000,0.003492,0.000000,0.000012,0.000000,2,
0.012113,0.000054,0.012607,0.961511,0.000000,0.002442,0.000001,0.000016,0.011256,0.000000,3,
0.015205,0.000000,0.007024,0.974288,0.000000,0.002638,0.000000,0.000021,0.000824,0.000000,3,
0.015068,0.000000,0.434576,0.000038,0.000012,0.000351,0.549510,0.000000,0.000443,0.000001,2,
0.052661,0.083757,0.596692,0.100898,0.000000,0.011411,0.046668,0.000117,0.107564,0.000230,2,
0.207157,0.000078,0.012796,0.145558,0.000038,0.073172,0.000292,0.014233,0.508261,0.038416,0,
0.001982,0.006261,0.910166,0.077683,0.000000,0.000052,0.002532,0.000015,0.001300,0.000008,2,
0.083764,0.009382,0.153158,0.484332,0.000000,0.009177,0.000342,0.000023,0.259817,0.000005,2,
0.000978,0.000000,0.011521,0.000000,0.000544,0.000027,0.986575,0.000000,0.000348,0.000006,6,
0.000572,0.973938,0.008579,0.003680,0.000143,0.000273,0.003155,0.000600,0.005336,0.003723,1,
0.019609,0.003696,0.000356,0.019370,0.000434,0.832342,0.000515,0.034418,0.066979,0.022280,5,
0.110529,0.000781,0.018716,0.006459,0.000000,0.011598,0.003065,0.000029,0.848094,0.000728,8,
0.925741,0.000000,0.009846,0.000230,0.000000,0.044946,0.000438,0.000000,0.018798,0.000000,0,
0.041188,0.000000,0.506358,0.028952,0.350745,0.010974,0.049806,0.002277,0.001661,0.008039,2,
0.108526,0.011871,0.012807,0.097601,0.000007,0.111191,0.001398,0.005904,0.637404,0.013292,8,
0.002419,0.000057,0.000048,0.000934,0.182447,0.004432,0.000028,0.038076,0.019708,0.751853,9,
0.061904,0.294950,0.034582,0.051603,0.000345,0.200284,0.039558,0.006795,0.288248,0.021731,8,
0.016644,0.000026,0.000018,0.016140,0.000014,0.854687,0.000005,0.043929,0.057316,0.011221,5,
0.011273,0.002303,0.001884,0.001216,0.631724,0.041437,0.016539,0.007100,0.043964,0.242560,9,
0.014567,0.000075,0.012161,0.000045,0.000622,0.022583,0.934346,0.000002,0.015373,0.000227,6,
0.038590,0.000000,0.174184,0.424145,0.239764,0.001969,0.000085,0.080462,0.000655,0.040147,2,
0.000332,0.000000,0.000001,0.005509,0.006471,0.010842,0.000000,0.877378,0.000498,0.098969,7,
0.034560,0.144247,0.042616,0.005054,0.010910,0.121644,0.507945,0.001170,0.111770,0.020083,6,
0.000002,0.000806,0.000000,0.003853,0.001210,0.000006,0.000000,0.916226,0.000024,0.077873,7,
0.024137,0.000000,0.936673,0.000264,0.000000,0.000063,0.037007,0.000000,0.001856,0.000000,2,
0.855109,0.000000,0.009657,0.000171,0.122395,0.004387,0.000179,0.000011,0.004278,0.003813,0,
0.002091,0.000204,0.000009,0.019554,0.001941,0.113001,0.000001,0.719548,0.009662,0.133990,7,
0.001266,0.932264,0.009360,0.018983,0.000974,0.001539,0.002214,0.008288,0.008074,0.017038,1,
0.082988,0.000081,0.003659,0.499270,0.000019,0.179053,0.000038,0.096926,0.116809,0.021158,2,
0.100353,0.001195,0.004749,0.068949,0.000002,0.043028,0.000178,0.004755,0.761308,0.015482,8,
0.042423,0.000032,0.006123,0.003457,0.529879,0.289264,0.035177,0.006392,0.024420,0.062833,5,
0.000397,0.919999,0.005278,0.034978,0.000512,0.000377,0.000267,0.020378,0.002490,0.015323,1,
0.000847,0.951872,0.009601,0.006263,0.001345,0.000474,0.003456,0.002558,0.007437,0.016147,1,
0.044016,0.000053,0.045619,0.000181,0.104192,0.008589,0.711953,0.000032,0.067708,0.017657,6,
0.000070,0.000081,0.000001,0.010305,0.000412,0.001201,0.000000,0.915194,0.000508,0.072228,7,
0.007576,0.002872,0.000586,0.167573,0.000269,0.005467,0.000004,0.420529,0.072820,0.322304,3,
0.001819,0.000029,0.000099,0.000456,0.008269,0.000045,0.000004,0.004192,0.058131,0.926955,9,
0.056673,0.016833,0.005698,0.016843,0.000014,0.022565,0.001247,0.001932,0.852165,0.026029,8,
0.001296,0.826034,0.001779,0.004037,0.062274,0.036249,0.015812,0.015446,0.005363,0.031710,1,
0.131097,0.000000,0.000036,0.020509,0.000000,0.746869,0.000001,0.002431,0.098368,0.000690,5,
0.021865,0.000046,0.448650,0.517888,0.000000,0.000352,0.000024,0.000000,0.011174,0.000000,2,
0.001630,0.892876,0.011568,0.041539,0.000749,0.001827,0.001366,0.016909,0.009608,0.021928,1,
0.000165,0.002431,0.000019,0.008574,0.017926,0.000540,0.000001,0.538901,0.001816,0.429627,9,
0.086021,0.125970,0.135871,0.049605,0.003571,0.043358,0.078995,0.006713,0.384750,0.085147,1,
0.045613,0.000352,0.758332,0.013082,0.000000,0.000065,0.000996,0.000000,0.181560,0.000000,2,
0.001982,0.842341,0.007642,0.039759,0.006157,0.008430,0.002769,0.043116,0.008303,0.039500,1,
0.007197,0.000867,0.028612,0.953414,0.000000,0.001660,0.000009,0.000363,0.007868,0.000009,3,
0.010954,0.000311,0.002652,0.006687,0.551914,0.021921,0.002087,0.037217,0.021464,0.344794,4,
0.994466,0.000000,0.001526,0.000001,0.000005,0.000627,0.000109,0.000000,0.003263,0.000003,0,
0.292086,0.000002,0.004768,0.001910,0.000002,0.207023,0.005028,0.000030,0.488446,0.000707,8,
0.960257,0.000000,0.001896,0.001677,0.000030,0.023270,0.000006,0.000027,0.012396,0.000440,0,
0.020963,0.165201,0.013768,0.171205,0.009083,0.049892,0.002122,0.201997,0.097764,0.268003,3,
0.727820,0.000000,0.250964,0.000036,0.000010,0.001970,0.017941,0.000000,0.001257,0.000001,0,
0.008649,0.476903,0.007554,0.009967,0.001037,0.383138,0.087452,0.003044,0.019081,0.003174,1,
0.133113,0.000000,0.000007,0.000381,0.000000,0.641460,0.000001,0.000001,0.225034,0.000002,5,
0.001428,0.260077,0.665817,0.060815,0.000001,0.000004,0.001108,0.000180,0.009213,0.001357,8,
0.455298,0.000001,0.051115,0.000472,0.000000,0.084210,0.062163,0.000000,0.346742,0.000000,5,
0.012500,0.003382,0.000882,0.347796,0.000028,0.006785,0.000003,0.332456,0.127487,0.168682,3,
0.005948,0.800685,0.047571,0.058223,0.000781,0.002681,0.005655,0.010429,0.035519,0.032509,1,
0.000769,0.942589,0.015023,0.024205,0.000223,0.000508,0.001452,0.004545,0.004161,0.006526,1,
0.006734,0.040282,0.007081,0.873915,0.000000,0.013438,0.000031,0.037875,0.018793,0.001850,3,
0.166316,0.000000,0.132797,0.376314,0.009348,0.265039,0.003357,0.030653,0.007640,0.008536,3,
0.398249,0.000000,0.000250,0.021300,0.000000,0.514597,0.000001,0.000002,0.065601,0.000000,0,
0.005043,0.756396,0.059701,0.002662,0.004133,0.000975,0.097443,0.000422,0.048427,0.024799,1,
0.011027,0.000856,0.073765,0.003336,0.257184,0.050919,0.592995,0.000890,0.003346,0.005682,6,
0.002529,0.000574,0.888322,0.106711,0.000000,0.000016,0.000184,0.000000,0.001664,0.000000,2,
0.000053,0.006613,0.000005,0.007895,0.011095,0.001687,0.000000,0.853813,0.000391,0.118448,7,
0.001924,0.000216,0.019165,0.000044,0.064977,0.002054,0.909488,0.000007,0.001314,0.000811,6,
0.410447,0.000000,0.560115,0.000040,0.000027,0.000807,0.028186,0.000000,0.000376,0.000001,2,
0.004160,0.000064,0.577068,0.416058,0.000000,0.000012,0.000010,0.000000,0.002628,0.000000,2,
0.169333,0.000453,0.057695,0.006098,0.000000,0.015060,0.014765,0.000017,0.736010,0.000569,0,
0.007385,0.000088,0.000442,0.003676,0.364317,0.017092,0.000275,0.051615,0.022923,0.532188,4,
0.000457,0.937594,0.007988,0.025741,0.000749,0.000445,0.000694,0.011881,0.002433,0.012018,1,
0.002242,0.000000,0.020615,0.000000,0.000070,0.000046,0.976721,0.000000,0.000303,0.000001,6,
0.002184,0.000319,0.971251,0.023721,0.000000,0.000015,0.001302,0.000000,0.001207,0.000000,2,
0.000724,0.000003,0.984181,0.013795,0.000000,0.000009,0.001235,0.000000,0.000053,0.000000,2,
0.000751,0.000000,0.996799,0.002054,0.000000,0.000002,0.000381,0.000000,0.000013,0.000000,2,
0.000217,0.000036,0.970718,0.028881,0.000000,0.000001,0.000103,0.000000,0.000043,0.000000,2,
0.000835,0.000014,0.000002,0.007041,0.005498,0.053674,0.000000,0.778327,0.003054,0.151555,7,
0.194472,0.000003,0.003611,0.000051,0.000000,0.075205,0.049774,0.000000,0.676870,0.000014,5,
0.628277,0.000000,0.000381,0.020446,0.000000,0.029616,0.000000,0.000008,0.321264,0.000009,0,
0.000300,0.011972,0.000101,0.004093,0.109413,0.000424,0.000012,0.161732,0.004077,0.707876,9,
0.006687,0.689867,0.109411,0.002442,0.000372,0.000223,0.061712,0.000116,0.112461,0.016710,1,
0.264992,0.000000,0.013568,0.531231,0.000000,0.184293,0.000001,0.000000,0.005914,0.000000,5,
