0, 1, 2, 3, 4, 5, 6, 7, 8, 9, True
0.000000,0.000000,0.000000,0.000000,0.000000,0.000000,0.999951,0.000000,0.000047,0.000002,6,
0.372348,0.007825,0.012158,0.146428,0.010311,0.262911,0.008804,0.018095,0.144058,0.017063,5,
0.001402,0.000107,0.000124,0.022347,0.000256,0.005269,0.000101,0.384866,0.062942,0.522586,9,
0.016656,0.001302,0.014092,0.085057,0.215887,0.018361,0.005116,0.009563,0.106913,0.527053,9,
0.026094,0.000217,0.000706,0.001196,0.038305,0.003475,0.001927,0.000463,0.133992,0.793625,4,
0.000179,0.000000,0.000045,0.000001,0.000030,0.000252,0.999019,0.000000,0.000452,0.000022,6,
0.031334,0.000018,0.000056,0.036299,0.000032,0.010555,0.000021,0.000101,0.915799,0.005785,5,
0.001011,0.000003,0.000004,0.000251,0.000004,0.004414,0.000001,0.000001,0.994288,0.000023,5,
0.341094,0.014267,0.222345,0.058862,0.019900,0.022940,0.118945,0.016070,0.157768,0.027807,2,
0.000001,0.000000,0.999367,0.000022,0.000000,0.000000,0.000247,0.000000,0.000362,0.000000,2,
0.005518,0.000083,0.000108,0.029789,0.000129,0.003508,0.000094,0.032255,0.266398,0.662119,7,
0.065108,0.000002,0.001109,0.000689,0.000004,0.001039,0.000863,0.000002,0.931135,0.000050,8,
0.999962,0.000000,0.000000,0.000000,0.000000,0.000002,0.000000,0.000000,0.000035,0.000000,0,
0.070244,0.000001,0.000235,0.000203,0.000040,0.004938,0.000088,0.000003,0.923492,0.000757,0,
0.038523,0.000674,0.011008,0.000915,0.318188,0.020539,0.600038,0.000761,0.005951,0.003401,4,
0.174152,0.000001,0.000237,0.001000,0.000001,0.000585,0.000003,0.000000,0.824017,0.000004,8,
0.014996,0.000072,0.783923,0.000112,0.000369,0.000161,0.195466,0.000080,0.004652,0.000169,6,
0.067896,0.000005,0.000113,0.000177,0.000008,0.000163,0.000010,0.000003,0.931598,0.000025,8,
0.595552,0.000030,0.000410,0.000041,0.000335,0.000625,0.004805,0.000036,0.397208,0.000959,4,
0.015027,0.000131,0.773808,0.001499,0.016567,0.001382,0.187288,0.000149,0.002987,0.001162,4,
0.004642,0.000153,0.000201,0.632219,0.000199,0.039893,0.000145,0.002419,0.311772,0.008357,5,
0.015038,0.000109,0.000150,0.040032,0.000460,0.007967,0.000133,0.030345,0.277467,0.628298,7,
0.006973,0.000000,0.000001,0.000049,0.000001,0.000214,0.000000,0.000000,0.992734,0.000028,8,
0.975431,0.000053,0.021514,0.002042,0.000021,0.000701,0.000025,0.000010,0.000186,0.000016,0,
0.010079,0.000007,0.004029,0.000006,0.001331,0.000046,0.984078,0.000009,0.000252,0.000164,2,
0.457914,0.001865,0.012097,0.007988,0.020561,0.010332,0.004720,0.002272,0.082466,0.399784,9,
0.000881,0.000000,0.000160,0.826270,0.000001,0.000065,0.000000,0.000001,0.172610,0.000012,3,
0.103426,0.007184,0.021854,0.011703,0.151493,0.023729,0.285017,0.008126,0.186378,0.201090,9,
0.004834,0.002473,0.117461,0.045446,0.715799,0.002559,0.011633,0.027061,0.003541,0.069194,4,
0.000000,0.000000,0.000000,0.000000,0.000000,0.000000,1.000000,0.000000,0.000000,0.000000,6,
0.015940,0.000000,0.000004,0.000815,0.000002,0.000055,0.000000,0.000000,0.983151,0.000032,8,
0.017771,0.002996,0.006623,0.144636,0.009578,0.015119,0.003667,0.008720,0.557936,0.232953,1,
0.064199,0.000824,0.001209,0.053933,0.001355,0.003065,0.000933,0.002375,0.405637,0.466470,9,
0.001160,0.000211,0.000469,0.114847,0.001551,0.002016,0.000188,0.591155,0.022179,0.266223,7,
0.004297,0.000028,0.003751,0.876799,0.000115,0.070390,0.000185,0.000223,0.043916,0.000297,3,
0.520992,0.000001,0.000704,0.000020,0.000036,0.000889,0.001504,0.000001,0.475725,0.000128,8,
0.675170,0.003021,0.009592,0.111995,0.003891,0.008638,0.003412,0.004540,0.174260,0.005481,3,
0.110225,0.000009,0.003241,0.000039,0.000070,0.000347,0.878807,0.000010,0.007105,0.000149,6,
0.140099,0.005214,0.037691,0.034022,0.111563,0.013139,0.032086,0.006698,0.087289,0.532199,4,
0.008084,0.001351,0.364301,0.002575,0.027595,0.001890,0.559523,0.001518,0.024348,0.008815,4,
0.252974,0.000215,0.000287,0.004113,0.000326,0.072126,0.000247,0.000503,0.636876,0.032334,5,
0.995271,0.000007,0.003260,0.000006,0.000015,0.000369,0.000687,0.000004,0.000104,0.000277,0,
0.019778,0.000000,0.000015,0.000031,0.000000,0.000018,0.000002,0.000000,0.980151,0.000005,8,
0.114970,0.000383,0.049547,0.010791,0.002128,0.003699,0.001294,0.001426,0.780658,0.035103,1,
0.263203,0.000002,0.000067,0.000064,0.000063,0.002060,0.000151,0.000000,0.734359,0.000030,8,
0.000393,0.000001,0.003071,0.988723,0.000001,0.000399,0.000002,0.000004,0.007402,0.000004,3,
0.000007,0.000002,0.003036,0.000000,0.000013,0.000001,0.996607,0.000000,0.000331,0.000003,6,
0.000534,0.000002,0.000005,0.980064,0.000003,0.001159,0.000001,0.006597,0.009550,0.002086,7,
0.000001,0.000000,0.000000,0.999053,0.000000,0.000255,0.000000,0.000000,0.000690,0.000000,3,
0.025626,0.000346,0.000471,0.089278,0.001046,0.042910,0.000428,0.062977,0.282077,0.494841,9,
0.000247,0.000003,0.001309,0.982560,0.000001,0.001084,0.000001,0.000006,0.014777,0.000012,3,
0.029002,0.000002,0.000771,0.968580,0.000002,0.001621,0.000001,0.000013,0.000007,0.000002,0,
0.042401,0.001732,0.025719,0.016882,0.639994,0.010591,0.125481,0.002503,0.015684,0.119012,4,
0.065719,0.000366,0.001099,0.108576,0.000844,0.012890,0.000321,0.032072,0.596384,0.181730,9,
0.028580,0.000000,0.000029,0.000139,0.000002,0.000091,0.000029,0.000000,0.971065,0.000066,8,
0.003703,0.000076,0.001870,0.006442,0.089454,0.001924,0.000251,0.028573,0.013430,0.854276,1,
0.044778,0.000324,0.411094,0.045657,0.000815,0.001219,0.002761,0.000376,0.488911,0.004065,1,
0.734740,0.000868,0.005712,0.001170,0.116044,0.074050,0.018323,0.001181,0.024475,0.023438,4,
0.412833,0.000000,0.000006,0.000002,0.000000,0.000024,0.000002,0.000000,0.587127,0.000006,0,
0.000000,0.000000,0.000000,0.000000,0.000000,0.000000,1.000000,0.000000,0.000000,0.000000,6,
0.009227,0.000836,0.028292,0.504216,0.034651,0.089631,0.005058,0.003187,0.289875,0.035026,1,
0.201656,0.000013,0.000031,0.000094,0.000082,0.010114,0.000026,0.000038,0.775330,0.012616,5,
0.699108,0.000000,0.000070,0.000047,0.000002,0.000595,0.000125,0.000000,0.300042,0.000010,0,
0.006431,0.003733,0.004573,0.464906,0.005350,0.008048,0.004029,0.341178,0.070477,0.091275,7,
0.009001,0.000000,0.000001,0.000003,0.000000,0.000148,0.000000,0.000000,0.990847,0.000000,8,
0.000841,0.000001,0.001878,0.000505,0.000000,0.000002,0.000000,0.000000,0.996771,0.000000,2,
0.001462,0.000004,0.000035,0.000926,0.002794,0.000515,0.000005,0.000803,0.066210,0.927246,4,
0.005546,0.001233,0.001864,0.169206,0.001946,0.004103,0.001396,0.003356,0.732031,0.079320,7,
0.185510,0.000367,0.048943,0.000566,0.001057,0.008543,0.750681,0.000412,0.003399,0.000521,6,
0.001775,0.000045,0.665638,0.000338,0.006971,0.000244,0.319834,0.000050,0.004509,0.000596,4,
0.024080,0.000450,0.003492,0.037031,0.207825,0.005616,0.004804,0.002121,0.137510,0.577071,4,
0.054860,0.000012,0.002348,0.006056,0.000023,0.000193,0.000059,0.000011,0.936075,0.000363,0,
0.088562,0.008490,0.030208,0.037046,0.141538,0.067686,0.082036,0.009599,0.374974,0.159861,4,
0.033032,0.000002,0.000017,0.000032,0.000018,0.003422,0.000005,0.000001,0.963469,0.000003,8,
0.000216,0.000089,0.000221,0.214914,0.000326,0.000410,0.000080,0.718021,0.011320,0.054404,7,
0.015749,0.042627,0.212791,0.476893,0.062596,0.015380,0.004176,0.025693,0.063281,0.080814,1,
0.151187,0.000001,0.000701,0.000086,0.000001,0.000158,0.000961,0.000000,0.846903,0.000002,0,
0.000218,0.000004,0.985919,0.000345,0.000031,0.000005,0.009472,0.000004,0.003992,0.000009,2,
0.000372,0.000042,0.000106,0.141758,0.000265,0.002959,0.000042,0.810999,0.010062,0.033394,7,
0.008723,0.000000,0.000003,0.000565,0.000001,0.000179,0.000000,0.000001,0.988869,0.001659,0,
0.000187,0.000005,0.000493,0.960692,0.000084,0.000481,0.000002,0.035138,0.001297,0.001621,7,
0.024095,0.000663,0.003932,0.011210,0.166798,0.003230,0.015940,0.000925,0.127085,0.646121,4,
0.045849,0.000001,0.000722,0.002562,0.000022,0.000052,0.000012,0.000005,0.950518,0.000257,1,
0.000793,0.000000,0.013543,0.000002,0.002066,0.000007,0.983532,0.000002,0.000045,0.000010,2,
0.074523,0.002244,0.125433,0.205546,0.002256,0.004436,0.000643,0.010169,0.512171,0.062579,1,
0.013477,0.001664,0.787052,0.055502,0.014112,0.002372,0.017667,0.000986,0.092130,0.015039,1,
0.001374,0.000318,0.000407,0.038287,0.002165,0.005134,0.000416,0.003290,0.111376,0.837234,9,
0.017099,0.001313,0.004651,0.735217,0.005243,0.003239,0.001578,0.046951,0.068338,0.116370,7,
0.009548,0.000000,0.000005,0.000014,0.000000,0.000001,0.000000,0.000000,0.990405,0.000026,0,
0.004065,0.000002,0.000698,0.008440,0.000002,0.001026,0.000003,0.000002,0.985754,0.000007,2,
0.010239,0.001002,0.721093,0.065122,0.086901,0.003053,0.047611,0.001442,0.040019,0.023518,1,
0.846024,0.000927,0.002175,0.037704,0.001092,0.032822,0.001470,0.001423,0.074710,0.001652,5,
0.591377,0.000004,0.000409,0.000559,0.000009,0.001725,0.000021,0.000001,0.405865,0.000029,0,
0.074368,0.006385,0.065196,0.009909,0.032469,0.153613,0.625351,0.007163,0.016629,0.008915,4,
0.903374,0.000582,0.001341,0.001886,0.000910,0.016962,0.000796,0.000721,0.072186,0.001242,0,
0.000000,0.000000,0.000000,0.999631,0.000000,0.000001,0.000000,0.000000,0.000369,0.000000,3,
0.009439,0.000008,0.000029,0.006171,0.000008,0.000042,0.000005,0.000006,0.984280,0.000013,3,
0.030436,0.000188,0.000915,0.322699,0.002044,0.301463,0.000330,0.003479,0.324226,0.014221,5,
0.000000,0.000000,0.000000,0.000000,0.000000,0.000000,0.999995,0.000000,0.000004,0.000001,6,
0.037266,0.000001,0.000019,0.000045,0.000011,0.000326,0.000007,0.000001,0.962317,0.000008,8,
0.024501,0.000001,0.000006,0.000350,0.000003,0.000689,0.000001,0.000008,0.966269,0.008170,8,
0.002109,0.000005,0.001658,0.930288,0.000022,0.001232,0.000007,0.000012,0.064627,0.000040,3,
0.967078,0.000040,0.002099,0.000240,0.002226,0.002321,0.003351,0.000061,0.018609,0.003975,4,
0.089330,0.001358,0.012856,0.013206,0.160242,0.011109,0.032847,0.001926,0.391631,0.285494,9,
0.014939,0.000647,0.122342,0.742012,0.001481,0.002290,0.000296,0.006410,0.092527,0.017056,1,
0.044143,0.000001,0.000136,0.000031,0.000007,0.000096,0.000181,0.000001,0.955396,0.000008,8,
0.018156,0.001658,0.018756,0.271860,0.081149,0.032895,0.005899,0.009766,0.458390,0.101472,1,
0.002596,0.000002,0.000010,0.971289,0.000003,0.023050,0.000003,0.000006,0.003036,0.000006,3,
0.001444,0.000354,0.000459,0.043642,0.000633,0.001169,0.000401,0.010403,0.029611,0.911884,7,
0.148671,0.000895,0.139132,0.021953,0.003137,0.005913,0.004080,0.001681,0.652844,0.021694,1,
0.000524,0.858063,0.037555,0.041019,0.017682,0.001310,0.000505,0.026946,0.002035,0.014360,1,
0.000113,0.000002,0.000502,0.000006,0.003043,0.000455,0.995586,0.000001,0.000127,0.000166,6,
0.003397,0.000092,0.000212,0.877478,0.000114,0.082760,0.000098,0.000207,0.035445,0.000198,5,
0.010580,0.078238,0.060337,0.187559,0.314146,0.110843,0.013570,0.037496,0.056770,0.130460,1,
0.358351,0.000000,0.000007,0.000003,0.000006,0.002032,0.000016,0.000000,0.639470,0.000115,9,
0.419051,0.003359,0.348905,0.188969,0.004943,0.011147,0.005003,0.006131,0.007493,0.004999,0,
0.610778,0.000000,0.000111,0.000097,0.000000,0.000085,0.000076,0.000000,0.388839,0.000012,2,
0.051001,0.000154,0.000231,0.002753,0.000291,0.000973,0.000173,0.000880,0.434678,0.508866,9,
0.258253,0.010076,0.219746,0.036268,0.084149,0.017961,0.027337,0.012523,0.058002,0.275685,4,
0.028551,0.002151,0.003262,0.641374,0.004487,0.232047,0.002412,0.057957,0.005933,0.021825,7,
0.044486,0.000315,0.003061,0.006047,0.001434,0.005241,0.000468,0.000372,0.903106,0.035469,9,
0.928091,0.000003,0.000257,0.000036,0.000008,0.000290,0.000067,0.000000,0.071241,0.000008,0,
0.987432,0.000005,0.000012,0.000242,0.000008,0.002270,0.000005,0.000007,0.010012,0.000008,0,
0.005767,0.000009,0.000079,0.128943,0.000007,0.000280,0.000006,0.000006,0.864897,0.000007,3,
0.999599,0.000000,0.000000,0.000004,0.000000,0.000379,0.000000,0.000000,0.000017,0.000000,0,
0.000027,0.000009,0.991082,0.000064,0.000020,0.000012,0.007493,0.000001,0.001290,0.000002,2,
0.003943,0.000025,0.010604,0.002579,0.030190,0.004262,0.938962,0.000066,0.006872,0.002495,6,
0.000000,0.000000,0.999866,0.000032,0.000000,0.000000,0.000026,0.000000,0.000076,0.000000,2,
0.004270,0.000026,0.012268,0.000279,0.002128,0.004351,0.962028,0.000024,0.014049,0.000577,6,
0.044885,0.000001,0.000048,0.000279,0.000014,0.000673,0.000015,0.000001,0.954053,0.000031,0,
0.073966,0.003760,0.725901,0.100396,0.005776,0.007928,0.012489,0.004235,0.058141,0.007409,7,
0.002306,0.000037,0.000127,0.640233,0.000044,0.017886,0.000044,0.000056,0.339187,0.000081,3,
0.359713,0.000000,0.000645,0.000422,0.000001,0.006149,0.000116,0.000000,0.632948,0.000006,0,
0.002252,0.000001,0.000027,0.000633,0.000003,0.000262,0.000003,0.000002,0.996636,0.000182,8,
0.000989,0.000101,0.961048,0.008199,0.016016,0.000323,0.009113,0.000110,0.002517,0.001583,4,
0.279531,0.001830,0.010816,0.003989,0.258981,0.034387,0.005963,0.004103,0.013523,0.386878,5,
0.105403,0.000000,0.000054,0.000011,0.000005,0.000405,0.001705,0.000000,0.892392,0.000023,8,
0.093691,0.003544,0.007013,0.090085,0.010081,0.017463,0.013701,0.005097,0.509873,0.249451,8,
0.091051,0.003255,0.208113,0.004478,0.006269,0.007637,0.636527,0.003662,0.033907,0.005101,6,
0.196101,0.000128,0.000465,0.015016,0.002557,0.003910,0.000172,0.009618,0.146898,0.625135,7,
0.000915,0.000001,0.000014,0.000221,0.000269,0.000107,0.000001,0.000027,0.043510,0.954936,3,
0.002620,0.000438,0.000591,0.062072,0.002278,0.010660,0.000502,0.012071,0.067324,0.841442,7,
0.274765,0.003074,0.007582,0.008932,0.011078,0.009968,0.004387,0.003777,0.102431,0.574005,9,
0.000000,0.000000,0.000000,0.000000,0.000000,0.000000,0.999967,0.000000,0.000033,0.000000,6,
0.007146,0.000000,0.000001,0.000212,0.000000,0.000063,0.000000,0.000000,0.992477,0.000101,8,
0.017847,0.000058,0.007725,0.199367,0.000320,0.006382,0.000148,0.000232,0.764712,0.003209,3,
0.021977,0.001234,0.014807,0.064579,0.031511,0.006247,0.002227,0.002520,0.299572,0.555325,4,
0.956474,0.000001,0.000259,0.000157,0.000018,0.000161,0.000048,0.000001,0.042875,0.000006,0,
0.093714,0.000553,0.054062,0.009393,0.001186,0.002881,0.000645,0.002338,0.813311,0.021916,1,
0.026421,0.000000,0.000016,0.001225,0.000007,0.000190,0.000001,0.000001,0.971901,0.000238,8,
0.099067,0.000265,0.008613,0.004632,0.009244,0.031668,0.027279,0.000341,0.800466,0.018425,8,
0.085062,0.003374,0.010876,0.006457,0.171632,0.008813,0.037555,0.003927,0.125742,0.546562,4,
0.002111,0.000018,0.000090,0.012228,0.000012,0.000416,0.000008,0.000006,0.984250,0.000863,8,
0.000823,0.000054,0.000080,0.007815,0.001694,0.002563,0.000064,0.015561,0.063937,0.907411,9,
0.001380,0.000000,0.017902,0.000001,0.000006,0.000003,0.980632,0.000000,0.000076,0.000001,6,
0.885084,0.000015,0.000089,0.000324,0.000016,0.001633,0.000010,0.000003,0.112820,0.000007,0,
0.109571,0.000434,0.002663,0.005245,0.001313,0.080837,0.026013,0.000487,0.770452,0.002984,5,
0.000329,0.000021,0.002227,0.814550,0.003026,0.001896,0.000038,0.143754,0.008857,0.025301,7,
0.031321,0.000003,0.000016,0.000052,0.000011,0.003314,0.000002,0.000003,0.965202,0.000077,5,
0.064691,0.000000,0.000009,0.000002,0.000001,0.000015,0.000033,0.000000,0.935217,0.000033,0,
0.000644,0.000010,0.847339,0.000036,0.001081,0.000034,0.146405,0.000009,0.004326,0.000115,2,
0.056151,0.002010,0.841667,0.015722,0.004449,0.003537,0.013610,0.002272,0.047288,0.013294,6,
0.755205,0.000001,0.000083,0.000019,0.000001,0.000016,0.000003,0.000000,0.244671,0.000001,0,
0.574135,0.003889,0.011217,0.005220,0.064817,0.017340,0.111351,0.004860,0.164448,0.042724,4,
0.000000,0.000000,0.000000,0.000000,0.000000,0.000000,1.000000,0.000000,0.000000,0.000000,6,
0.006590,0.000010,0.000171,0.003972,0.001294,0.000533,0.000025,0.000053,0.402954,0.584398,9,
0.029847,0.000000,0.000136,0.000087,0.000005,0.000013,0.000007,0.000000,0.969699,0.000207,0,
0.028674,0.000000,0.000016,0.000213,0.000009,0.000260,0.000001,0.000002,0.970597,0.000229,8,
0.011045,0.000041,0.006353,0.696434,0.000057,0.000210,0.000157,0.000049,0.285580,0.000074,3,
0.023898,0.000197,0.404283,0.003917,0.005336,0.002001,0.018775,0.000098,0.532509,0.008985,1,
0.362817,0.000574,0.001398,0.000797,0.007596,0.004809,0.010321,0.000768,0.552728,0.058190,4,
0.000203,0.000040,0.018234,0.000006,0.000124,0.000036,0.980471,0.000002,0.000873,0.000009,6,
0.000792,0.000458,0.000611,0.161366,0.001261,0.001099,0.000436,0.710614,0.029091,0.094271,7,
0.002559,0.000097,0.000161,0.101235,0.002575,0.011628,0.000122,0.355896,0.044494,0.481232,7,
0.332714,0.018382,0.207104,0.101667,0.027851,0.044899,0.023788,0.020648,0.188009,0.034938,3,
0.069172,0.012266,0.459125,0.028746,0.029923,0.018693,0.184285,0.013773,0.157740,0.026278,6,
0.047221,0.000001,0.000042,0.000042,0.000005,0.000134,0.000008,0.000001,0.952544,0.000003,8,
0.813365,0.001429,0.002148,0.008351,0.002155,0.054740,0.001607,0.003147,0.096310,0.016747,7,
0.057508,0.000108,0.041633,0.000862,0.000496,0.000468,0.001584,0.000179,0.887539,0.009624,1,
0.000182,0.000015,0.000018,0.000862,0.000445,0.001614,0.000019,0.009006,0.018620,0.969219,9,
0.004648,0.000013,0.001088,0.902840,0.000052,0.000683,0.000011,0.000012,0.090589,0.000062,3,
0.119347,0.004467,0.018708,0.012208,0.150692,0.013079,0.043626,0.005198,0.180001,0.452675,4,
0.008531,0.000000,0.000001,0.000003,0.000001,0.000011,0.000000,0.000000,0.991452,0.000000,8,
0.007427,0.002857,0.003754,0.158007,0.004415,0.012204,0.003243,0.632060,0.100475,0.075558,7,
0.128125,0.004311,0.050873,0.007513,0.191111,0.034252,0.495711,0.004982,0.052731,0.030391,6,
0.000072,0.949393,0.021470,0.014977,0.003882,0.000300,0.000397,0.007909,0.000198,0.001402,1,
0.049971,0.002056,0.098018,0.004624,0.003670,0.005426,0.792198,0.002305,0.037743,0.003990,6,
0.000000,0.000000,0.000000,0.000000,0.000000,0.000000,1.000000,0.000000,0.000000,0.000000,6,
0.995397,0.000001,0.000003,0.000004,0.000002,0.000782,0.000002,0.000001,0.003807,0.000002,0,
0.001547,0.000134,0.000224,0.132369,0.000713,0.005011,0.000119,0.594051,0.022531,0.243301,7,
0.000000,0.000000,0.999457,0.000000,0.000000,0.000000,0.000540,0.000000,0.000003,0.000000,2,
0.166464,0.000575,0.007305,0.005055,0.206953,0.012514,0.019654,0.003896,0.090451,0.487132,4,
0.596243,0.000157,0.005037,0.181511,0.000220,0.006360,0.000264,0.000187,0.209727,0.000294,0,
0.000010,0.000003,0.997249,0.000007,0.000004,0.000004,0.001244,0.000002,0.001475,0.000002,2,
0.144115,0.001284,0.002300,0.005958,0.003387,0.004620,0.001558,0.002204,0.614364,0.220209,9,
0.048675,0.001343,0.002457,0.083303,0.003518,0.006109,0.001529,0.003530,0.365638,0.483898,9,
0.344559,0.000076,0.000200,0.009959,0.000346,0.015929,0.000094,0.000416,0.410730,0.217691,3,
0.001267,0.000642,0.000748,0.007887,0.003284,0.003548,0.000831,0.132525,0.040196,0.809072,7,
0.088628,0.002421,0.004017,0.348671,0.003035,0.301054,0.002585,0.011064,0.227831,0.010694,3,
0.000000,0.000000,0.000000,0.999461,0.000000,0.000001,0.000000,0.000000,0.000538,0.000000,3,
0.048960,0.001526,0.476805,0.064903,0.003045,0.004295,0.050197,0.001448,0.344874,0.003947,3,
0.012162,0.000019,0.003286,0.679582,0.000029,0.008863,0.000038,0.000029,0.295926,0.000067,3,
0.061834,0.000586,0.011374,0.000841,0.000941,0.001997,0.097067,0.000659,0.821589,0.003114,6,
0.001030,0.000026,0.000175,0.683300,0.000109,0.249872,0.000031,0.002072,0.061546,0.001838,5,
0.004027,0.000003,0.038122,0.000006,0.000005,0.000020,0.957554,0.000003,0.000257,0.000004,6,
0.999013,0.000000,0.000008,0.000000,0.000000,0.000003,0.000000,0.000000,0.000974,0.000001,0,
0.007062,0.000017,0.000104,0.219150,0.000033,0.001225,0.000019,0.000308,0.763632,0.008451,3,
0.003533,0.000065,0.004496,0.006090,0.795609,0.008499,0.040524,0.003012,0.003567,0.134605,4,
0.042944,0.000169,0.028215,0.035012,0.000479,0.001428,0.000627,0.000270,0.886924,0.003932,1,
0.043255,0.003561,0.302009,0.196327,0.029227,0.009067,0.005299,0.009225,0.278865,0.123165,1,
0.159904,0.000783,0.100236,0.020459,0.015513,0.016733,0.011607,0.001819,0.618020,0.054927,1,
0.001942,0.000001,0.000009,0.044339,0.000002,0.000269,0.000002,0.000002,0.953403,0.000031,3,
0.040207,0.000031,0.043670,0.000433,0.000075,0.000135,0.001383,0.000035,0.912936,0.001094,1,
0.022103,0.000000,0.000188,0.000326,0.000013,0.000355,0.000095,0.000000,0.976642,0.000277,8,
0.000000,0.000000,0.000000,0.000000,0.000000,0.000000,0.999999,0.000000,0.000000,0.000000,6,
0.001817,0.000000,0.000000,0.000001,0.000000,0.000005,0.000000,0.000000,0.997330,0.000847,8,
0.035010,0.000089,0.004947,0.036340,0.000125,0.003247,0.000272,0.000102,0.919650,0.000217,3,
0.000329,0.000077,0.000122,0.285426,0.000173,0.001140,0.000058,0.644161,0.016371,0.052142,7,
0.012057,0.000238,0.026796,0.011599,0.712828,0.006487,0.076480,0.001359,0.011030,0.141126,4,
0.000866,0.000000,0.000001,0.001111,0.000000,0.000091,0.000000,0.000000,0.997885,0.000044,3,
0.991676,0.000007,0.000068,0.003370,0.000008,0.004776,0.000004,0.000004,0.000081,0.000004,0,
0.011343,0.001527,0.862187,0.024999,0.002299,0.002815,0.020796,0.001717,0.070323,0.001994,3,
0.206351,0.002795,0.024189,0.017018,0.038474,0.007554,0.006715,0.004622,0.149541,0.542741,4,
0.055167,0.000139,0.058993,0.006450,0.000292,0.000530,0.000286,0.000429,0.868974,0.008740,1,
0.047150,0.000493,0.000636,0.016220,0.000743,0.890604,0.000640,0.001219,0.037973,0.004322,5,
0.000410,0.000077,0.000087,0.002691,0.000770,0.000814,0.000098,0.019890,0.029723,0.945440,9,
0.023710,0.000011,0.013332,0.000097,0.000042,0.000063,0.000932,0.000013,0.960750,0.001049,1,
0.649772,0.000048,0.000109,0.000088,0.003480,0.020479,0.000379,0.000076,0.310579,0.014990,5,
0.001511,0.000042,0.000058,0.011086,0.000105,0.000268,0.000054,0.000096,0.886017,0.100764,8,
0.005409,0.002792,0.006754,0.698692,0.010792,0.005204,0.003564,0.021514,0.148896,0.096382,7,
0.252622,0.000002,0.000055,0.000039,0.000007,0.001161,0.000014,0.000000,0.746095,0.000004,0,
0.000010,0.000003,0.995173,0.000364,0.000080,0.000004,0.004322,0.000001,0.000037,0.000003,2,
0.072975,0.000634,0.002290,0.001853,0.066963,0.004553,0.011023,0.000952,0.101235,0.737522,4,
0.966038,0.000069,0.000180,0.000133,0.006020,0.006450,0.000839,0.000096,0.000745,0.019430,4,
0.001899,0.000002,0.000005,0.003276,0.000003,0.357507,0.000003,0.000002,0.637293,0.000010,5,
0.070134,0.000011,0.000257,0.000063,0.000107,0.000199,0.023296,0.000012,0.901738,0.004183,6,
0.023231,0.000000,0.000012,0.000029,0.000004,0.000235,0.000003,0.000000,0.976369,0.000118,8,
0.026971,0.003484,0.016412,0.086598,0.041610,0.006363,0.012039,0.005280,0.219226,0.582017,9,
0.999994,0.000000,0.000000,0.000000,0.000000,0.000002,0.000000,0.000000,0.000004,0.000000,0,
0.177556,0.001117,0.196636,0.010707,0.009065,0.006567,0.016517,0.001855,0.548121,0.031860,1,
0.000501,0.000001,0.000001,0.000016,0.002118,0.000066,0.000003,0.000021,0.003551,0.993719,9,
0.113737,0.000001,0.000007,0.000230,0.000003,0.002421,0.000002,0.000001,0.883590,0.000007,0,
0.006671,0.000000,0.000004,0.000061,0.000001,0.000202,0.000000,0.000000,0.993053,0.000008,8,
0.145213,0.000002,0.000270,0.000057,0.000060,0.000170,0.001021,0.000002,0.851681,0.001525,4,
0.409349,0.004791,0.020911,0.007382,0.062063,0.012569,0.117987,0.005845,0.247799,0.111304,4,
0.004176,0.000429,0.377612,0.029845,0.048584,0.001094,0.515799,0.000539,0.016815,0.005106,7,
0.066075,0.000000,0.000006,0.000000,0.000000,0.000129,0.000005,0.000000,0.933784,0.000000,8,
0.459299,0.000005,0.000333,0.000527,0.000019,0.000163,0.000032,0.000010,0.536698,0.002915,8,
0.016325,0.002536,0.050371,0.182305,0.446854,0.039852,0.031623,0.032283,0.080391,0.117461,1,
0.000003,0.000001,0.997607,0.000007,0.000003,0.000002,0.002347,0.000000,0.000031,0.000000,2,
0.009295,0.000011,0.000020,0.092149,0.000013,0.002282,0.000011,0.000030,0.894345,0.001844,9,
0.045201,0.007302,0.390837,0.015457,0.016372,0.013526,0.358999,0.006583,0.132464,0.013258,6,
0.000558,0.000133,0.000163,0.003640,0.003095,0.001683,0.000144,0.065007,0.024175,0.901401,9,
0.145305,0.002220,0.293517,0.074908,0.004654,0.009903,0.006292,0.002411,0.442393,0.018396,1,
0.011239,0.000313,0.003482,0.037404,0.060543,0.003796,0.000593,0.011112,0.117327,0.754191,4,
0.067617,0.000030,0.000642,0.007950,0.000330,0.004472,0.000944,0.000044,0.914748,0.003223,8,
0.073765,0.027410,0.550870,0.122345,0.014105,0.010758,0.018153,0.004389,0.157651,0.020554,1,
0.000000,0.000000,0.000000,0.000000,0.000000,0.000000,1.000000,0.000000,0.000000,0.000000,6,
0.184327,0.000047,0.001472,0.005330,0.000243,0.106069,0.009010,0.000058,0.692937,0.000506,5,
0.040897,0.000208,0.020468,0.000860,0.000486,0.001427,0.239022,0.000234,0.695453,0.000944,6,
0.725249,0.000009,0.000359,0.001878,0.000085,0.001416,0.000066,0.000066,0.255668,0.015205,7,
0.012567,0.000066,0.000123,0.000695,0.021702,0.002643,0.000860,0.000135,0.137257,0.823951,4,
0.029338,0.000000,0.000028,0.000004,0.000004,0.000118,0.000007,0.000000,0.970500,0.000001,8,
0.073715,0.001255,0.006642,0.034602,0.002205,0.820788,0.008600,0.001584,0.048328,0.002281,5,
0.000000,0.000000,0.999691,0.000014,0.000000,0.000000,0.000141,0.000000,0.000153,0.000000,2,
0.002922,0.001111,0.001761,0.121137,0.002471,0.002717,0.001050,0.666964,0.009818,0.190050,7,
0.000435,0.000002,0.000696,0.993970,0.000002,0.003746,0.000002,0.000003,0.001141,0.000003,3,
0.000199,0.000003,0.004922,0.000226,0.015892,0.000378,0.977529,0.000041,0.000226,0.000585,6,
0.249601,0.011845,0.422502,0.018797,0.037182,0.021797,0.034079,0.013320,0.069760,0.121116,6,
0.036310,0.000005,0.000668,0.000639,0.000045,0.001013,0.000009,0.000040,0.955116,0.006155,1,
0.006789,0.000000,0.000004,0.000001,0.000000,0.000039,0.000052,0.000000,0.993107,0.000007,8,
0.000167,0.000000,0.000000,0.000947,0.000000,0.000027,0.000000,0.000000,0.998693,0.000165,3,
0.002195,0.000608,0.011685,0.800878,0.064043,0.048411,0.005142,0.020042,0.028016,0.018981,1,
0.002251,0.000049,0.974039,0.016702,0.000066,0.000100,0.004035,0.000043,0.002659,0.000056,2,
0.005348,0.000000,0.000004,0.000672,0.000000,0.000033,0.000001,0.000000,0.993928,0.000014,8,
0.001202,0.000018,0.005745,0.983356,0.000016,0.004966,0.000010,0.000583,0.004029,0.000076,3,
0.025616,0.001158,0.265953,0.001701,0.168406,0.001965,0.527236,0.001400,0.002611,0.003955,2,
0.007173,0.000212,0.000269,0.421405,0.000380,0.029994,0.000190,0.409377,0.042351,0.088648,7,
0.015399,0.002320,0.002981,0.264373,0.003315,0.009313,0.002457,0.417286,0.154038,0.128518,7,
0.000141,0.000001,0.000965,0.971417,0.000002,0.000035,0.000001,0.000000,0.027438,0.000001,3,
0.000078,0.000003,0.003362,0.990600,0.000008,0.000192,0.000001,0.000232,0.005381,0.000143,3,
0.000107,0.000013,0.000225,0.339876,0.000280,0.000334,0.000018,0.645796,0.005008,0.008343,7,
0.523128,0.000060,0.002811,0.000168,0.000092,0.001893,0.021126,0.000064,0.450570,0.000087,0,
0.117151,0.002075,0.004195,0.011352,0.003483,0.005216,0.002338,0.005228,0.395563,0.453397,9,
0.003862,0.000221,0.000353,0.035197,0.004695,0.006740,0.000288,0.008344,0.186168,0.754132,9,
0.000000,0.000000,0.000000,0.000000,0.000000,0.000000,1.000000,0.000000,0.000000,0.000000,6,
0.414204,0.000033,0.000116,0.000055,0.001700,0.001649,0.000678,0.000046,0.572864,0.008655,4,
0.964921,0.000145,0.000351,0.020026,0.000191,0.004727,0.000210,0.000226,0.008939,0.000264,5,
0.075336,0.006020,0.411571,0.107284,0.067936,0.015242,0.045195,0.006830,0.209197,0.055390,9,
0.999312,0.000000,0.000208,0.000000,0.000021,0.000042,0.000380,0.000000,0.000018,0.000018,0,
0.005612,0.001016,0.001297,0.402223,0.001465,0.033743,0.001100,0.104646,0.362505,0.086394,7,
0.002000,0.000008,0.000024,0.769902,0.000012,0.000297,0.000009,0.001888,0.213148,0.012712,7,
0.046752,0.000991,0.001413,0.213982,0.001470,0.008883,0.000894,0.140186,0.296694,0.288736,7,
0.075846,0.002891,0.761530,0.004646,0.003911,0.009934,0.035718,0.002572,0.099636,0.003316,2,
0.216827,0.000003,0.000144,0.002364,0.000006,0.001422,0.000011,0.000003,0.779215,0.000006,3,
0.042005,0.007136,0.185793,0.103001,0.109200,0.027042,0.010243,0.006985,0.317263,0.191332,1,
0.027272,0.000002,0.000008,0.000030,0.000003,0.003263,0.000001,0.000000,0.969420,0.000000,5,
0.010553,0.000044,0.007845,0.085297,0.000290,0.012533,0.000865,0.000084,0.881355,0.001132,8,
0.003982,0.000062,0.000144,0.001384,0.019130,0.001451,0.000143,0.001003,0.039592,0.933109,9,
0.227080,0.011025,0.026064,0.338048,0.014425,0.047637,0.012503,0.021165,0.272518,0.029535,3,
0.040932,0.000002,0.000828,0.027574,0.000003,0.000200,0.000003,0.000006,0.930367,0.000084,8,
0.352059,0.004600,0.014011,0.006008,0.041363,0.027668,0.072806,0.006036,0.427817,0.047633,8,
0.032932,0.000205,0.001578,0.006817,0.000591,0.028466,0.005937,0.000233,0.921890,0.001350,5,
0.177021,0.000738,0.011197,0.008875,0.010086,0.009508,0.002535,0.002537,0.633104,0.144400,1,
0.000427,0.000002,0.002518,0.992674,0.000001,0.000017,0.000002,0.000001,0.004358,0.000001,3,
0.054032,0.000012,0.004531,0.005122,0.000024,0.000438,0.001564,0.000013,0.934090,0.000175,0,
0.109945,0.001916,0.026523,0.604981,0.026560,0.013044,0.006763,0.026451,0.096821,0.086996,7,
0.055796,0.000063,0.040726,0.008264,0.000194,0.000322,0.000159,0.000302,0.880891,0.013282,1,
0.002550,0.000003,0.000010,0.030383,0.000005,0.001889,0.000003,0.000007,0.964116,0.001033,9,
0.213567,0.003840,0.013790,0.005073,0.033355,0.043851,0.006141,0.006992,0.419126,0.254265,7,
0.014794,0.000000,0.001283,0.000015,0.000000,0.000007,0.000007,0.000000,0.983891,0.000002,8,
0.031700,0.000013,0.006704,0.011575,0.000019,0.000131,0.000058,0.000016,0.949685,0.000100,2,
0.001985,0.000008,0.000600,0.000053,0.001337,0.003241,0.987592,0.000008,0.004709,0.000468,5,
0.013811,0.000000,0.000003,0.000018,0.000000,0.000052,0.000000,0.000000,0.986115,0.000000,8,
0.057933,0.002559,0.024955,0.003953,0.407997,0.005203,0.371788,0.002909,0.027386,0.095317,4,
0.091339,0.000254,0.064130,0.031964,0.003854,0.004853,0.002971,0.000602,0.771261,0.028772,1,
0.000934,0.000112,0.000210,0.118884,0.001410,0.005482,0.000102,0.532989,0.031113,0.308765,7,
0.006155,0.000712,0.749304,0.156589,0.001009,0.001272,0.042567,0.000743,0.040787,0.000862,2,
0.032978,0.000000,0.000019,0.000107,0.000007,0.000160,0.000002,0.000001,0.966619,0.000106,5,
0.007206,0.001201,0.001707,0.116027,0.007901,0.011092,0.001522,0.053988,0.101863,0.697493,3,
0.072268,0.000035,0.041517,0.002918,0.000100,0.000508,0.000703,0.000055,0.880487,0.001411,1,
0.106290,0.001578,0.003139,0.085792,0.004881,0.006058,0.001832,0.009778,0.182495,0.598159,9,
0.016489,0.000060,0.001656,0.021723,0.000182,0.001042,0.000070,0.000230,0.937632,0.020916,8,
0.000102,0.000002,0.670362,0.000023,0.000001,0.000002,0.329178,0.000000,0.000331,0.000000,2,
0.000004,0.000000,0.000510,0.000006,0.000556,0.000015,0.998898,0.000001,0.000005,0.000006,6,
0.002233,0.000099,0.000566,0.012076,0.021806,0.003541,0.000126,0.048987,0.031696,0.878870,4,
0.004768,0.000009,0.000469,0.001163,0.000290,0.001168,0.001345,0.000011,0.987597,0.003180,8,
0.002858,0.001448,0.001768,0.161801,0.002669,0.004799,0.001452,0.638850,0.065455,0.118900,7,
0.063747,0.001507,0.002265,0.132615,0.002024,0.539386,0.001672,0.004681,0.247257,0.004845,5,
0.000000,0.000000,0.999346,0.000000,0.000000,0.000000,0.000654,0.000000,0.000000,0.000000,2,
0.642286,0.003322,0.007781,0.067928,0.004362,0.022950,0.006435,0.004238,0.234650,0.006049,5,
0.473283,0.003620,0.011883,0.004530,0.170210,0.056118,0.012398,0.005650,0.038548,0.223758,5,
0.040385,0.001009,0.448131,0.069024,0.006151,0.002373,0.009687,0.001577,0.393682,0.027981,1,
0.009310,0.000145,0.000192,0.047245,0.000296,0.001997,0.000159,0.070396,0.081260,0.789001,7,
0.199640,0.002874,0.043322,0.004515,0.289078,0.011528,0.358838,0.003594,0.028389,0.058220,4,
0.049526,0.000372,0.216616,0.040479,0.002491,0.001556,0.002042,0.000766,0.660089,0.026062,1,
0.038300,0.000004,0.000008,0.000060,0.000008,0.026137,0.000016,0.000004,0.935409,0.000055,8,
0.007146,0.000010,0.989148,0.000035,0.000119,0.000122,0.002093,0.000009,0.001296,0.000021,2,
0.962389,0.000000,0.000028,0.000010,0.000002,0.000545,0.000001,0.000000,0.037023,0.000003,0,
0.950897,0.000001,0.000362,0.000090,0.000033,0.000234,0.000082,0.000002,0.048298,0.000002,0,
0.000153,0.000000,0.000683,0.000000,0.000066,0.000007,0.999043,0.000000,0.000041,0.000007,6,
0.058810,0.000271,0.006510,0.008528,0.040192,0.028991,0.010529,0.000725,0.783111,0.062335,1,
0.003403,0.000000,0.000001,0.000063,0.000000,0.000098,0.000000,0.000000,0.996246,0.000188,3,
0.000019,0.000000,0.000499,0.000000,0.000013,0.000004,0.999426,0.000000,0.000039,0.000001,6,
0.422186,0.000106,0.000252,0.000588,0.000189,0.024616,0.000125,0.000175,0.551362,0.000399,5,
0.000484,0.000002,0.997572,0.000134,0.000002,0.000003,0.000309,0.000002,0.001491,0.000002,2,
0.000284,0.000000,0.000073,0.972257,0.000001,0.000328,0.000000,0.000000,0.027056,0.000000,3,
0.011020,0.000000,0.000455,0.986816,0.000001,0.000116,0.000000,0.000000,0.001592,0.000000,3,
0.000040,0.000010,0.990868,0.000015,0.000039,0.000030,0.008954,0.000000,0.000043,0.000000,2,
0.105304,0.000151,0.058390,0.014041,0.000219,0.000889,0.002805,0.000165,0.817765,0.000270,2,
0.083506,0.000010,0.000060,0.001168,0.000033,0.000174,0.000017,0.000008,0.914681,0.000342,0,
0.017762,0.001230,0.504657,0.207635,0.001826,0.002264,0.016648,0.001362,0.244917,0.001698,2,
0.010293,0.000000,0.000993,0.006859,0.000000,0.000118,0.000000,0.000000,0.981732,0.000004,2,
0.000000,0.000000,0.000000,0.000000,0.000000,0.000000,1.000000,0.000000,0.000000,0.000000,6,
0.095368,0.000543,0.173017,0.007764,0.001694,0.001950,0.003043,0.000786,0.700792,0.015043,1,
0.040781,0.000448,0.000618,0.046031,0.001411,0.319373,0.000583,0.001620,0.551621,0.037514,5,
0.004799,0.000000,0.000004,0.000023,0.000000,0.000045,0.000003,0.000000,0.995107,0.000017,8,
0.993369,0.000004,0.000012,0.000010,0.000006,0.000942,0.000009,0.000004,0.005640,0.000005,0,
0.007346,0.000077,0.947753,0.000467,0.031011,0.000180,0.011804,0.000112,0.000396,0.000854,2,
0.027398,0.000000,0.000023,0.000222,0.000006,0.000234,0.000001,0.000001,0.971993,0.000122,8,
0.013593,0.000007,0.000011,0.001591,0.000392,0.001171,0.000009,0.000031,0.257981,0.725213,9,
0.108651,0.000010,0.003310,0.008434,0.000271,0.008680,0.000663,0.000038,0.866351,0.003593,8,
0.012398,0.001101,0.001360,0.069819,0.001665,0.567261,0.001435,0.002377,0.329045,0.013540,5,
0.017455,0.000324,0.000812,0.001831,0.076859,0.003190,0.006591,0.000553,0.165951,0.726434,9,
0.000000,0.000000,0.000000,0.000000,0.000000,0.000000,0.999821,0.000000,0.000178,0.000000,6,
0.113858,0.002968,0.773310,0.043771,0.013047,0.004511,0.006177,0.005338,0.012122,0.024899,2,
0.001501,0.000889,0.001022,0.225237,0.004143,0.005927,0.001131,0.639524,0.040722,0.079905,7,
0.276757,0.000437,0.033248,0.003513,0.004198,0.018044,0.203090,0.000509,0.453398,0.006806,6,
0.000170,0.000092,0.000179,0.252810,0.000178,0.000207,0.000083,0.713696,0.011300,0.021284,7,
0.000008,0.000002,0.998381,0.000032,0.000004,0.000010,0.000200,0.000002,0.001361,0.000002,2,
0.999990,0.000000,0.000000,0.000000,0.000000,0.000001,0.000000,0.000000,0.000008,0.000000,0,
0.047973,0.000593,0.000773,0.041030,0.000843,0.092566,0.000618,0.067547,0.674863,0.073195,7,
0.132271,0.000330,0.079124,0.038382,0.001855,0.003492,0.001037,0.002116,0.708166,0.033227,1,
0.009914,0.000002,0.000083,0.049673,0.000007,0.002241,0.000003,0.000022,0.937792,0.000262,2,
0.008440,0.000000,0.000001,0.000440,0.000000,0.000088,0.000000,0.000000,0.990925,0.000104,8,
0.856256,0.000769,0.007115,0.001064,0.031482,0.026479,0.008110,0.001184,0.046447,0.021094,5,
0.019668,0.002692,0.165048,0.354467,0.015890,0.006747,0.001539,0.010247,0.299151,0.124551,1,
0.107378,0.000261,0.077442,0.007007,0.001733,0.001523,0.001755,0.000895,0.769980,0.032027,1,
0.007765,0.000023,0.000824,0.000247,0.000397,0.000802,0.916533,0.000026,0.070407,0.002977,6,
0.011684,0.001062,0.001455,0.493071,0.001568,0.004873,0.001163,0.101539,0.200432,0.183153,7,
0.006705,0.000052,0.000080,0.008092,0.000074,0.000555,0.000053,0.000096,0.962437,0.021857,3,
0.001944,0.000001,0.000012,0.000413,0.000038,0.000170,0.000001,0.000001,0.541204,0.456214,9,
0.007879,0.000000,0.000003,0.000041,0.000000,0.000065,0.000000,0.000000,0.991504,0.000508,8,
0.025649,0.053861,0.039046,0.038104,0.474039,0.059242,0.023420,0.050639,0.058596,0.177404,1,
0.107433,0.000393,0.000583,0.001800,0.000605,0.059962,0.000442,0.000713,0.827025,0.001043,5,
0.000311,0.000015,0.044974,0.923657,0.000009,0.000140,0.000013,0.000009,0.030863,0.000010,2,
0.048302,0.000710,0.074501,0.128004,0.004230,0.005342,0.001567,0.001721,0.691153,0.044469,1,
0.018989,0.000486,0.000687,0.057372,0.000790,0.001980,0.000546,0.008137,0.307501,0.603511,9,
0.078128,0.000005,0.001667,0.001901,0.000268,0.000698,0.001941,0.000013,0.912394,0.002986,1,
0.001781,0.000000,0.002857,0.000017,0.000000,0.000002,0.000009,0.000000,0.995335,0.000000,2,
0.020347,0.001951,0.072170,0.329389,0.120392,0.031734,0.008885,0.008140,0.268076,0.138915,1,
0.002487,0.000010,0.000579,0.910668,0.000020,0.000110,0.000008,0.000003,0.086111,0.000004,3,
0.004100,0.000023,0.000187,0.001609,0.037643,0.000795,0.000750,0.000147,0.011647,0.943098,4,
0.999037,0.000000,0.000001,0.000000,0.000000,0.000005,0.000000,0.000000,0.000956,0.000000,0,
0.068898,0.000000,0.000006,0.000002,0.000000,0.000065,0.000002,0.000000,0.931025,0.000001,8,
0.999877,0.000000,0.000000,0.000000,0.000000,0.000031,0.000000,0.000000,0.000092,0.000000,0,
0.014616,0.003083,0.006617,0.080900,0.021581,0.013659,0.004870,0.006509,0.638958,0.209207,3,
0.999670,0.000000,0.000163,0.000001,0.000000,0.000003,0.000152,0.000000,0.000010,0.000000,0,
0.027427,0.079813,0.054386,0.084167,0.173046,0.229059,0.219349,0.016965,0.086171,0.029617,1,
0.000645,0.000017,0.000023,0.000063,0.000031,0.012523,0.000002,0.000001,0.986696,0.000000,5,
0.016494,0.000075,0.088653,0.008991,0.000102,0.000124,0.000634,0.000085,0.884572,0.000270,8,
0.062779,0.000054,0.001230,0.000150,0.000081,0.001447,0.010164,0.000060,0.923942,0.000093,5,
0.004410,0.000027,0.000046,0.015095,0.000006,0.000106,0.000005,0.000009,0.978528,0.001768,3,
0.111493,0.000015,0.022773,0.008497,0.000133,0.000500,0.000234,0.000167,0.849749,0.006439,1,
0.034323,0.001466,0.330968,0.137740,0.007071,0.005228,0.004748,0.002209,0.448121,0.028127,1,
0.001689,0.000000,0.000298,0.930146,0.000002,0.000947,0.000001,0.000051,0.066630,0.000236,3,
0.775670,0.000062,0.012995,0.199705,0.000225,0.007744,0.000412,0.000624,0.002362,0.000202,3,
0.535472,0.000027,0.000070,0.000772,0.000043,0.013313,0.000030,0.000039,0.450176,0.000057,0,
0.048195,0.004616,0.109739,0.008635,0.042511,0.009434,0.093251,0.004733,0.613543,0.065343,1,
0.007465,0.000004,0.036141,0.000383,0.005948,0.000699,0.947575,0.000039,0.001558,0.000188,6,
0.000521,0.000018,0.954463,0.009211,0.000020,0.000031,0.001621,0.000013,0.034086,0.000016,2,
0.001374,0.000175,0.000255,0.064808,0.000403,0.001476,0.000138,0.601947,0.015120,0.314304,7,
0.000003,0.000000,0.000599,0.000000,0.000119,0.000005,0.999245,0.000000,0.000025,0.000003,6,
0.000640,0.000000,0.999049,0.000037,0.000002,0.000180,0.000088,0.000000,0.000004,0.000000,2,
0.009605,0.000113,0.059495,0.225915,0.000148,0.000242,0.000194,0.000118,0.704009,0.000163,2,
0.014071,0.000000,0.000035,0.000055,0.000000,0.000043,0.000065,0.000000,0.985717,0.000013,0,
0.149298,0.000694,0.000913,0.006277,0.003009,0.005537,0.001034,0.001152,0.390492,0.441595,4,
0.039056,0.001299,0.228755,0.269046,0.007750,0.005347,0.002789,0.003779,0.392680,0.049500,1,
0.000018,0.000004,0.004801,0.000001,0.000003,0.000005,0.994664,0.000001,0.000504,0.000001,6,
0.005902,0.000073,0.959425,0.002834,0.000096,0.000118,0.004180,0.000068,0.027220,0.000085,2,
0.000010,0.000003,0.996672,0.001742,0.000002,0.000003,0.001152,0.000002,0.000413,0.000002,2,
0.000000,0.000000,0.999701,0.000026,0.000000,0.000000,0.000264,0.000000,0.000010,0.000000,2,
0.000081,0.000008,0.913243,0.083215,0.000002,0.000004,0.000854,0.000001,0.002591,0.000001,2,
0.041884,0.000511,0.000675,0.096449,0.000783,0.074908,0.000586,0.041773,0.589112,0.153318,7,
0.012206,0.000000,0.000006,0.000004,0.000001,0.000381,0.000571,0.000000,0.986795,0.000035,5,
0.065404,0.000004,0.000012,0.000053,0.000029,0.000112,0.000004,0.000004,0.934377,0.000001,0,
0.000691,0.000005,0.000034,0.002350,0.002127,0.000122,0.000006,0.000683,0.028714,0.965269,9,
0.029613,0.000007,0.005394,0.000044,0.000017,0.000020,0.001412,0.000002,0.962388,0.001102,1,
0.036541,0.001825,0.005195,0.804158,0.002412,0.123453,0.003218,0.002986,0.016664,0.003549,5,
