0, 1, 2, 3, 4, 5, 6, 7, 8, 9, True
0.003166,0.001054,0.000256,0.019126,0.121322,0.032333,0.000047,0.289035,0.010829,0.522832,4,
0.307250,0.000005,0.001444,0.001529,0.000158,0.307869,0.007409,0.000012,0.371707,0.002615,8,
0.005311,0.005980,0.001698,0.012386,0.334686,0.038127,0.000996,0.092178,0.019080,0.489558,4,
0.057854,0.040687,0.016280,0.238423,0.000082,0.280239,0.000577,0.018258,0.331438,0.016160,8,
0.000233,0.000000,0.034798,0.000001,0.007102,0.000042,0.957794,0.000000,0.000014,0.000016,6,
0.021420,0.391533,0.010299,0.030810,0.027171,0.129372,0.006980,0.030786,0.171265,0.180364,9,
0.004051,0.012507,0.001059,0.012346,0.274406,0.034508,0.000583,0.122761,0.018840,0.518939,9,
0.002393,0.245844,0.017516,0.000908,0.487556,0.009437,0.137975,0.001756,0.014246,0.082368,4,
0.000600,0.655054,0.001094,0.011574,0.032117,0.008165,0.000217,0.140665,0.007599,0.142915,1,
0.138230,0.001285,0.008444,0.041438,0.000001,0.281185,0.000766,0.000145,0.527879,0.000628,0,
0.511157,0.000000,0.002864,0.179226,0.000000,0.216445,0.000000,0.000001,0.090306,0.000000,5,
0.014827,0.000000,0.577574,0.404180,0.000000,0.003337,0.000001,0.000011,0.000069,0.000000,3,
0.321860,0.000000,0.000016,0.000020,0.000000,0.121539,0.000527,0.000000,0.556035,0.000003,8,
0.000117,0.984648,0.001588,0.003099,0.000198,0.001167,0.000140,0.004313,0.002025,0.002705,1,
0.393003,0.000000,0.001757,0.007250,0.000000,0.306037,0.000358,0.000005,0.291466,0.000124,8,
0.029201,0.004787,0.002331,0.025527,0.125870,0.165665,0.001684,0.059146,0.100241,0.485548,0,
0.000384,0.950048,0.001872,0.003032,0.005312,0.003553,0.000737,0.009282,0.005477,0.020302,1,
0.002049,0.026069,0.923701,0.033134,0.000000,0.003610,0.003478,0.000038,0.007909,0.000011,2,
0.947373,0.000000,0.000573,0.000101,0.000000,0.046173,0.000113,0.000000,0.005668,0.000000,0,
0.001020,0.724086,0.003278,0.075239,0.000452,0.013085,0.000057,0.144382,0.013233,0.025167,7,
0.004047,0.870126,0.026575,0.026363,0.000051,0.020479,0.001973,0.002396,0.045323,0.002667,1,
0.004022,0.000583,0.296580,0.679744,0.000000,0.008494,0.000012,0.000123,0.010441,0.000001,3,
0.000122,0.000536,0.854373,0.137545,0.000003,0.000438,0.000124,0.006611,0.000144,0.000104,2,
0.080329,0.006868,0.001100,0.037990,0.000112,0.354565,0.000294,0.003559,0.497845,0.017339,8,
0.003169,0.000001,0.985417,0.002101,0.000000,0.001131,0.006938,0.000000,0.001243,0.000000,2,
0.000217,0.000000,0.025668,0.000000,0.000004,0.000001,0.974111,0.000000,0.000000,0.000000,6,
0.075201,0.000000,0.039147,0.018009,0.629793,0.078236,0.006899,0.006266,0.004976,0.141473,4,
0.000165,0.000197,0.000001,0.008441,0.003898,0.004609,0.000000,0.816791,0.001135,0.164762,7,
0.000185,0.000000,0.999343,0.000421,0.000000,0.000012,0.000039,0.000000,0.000000,0.000000,2,
0.004040,0.000939,0.000418,0.019330,0.157693,0.036540,0.000090,0.235026,0.012251,0.533674,9,
0.720275,0.000000,0.005402,0.026221,0.005726,0.228238,0.000112,0.000408,0.002864,0.010754,0,
0.186210,0.000002,0.000136,0.036883,0.000000,0.400692,0.000004,0.000098,0.375731,0.000245,5,
0.001512,0.938441,0.021534,0.004735,0.000267,0.006898,0.006425,0.000787,0.016841,0.002559,1,
0.000935,0.909691,0.005549,0.025775,0.000411,0.008788,0.000262,0.025060,0.012069,0.011460,1,
0.305319,0.000000,0.000024,0.112953,0.000000,0.394234,0.000000,0.000010,0.187456,0.000003,5,
0.186355,0.000026,0.000277,0.004001,0.000134,0.376823,0.000555,0.000129,0.424530,0.007171,8,
0.000085,0.000000,0.023630,0.000000,0.008534,0.000021,0.967703,0.000000,0.000010,0.000016,6,
0.970466,0.000000,0.000033,0.000074,0.000000,0.028741,0.000001,0.000000,0.000686,0.000000,0,
0.006355,0.000019,0.001662,0.939481,0.000000,0.031801,0.000000,0.005775,0.014846,0.000060,3,
0.000251,0.006425,0.000004,0.008389,0.010974,0.006842,0.000000,0.701474,0.002927,0.262712,7,
0.012368,0.000054,0.043507,0.002391,0.727077,0.022173,0.096887,0.001553,0.008714,0.085275,4,
0.058408,0.000000,0.004761,0.062193,0.316089,0.118628,0.000209,0.076073,0.005556,0.358083,4,
0.171589,0.000285,0.035831,0.007900,0.080869,0.274399,0.131638,0.000955,0.208578,0.087957,9,
0.000350,0.831653,0.004918,0.056497,0.000159,0.004477,0.000044,0.088609,0.004585,0.008707,1,
0.841690,0.000000,0.002767,0.008117,0.000586,0.143916,0.000059,0.000025,0.001428,0.001411,0,
0.840053,0.000000,0.000928,0.000413,0.000002,0.134683,0.000723,0.000000,0.023158,0.000040,2,
0.022445,0.001400,0.000047,0.051224,0.004510,0.245604,0.000008,0.198840,0.130845,0.345077,8,
0.002208,0.029995,0.231562,0.709481,0.000000,0.010105,0.000053,0.006385,0.010100,0.000112,2,
0.005971,0.000000,0.429215,0.000003,0.015450,0.000154,0.549196,0.000000,0.000002,0.000010,2,
0.015830,0.000050,0.009223,0.012178,0.565605,0.051064,0.005041,0.024336,0.013841,0.302833,4,
0.002171,0.000002,0.172436,0.819842,0.000000,0.003646,0.000001,0.000101,0.001802,0.000000,3,
0.000490,0.000000,0.214660,0.000012,0.012991,0.000144,0.771578,0.000000,0.000040,0.000086,6,
0.002965,0.013016,0.000382,0.014587,0.153859,0.032345,0.000139,0.217916,0.016901,0.547888,9,
0.060001,0.175458,0.043643,0.006773,0.009422,0.150711,0.173972,0.000650,0.348464,0.030907,8,
0.977386,0.000000,0.000000,0.000014,0.000000,0.021923,0.000000,0.000000,0.000677,0.000000,0,
0.012220,0.016023,0.006286,0.010087,0.412841,0.062509,0.009088,0.029523,0.044563,0.396860,4,
0.000049,0.802028,0.001513,0.020410,0.000527,0.000892,0.000013,0.163120,0.000720,0.010729,1,
0.612946,0.000000,0.001064,0.000366,0.000009,0.215407,0.005768,0.000000,0.164268,0.000171,0,
0.256250,0.000000,0.039163,0.000122,0.000494,0.052184,0.618899,0.000000,0.032653,0.000236,0,
0.333562,0.000014,0.022911,0.006704,0.000011,0.264208,0.015976,0.000010,0.356090,0.000515,0,
0.109795,0.000018,0.000013,0.009692,0.000021,0.458053,0.000006,0.000946,0.411363,0.010092,8,
0.102656,0.004083,0.004808,0.068845,0.000038,0.349379,0.000555,0.002356,0.459588,0.007693,0,
0.000122,0.000000,0.018741,0.000000,0.000036,0.000002,0.981098,0.000000,0.000000,0.000000,6,
0.010191,0.000003,0.000604,0.037405,0.155549,0.057961,0.000047,0.235754,0.007872,0.494612,9,
0.074558,0.000001,0.231124,0.577620,0.000000,0.066926,0.000037,0.000025,0.049707,0.000002,3,
0.982420,0.000000,0.000892,0.000648,0.000000,0.014891,0.000000,0.000000,0.001148,0.000000,0,
0.001559,0.861605,0.004985,0.021861,0.002833,0.014465,0.000584,0.037844,0.018489,0.035774,1,
0.008004,0.002250,0.123318,0.003339,0.520257,0.017617,0.238866,0.002134,0.011270,0.072944,6,
0.120246,0.000000,0.349961,0.002277,0.409542,0.022966,0.085991,0.000046,0.000523,0.008448,2,
0.000562,0.027117,0.000023,0.010018,0.033237,0.012029,0.000004,0.518515,0.006543,0.391951,7,
0.000568,0.000000,0.045407,0.000007,0.055945,0.000275,0.897280,0.000000,0.000145,0.000370,6,
0.003537,0.002566,0.012204,0.923335,0.000000,0.022528,0.000002,0.020357,0.015187,0.000283,3,
0.124338,0.000000,0.000015,0.322803,0.000000,0.472451,0.000000,0.010371,0.067787,0.002235,5,
0.019062,0.000018,0.013513,0.011021,0.617137,0.050853,0.007693,0.016016,0.012309,0.252378,9,
0.000101,0.000000,0.025798,0.000000,0.006227,0.000020,0.967836,0.000000,0.000008,0.000010,6,
0.006801,0.006294,0.005066,0.007969,0.518644,0.035730,0.005573,0.033054,0.020383,0.360485,4,
0.019124,0.000014,0.025849,0.006463,0.706534,0.039762,0.023543,0.005911,0.010493,0.162306,9,
0.000874,0.000000,0.009409,0.000000,0.000015,0.000042,0.989637,0.000000,0.000023,0.000000,6,
0.011755,0.001797,0.170774,0.001144,0.045992,0.015774,0.725265,0.000107,0.017496,0.009895,6,
0.899308,0.000000,0.000456,0.000549,0.000003,0.095910,0.000072,0.000000,0.003664,0.000038,0,
0.001388,0.000000,0.072697,0.000019,0.090868,0.000608,0.833494,0.000001,0.000219,0.000705,6,
0.002807,0.001964,0.000011,0.028198,0.005885,0.051103,0.000001,0.539115,0.022057,0.348860,7,
0.000196,0.000000,0.008543,0.991105,0.000000,0.000141,0.000000,0.000001,0.000014,0.000000,3,
0.000230,0.049267,0.805107,0.143248,0.000000,0.000692,0.000067,0.000129,0.001260,0.000001,2,
0.000164,0.000000,0.021721,0.000001,0.014590,0.000070,0.963328,0.000000,0.000056,0.000070,6,
0.054361,0.000001,0.000346,0.652829,0.000000,0.199268,0.000000,0.002385,0.090672,0.000139,5,
0.013876,0.000000,0.233184,0.000183,0.234305,0.003743,0.511985,0.000005,0.000375,0.002344,2,
0.006590,0.025507,0.018455,0.002556,0.657629,0.023814,0.075032,0.004542,0.022336,0.163540,4,
0.004600,0.832321,0.008155,0.030769,0.000725,0.033044,0.001052,0.015317,0.053986,0.020030,1,
0.002629,0.000000,0.150646,0.841691,0.000000,0.003846,0.000001,0.000664,0.000518,0.000005,3,
0.008271,0.000000,0.005836,0.942605,0.000000,0.024803,0.000000,0.015406,0.002778,0.000300,3,
0.125741,0.002154,0.103828,0.159946,0.000000,0.197198,0.001031,0.000080,0.409945,0.000077,2,
0.002502,0.008295,0.000285,0.014776,0.138531,0.028593,0.000084,0.255649,0.013528,0.537757,9,
0.000069,0.001344,0.000000,0.005247,0.002205,0.002651,0.000000,0.856234,0.000899,0.131352,7,
0.006186,0.002876,0.001946,0.013279,0.348437,0.040851,0.001041,0.086943,0.018284,0.480157,4,
0.018229,0.000000,0.361398,0.003036,0.328075,0.014863,0.250028,0.000388,0.002858,0.021124,2,
0.146967,0.005169,0.104060,0.005720,0.000003,0.139635,0.092545,0.000005,0.505702,0.000194,5,
0.055546,0.052672,0.003399,0.095490,0.000305,0.316869,0.000449,0.017815,0.420434,0.037021,8,
0.010198,0.000084,0.226112,0.728139,0.000000,0.016030,0.000009,0.000043,0.019383,0.000001,3,
0.000070,0.000052,0.000000,0.006108,0.001295,0.002411,0.000000,0.890135,0.000489,0.099440,7,
0.000059,0.000483,0.000001,0.008592,0.001009,0.002058,0.000000,0.911728,0.000555,0.075514,7,
0.007272,0.003355,0.020790,0.002737,0.716434,0.022372,0.060037,0.004220,0.014992,0.147790,4,
0.004928,0.000000,0.290495,0.000147,0.101505,0.001790,0.599477,0.000005,0.000310,0.001343,2,
0.787898,0.000000,0.002821,0.005260,0.000000,0.155455,0.000051,0.000000,0.048513,0.000002,0,
0.001140,0.930929,0.015460,0.019693,0.000161,0.007778,0.000843,0.006513,0.013209,0.004273,1,
0.006919,0.000069,0.017932,0.000025,0.003256,0.004478,0.957964,0.000000,0.008898,0.000459,6,
0.036000,0.001307,0.459368,0.360000,0.000006,0.078308,0.001939,0.002570,0.059531,0.000970,2,
0.135506,0.000264,0.000391,0.006630,0.000327,0.373323,0.000659,0.000462,0.466796,0.015643,8,
0.000023,0.000000,0.025030,0.000000,0.000746,0.000001,0.974199,0.000000,0.000000,0.000000,6,
0.000123,0.000946,0.000006,0.050313,0.000050,0.003598,0.000000,0.922976,0.001093,0.020894,7,
0.001508,0.869174,0.003692,0.007297,0.013483,0.012506,0.001778,0.018260,0.017855,0.054447,1,
0.000037,0.000012,0.000000,0.005156,0.000144,0.001717,0.000000,0.944364,0.000309,0.048262,7,
0.002934,0.005769,0.561839,0.411951,0.000000,0.006701,0.000065,0.000147,0.010591,0.000003,3,
0.108036,0.001744,0.000782,0.009223,0.002220,0.367714,0.001569,0.001650,0.458386,0.048675,8,
0.001742,0.000114,0.141765,0.000064,0.001247,0.001197,0.851909,0.000001,0.001785,0.000175,2,
0.000384,0.971574,0.004180,0.005143,0.000420,0.003073,0.000549,0.004480,0.005424,0.004773,1,
0.015971,0.000042,0.373538,0.001237,0.005440,0.012476,0.579723,0.000023,0.009726,0.001823,6,
0.016082,0.000000,0.000061,0.117929,0.023160,0.059961,0.000000,0.530297,0.000925,0.251585,3,
0.001391,0.324557,0.036638,0.520497,0.000005,0.012950,0.000034,0.089570,0.012074,0.002284,3,
0.835177,0.000000,0.000222,0.001103,0.000004,0.154768,0.000033,0.000001,0.008599,0.000094,0,
0.007507,0.804648,0.052276,0.008938,0.000508,0.026437,0.026290,0.000773,0.067659,0.004962,1,
0.003549,0.858225,0.017237,0.011645,0.006806,0.020826,0.007323,0.008733,0.033503,0.032152,1,
0.156745,0.000845,0.042421,0.086403,0.000000,0.228491,0.000850,0.000043,0.484122,0.000079,8,
0.000091,0.000000,0.913365,0.086455,0.000000,0.000048,0.000000,0.000000,0.000040,0.000000,2,
0.006036,0.004272,0.599913,0.357746,0.000000,0.011547,0.000129,0.000083,0.020271,0.000003,3,
0.057012,0.001929,0.014568,0.016003,0.257860,0.182091,0.023058,0.012916,0.114328,0.320235,9,
0.170555,0.000254,0.004556,0.022756,0.000001,0.288283,0.000653,0.000058,0.512438,0.000447,5,
0.116359,0.000822,0.000794,0.015154,0.000010,0.320329,0.000303,0.000272,0.543137,0.002818,8,
0.057305,0.000000,0.003147,0.076158,0.253458,0.122711,0.000095,0.105913,0.004828,0.376386,9,
0.006717,0.000000,0.066115,0.000000,0.000080,0.000128,0.926950,0.000000,0.000010,0.000000,6,
0.010822,0.029846,0.002883,0.013392,0.272475,0.070948,0.003132,0.056328,0.052728,0.487447,1,
0.007512,0.000015,0.335657,0.001721,0.231256,0.008106,0.397202,0.000294,0.002933,0.015304,6,
0.909730,0.000000,0.000004,0.000026,0.000000,0.075301,0.000004,0.000000,0.014936,0.000000,0,
0.000864,0.000001,0.134261,0.000034,0.034852,0.000492,0.828720,0.000002,0.000255,0.000519,6,
0.092030,0.000714,0.595037,0.007266,0.000000,0.047598,0.055961,0.000000,0.201391,0.000003,2,
0.000248,0.967485,0.003007,0.004432,0.001282,0.002306,0.000434,0.008679,0.003475,0.008652,1,
0.007949,0.000036,0.127329,0.836999,0.000000,0.013662,0.000003,0.000056,0.013965,0.000001,3,
0.663521,0.000000,0.000096,0.069271,0.000190,0.259570,0.000000,0.001296,0.000882,0.005174,0,
0.093515,0.013351,0.001875,0.005803,0.001118,0.280100,0.006267,0.000516,0.575453,0.022002,8,
0.874646,0.000000,0.000024,0.000194,0.000000,0.113943,0.000007,0.000000,0.011181,0.000005,0,
0.984729,0.000000,0.000065,0.000016,0.000000,0.015015,0.000006,0.000000,0.000167,0.000000,0,
0.178134,0.000000,0.153583,0.001680,0.070490,0.079970,0.484424,0.000031,0.020961,0.010727,6,
0.000419,0.970445,0.002472,0.006092,0.000232,0.003673,0.000269,0.005210,0.006663,0.004524,1,
0.000955,0.000000,0.911909,0.000541,0.000425,0.000476,0.085484,0.000005,0.000131,0.000075,2,
0.010690,0.000047,0.019258,0.916303,0.000000,0.030328,0.000001,0.000627,0.022737,0.000009,3,
0.000872,0.910175,0.009286,0.013748,0.003378,0.007258,0.001151,0.021986,0.009373,0.022772,1,
0.003345,0.215607,0.005831,0.018560,0.209521,0.028603,0.002549,0.122495,0.022628,0.370861,3,
0.000555,0.976747,0.005489,0.001761,0.000154,0.002982,0.002180,0.000445,0.008182,0.001505,1,
0.018543,0.000000,0.184357,0.767816,0.000000,0.015878,0.000002,0.000005,0.013399,0.000000,3,
0.000654,0.929903,0.005912,0.006697,0.005551,0.005398,0.001412,0.013769,0.007534,0.023168,1,
0.004889,0.000000,0.691583,0.000044,0.014655,0.000408,0.288347,0.000000,0.000013,0.000060,2,
0.000781,0.000045,0.106166,0.000056,0.068048,0.000706,0.822245,0.000007,0.000541,0.001406,6,
0.001919,0.274262,0.016134,0.494714,0.000017,0.020316,0.000026,0.169158,0.017380,0.006075,3,
0.002119,0.000093,0.000586,0.897320,0.000000,0.019816,0.000000,0.072518,0.007035,0.000514,3,
0.028577,0.000021,0.024939,0.000076,0.002779,0.016228,0.900255,0.000001,0.026345,0.000780,6,
0.060188,0.013239,0.006197,0.256211,0.000021,0.303128,0.000141,0.015061,0.335972,0.009841,8,
0.013414,0.000003,0.007739,0.926797,0.000000,0.031863,0.000000,0.000245,0.019935,0.000003,3,
0.001776,0.000006,0.860637,0.134205,0.000000,0.001138,0.000006,0.000000,0.002232,0.000000,2,
0.000978,0.000002,0.051207,0.000021,0.104469,0.000641,0.841170,0.000002,0.000378,0.001131,6,
0.002712,0.000053,0.022912,0.000018,0.008143,0.001881,0.960797,0.000001,0.002977,0.000507,6,
0.119874,0.008959,0.015382,0.003514,0.019645,0.235010,0.143621,0.000325,0.410967,0.042703,8,
0.040540,0.004731,0.312395,0.428116,0.000000,0.077208,0.000413,0.000201,0.136363,0.000033,5,
0.168238,0.000020,0.065383,0.009174,0.193879,0.216914,0.147481,0.001198,0.095018,0.102694,5,
0.301658,0.000000,0.000234,0.032888,0.000000,0.375919,0.000004,0.000016,0.289236,0.000045,3,
0.001082,0.827397,0.063201,0.083447,0.000005,0.006704,0.000339,0.005939,0.011155,0.000731,1,
0.000466,0.007071,0.739926,0.249472,0.000000,0.001130,0.000027,0.000070,0.001837,0.000000,2,
0.133705,0.002478,0.007710,0.013856,0.000002,0.232227,0.002515,0.000040,0.606973,0.000494,5,
0.001384,0.000012,0.036223,0.000020,0.043605,0.000980,0.915952,0.000001,0.000896,0.000927,6,
0.020058,0.089724,0.042673,0.472515,0.000316,0.127815,0.000511,0.109396,0.105510,0.031483,7,
0.020875,0.000000,0.959081,0.013386,0.000000,0.004623,0.000951,0.000000,0.001083,0.000001,3,
0.012314,0.000101,0.003928,0.016901,0.424804,0.053895,0.001478,0.058248,0.014724,0.413607,7,
0.000609,0.008468,0.000054,0.019831,0.018432,0.011484,0.000003,0.663025,0.004732,0.273363,7,
0.389596,0.000000,0.000061,0.054010,0.000000,0.400286,0.000000,0.000011,0.156023,0.000013,5,
0.007066,0.071756,0.158895,0.682396,0.000000,0.032041,0.000131,0.007142,0.040234,0.000338,3,
0.048873,0.139243,0.026119,0.156625,0.000828,0.247634,0.002388,0.027224,0.306810,0.044256,8,
0.813143,0.000000,0.000004,0.009096,0.000000,0.169375,0.000000,0.000000,0.008382,0.000000,0,
0.123979,0.000051,0.000056,0.007466,0.000073,0.418937,0.000051,0.000605,0.436872,0.011911,5,
0.306160,0.000012,0.011546,0.005641,0.000000,0.205874,0.003194,0.000001,0.467543,0.000029,0,
0.000039,0.000321,0.000000,0.004290,0.000959,0.001676,0.000000,0.903557,0.000459,0.088699,7,
0.007505,0.233786,0.016212,0.002176,0.403059,0.029930,0.113754,0.003204,0.044985,0.145388,4,
0.000500,0.952097,0.010055,0.017221,0.000071,0.003939,0.000309,0.006830,0.006483,0.002496,1,
0.000556,0.028488,0.000284,0.129667,0.000250,0.010706,0.000001,0.786590,0.005178,0.038280,3,
0.048096,0.085388,0.050674,0.307217,0.000010,0.197426,0.000836,0.007183,0.299316,0.003856,8,
0.188655,0.000000,0.800716,0.000714,0.000000,0.005445,0.002964,0.000000,0.001506,0.000000,2,
0.033089,0.000049,0.223585,0.646430,0.000000,0.040936,0.000023,0.000022,0.055865,0.000001,2,
0.144075,0.000127,0.000382,0.008457,0.000006,0.325945,0.000204,0.000097,0.519031,0.001676,8,
0.022653,0.000071,0.607536,0.310912,0.000000,0.020184,0.000071,0.000003,0.038569,0.000000,2,
0.000399,0.967483,0.005471,0.007604,0.000262,0.003224,0.000444,0.005558,0.005460,0.004095,1,
0.000224,0.000001,0.066523,0.932598,0.000000,0.000399,0.000000,0.000010,0.000246,0.000000,3,
0.024225,0.000000,0.007103,0.907040,0.000001,0.046234,0.000001,0.012141,0.002691,0.000564,8,
0.001011,0.000009,0.000001,0.024693,0.001472,0.020210,0.000000,0.776688,0.003546,0.172369,7,
0.064298,0.103350,0.008624,0.022656,0.007020,0.266703,0.010484,0.006024,0.428206,0.082635,0,
0.903524,0.000000,0.000067,0.000163,0.000000,0.088704,0.000020,0.000000,0.007518,0.000004,0,
0.002843,0.070932,0.000847,0.009518,0.249032,0.028338,0.000636,0.117271,0.020699,0.499884,1,
0.419057,0.000002,0.032872,0.005941,0.000103,0.279630,0.032285,0.000015,0.228733,0.001363,0,
0.008385,0.032564,0.001637,0.014675,0.218710,0.064506,0.001376,0.084874,0.046132,0.527142,9,
0.018164,0.000013,0.033959,0.004759,0.729694,0.033799,0.039675,0.003526,0.009480,0.126932,2,
0.000248,0.000000,0.030902,0.000003,0.030942,0.000114,0.937564,0.000000,0.000074,0.000152,6,
0.221419,0.000007,0.001177,0.023489,0.000197,0.465201,0.000352,0.000909,0.274618,0.012631,5,
0.139525,0.004774,0.055317,0.053319,0.002619,0.339884,0.020564,0.003404,0.345846,0.034748,6,
0.000838,0.000490,0.000018,0.015211,0.024628,0.014287,0.000001,0.594954,0.004028,0.345545,7,
0.135075,0.000000,0.025888,0.042119,0.484984,0.121812,0.001374,0.013182,0.003553,0.172012,4,
0.006771,0.548246,0.074364,0.007024,0.099394,0.026997,0.117278,0.005335,0.039891,0.074700,6,
0.001170,0.950164,0.018050,0.004899,0.000113,0.005560,0.003712,0.000691,0.014021,0.001621,1,
0.913251,0.000000,0.000892,0.000082,0.000001,0.073028,0.001543,0.000000,0.011197,0.000007,0,
0.313911,0.000000,0.510036,0.030226,0.003175,0.109559,0.021720,0.000157,0.007613,0.003603,3,
0.000262,0.856141,0.003290,0.047181,0.000107,0.003568,0.000027,0.078738,0.003782,0.006904,1,
0.003244,0.024167,0.000769,0.011739,0.238793,0.031229,0.000426,0.142792,0.018663,0.528177,9,
0.001031,0.639082,0.000875,0.002193,0.143087,0.009848,0.001829,0.020822,0.013110,0.168122,1,
0.487341,0.000000,0.000982,0.000141,0.000004,0.177922,0.018003,0.000000,0.315524,0.000083,8,
0.002813,0.884969,0.022533,0.032875,0.000050,0.016356,0.001051,0.004230,0.032196,0.002926,1,
0.000484,0.250796,0.006112,0.372134,0.000017,0.007138,0.000005,0.352528,0.004981,0.005804,7,
0.019558,0.000014,0.020936,0.007942,0.680829,0.044067,0.015953,0.008458,0.011139,0.191104,9,
0.000227,0.009540,0.000006,0.009954,0.008709,0.006210,0.000000,0.739114,0.002741,0.223498,7,
0.008232,0.000000,0.000107,0.058967,0.047054,0.048381,0.000002,0.466766,0.002731,0.367762,7,
0.068323,0.000022,0.001215,0.054073,0.047323,0.293003,0.000254,0.070558,0.077968,0.387262,8,
0.000644,0.940693,0.011665,0.022930,0.000060,0.005017,0.000307,0.007889,0.008166,0.002627,1,
0.344423,0.000000,0.377951,0.069124,0.000000,0.133997,0.002100,0.000004,0.072389,0.000012,2,
0.024691,0.000000,0.884803,0.089116,0.000000,0.001373,0.000001,0.000000,0.000015,0.000000,2,
0.092152,0.027685,0.046497,0.051729,0.015277,0.303157,0.026159,0.010665,0.320637,0.106042,5,
0.014417,0.031571,0.008858,0.008634,0.416284,0.068370,0.018436,0.019481,0.058453,0.355496,9,
0.002098,0.000000,0.000001,0.059575,0.001975,0.014214,0.000000,0.828209,0.000162,0.093766,7,
0.060069,0.021292,0.179534,0.324644,0.000000,0.145334,0.001097,0.000688,0.267059,0.000283,3,
0.978984,0.000000,0.000005,0.000282,0.000000,0.020686,0.000000,0.000000,0.000043,0.000000,0,
0.000243,0.000000,0.996441,0.000010,0.000000,0.000008,0.003296,0.000000,0.000001,0.000000,2,
0.003349,0.000094,0.059772,0.000220,0.372950,0.004127,0.544061,0.000066,0.002743,0.012618,4,
0.004657,0.002432,0.000804,0.016249,0.228486,0.038291,0.000275,0.160489,0.015574,0.532744,9,
0.014693,0.006566,0.000037,0.042964,0.004737,0.193792,0.000007,0.238510,0.127553,0.371142,4,
0.196193,0.000520,0.102821,0.035796,0.000000,0.189078,0.005337,0.000008,0.470202,0.000044,5,
0.193043,0.000346,0.207315,0.061966,0.000155,0.264017,0.027003,0.000492,0.241572,0.004091,5,
0.050065,0.000586,0.240572,0.001793,0.000580,0.041346,0.594849,0.000011,0.069112,0.001086,6,
0.049761,0.000000,0.004971,0.052938,0.339716,0.109303,0.000291,0.071437,0.006372,0.365211,5,
0.045003,0.000000,0.006983,0.039597,0.410601,0.098306,0.000652,0.050326,0.007432,0.341100,9,
0.000264,0.664390,0.000088,0.004709,0.022537,0.005201,0.000027,0.146433,0.005297,0.151055,7,
0.908881,0.000000,0.000016,0.010350,0.000002,0.080608,0.000000,0.000008,0.000057,0.000079,0,
0.000160,0.000015,0.000001,0.009356,0.002404,0.004122,0.000000,0.854124,0.000672,0.129147,9,
0.004432,0.120016,0.000696,0.151475,0.001174,0.063809,0.000017,0.492274,0.046991,0.119115,7,
0.095632,0.000001,0.000196,0.082366,0.006201,0.428052,0.000015,0.078283,0.077417,0.231837,7,
0.002762,0.898377,0.033564,0.012490,0.000279,0.013103,0.005606,0.001956,0.027742,0.004120,1,
0.004462,0.000124,0.005784,0.000004,0.000199,0.002293,0.977433,0.000000,0.009648,0.000052,6,
0.835550,0.000000,0.000014,0.000368,0.000000,0.149977,0.000003,0.000000,0.014078,0.000011,0,
0.001334,0.000338,0.003135,0.954187,0.000000,0.010231,0.000000,0.025797,0.004855,0.000122,3,
0.091469,0.000006,0.053637,0.011856,0.444450,0.135945,0.058755,0.003532,0.037265,0.163085,2,
0.068155,0.000001,0.034427,0.015476,0.523433,0.110579,0.019273,0.007240,0.020515,0.200900,8,
0.002857,0.000000,0.057341,0.929085,0.000000,0.006761,0.000001,0.002657,0.001276,0.000022,5,
0.073570,0.000509,0.279915,0.022540,0.129887,0.125972,0.208200,0.003624,0.067676,0.088106,2,
0.023363,0.000000,0.001678,0.048499,0.232865,0.084152,0.000107,0.146849,0.007347,0.455139,5,
0.054015,0.036771,0.405321,0.151052,0.000000,0.097165,0.004439,0.000129,0.251008,0.000100,2,
0.002485,0.744068,0.023684,0.107457,0.000382,0.020783,0.000453,0.060818,0.023523,0.016347,1,
0.002088,0.000000,0.111859,0.000006,0.021974,0.000293,0.863667,0.000000,0.000040,0.000074,2,
0.162314,0.001086,0.003181,0.001846,0.001079,0.260972,0.030344,0.000051,0.530147,0.008980,1,
0.005040,0.009458,0.027046,0.001343,0.691591,0.014363,0.143367,0.001709,0.012835,0.093248,4,
0.295442,0.000038,0.016620,0.001623,0.000064,0.214408,0.076507,0.000004,0.394487,0.000807,0,
0.007209,0.030173,0.324109,0.002303,0.013026,0.012557,0.584709,0.000189,0.019344,0.006380,6,
0.001037,0.000000,0.993429,0.000036,0.000000,0.000048,0.005436,0.000000,0.000014,0.000000,2,
0.000105,0.000008,0.171243,0.828232,0.000000,0.000226,0.000000,0.000021,0.000165,0.000000,3,
0.052330,0.001782,0.231679,0.001241,0.000028,0.037227,0.563833,0.000002,0.111699,0.000180,5,
0.586598,0.000000,0.010696,0.000508,0.000197,0.190437,0.082541,0.000001,0.128435,0.000586,0,
0.259642,0.000080,0.054412,0.003548,0.000000,0.124798,0.016375,0.000000,0.541141,0.000004,5,
0.015102,0.000076,0.002422,0.024691,0.289566,0.073116,0.000657,0.091718,0.018603,0.484049,9,
0.020993,0.000010,0.016998,0.010142,0.645950,0.049890,0.010066,0.012123,0.011366,0.222462,5,
0.001779,0.151975,0.000428,0.008293,0.177080,0.021795,0.000298,0.146538,0.017620,0.474195,9,
0.012672,0.002769,0.022086,0.004376,0.644925,0.038425,0.055444,0.005702,0.024781,0.188821,4,
0.009321,0.001893,0.053163,0.000879,0.426602,0.016866,0.431424,0.000372,0.015246,0.044234,4,
0.016894,0.000001,0.112689,0.000522,0.262066,0.012704,0.577847,0.000051,0.004819,0.012406,1,
0.006626,0.003562,0.002815,0.011400,0.410037,0.040022,0.001920,0.062726,0.019268,0.441623,9,
0.004525,0.010727,0.005368,0.798896,0.000002,0.040701,0.000004,0.110702,0.025997,0.003079,3,
0.000866,0.969504,0.006419,0.001818,0.000082,0.004110,0.002930,0.000260,0.012915,0.001097,1,
0.002979,0.078500,0.001114,0.008625,0.287239,0.027814,0.000979,0.094883,0.021105,0.476764,7,
0.154199,0.000000,0.000057,0.169383,0.000000,0.446729,0.000000,0.000578,0.228831,0.000223,5,
0.438905,0.000000,0.001912,0.251549,0.040982,0.170116,0.000001,0.031326,0.000191,0.065019,0,
0.032968,0.002263,0.350890,0.457926,0.000000,0.057259,0.000245,0.000118,0.098317,0.000013,2,
0.017616,0.019186,0.730051,0.130206,0.000000,0.027502,0.002006,0.000037,0.073384,0.000011,2,
0.004962,0.048023,0.006284,0.004769,0.555832,0.027230,0.013137,0.019564,0.023121,0.297078,4,
0.017954,0.024842,0.320973,0.003071,0.002117,0.026035,0.550729,0.000077,0.051150,0.003053,6,
0.014215,0.123225,0.008431,0.007276,0.331097,0.071409,0.025004,0.015184,0.081118,0.323041,9,
0.001744,0.936939,0.010598,0.006560,0.000739,0.009974,0.003267,0.002500,0.020605,0.007075,1,
0.003003,0.304535,0.002897,0.010098,0.207076,0.026459,0.002408,0.073439,0.025146,0.344939,9,
0.001042,0.000089,0.024246,0.966899,0.000000,0.004074,0.000000,0.001050,0.002596,0.000003,3,
0.005725,0.008919,0.002795,0.009901,0.417958,0.036678,0.002333,0.058757,0.020644,0.436290,9,
0.026497,0.001102,0.127013,0.002310,0.161670,0.039469,0.571329,0.000374,0.034420,0.035815,6,
0.000502,0.000023,0.000004,0.014934,0.008448,0.009283,0.000000,0.743174,0.001604,0.222029,7,
0.018293,0.000002,0.000067,0.072763,0.012773,0.139185,0.000003,0.357434,0.020343,0.379136,7,
0.000487,0.801929,0.021174,0.125648,0.000011,0.004780,0.000056,0.038437,0.005597,0.001879,1,
0.351956,0.000003,0.021539,0.001449,0.002716,0.233023,0.173247,0.000012,0.211021,0.005034,8,
0.421561,0.000000,0.000263,0.006434,0.000076,0.438784,0.000113,0.000082,0.128815,0.003871,0,
0.000864,0.000082,0.165425,0.829675,0.000000,0.002065,0.000001,0.000113,0.001776,0.000000,3,
0.015987,0.520331,0.011103,0.009266,0.056678,0.080539,0.024694,0.008731,0.133163,0.139506,4,
0.001173,0.001709,0.000052,0.017271,0.040388,0.018031,0.000005,0.514953,0.006161,0.400256,7,
0.000308,0.005680,0.000006,0.009137,0.013262,0.007822,0.000000,0.678012,0.003278,0.282495,7,
0.000019,0.000000,0.992898,0.007066,0.000000,0.000010,0.000004,0.000000,0.000004,0.000000,2,
0.009490,0.034349,0.038708,0.001109,0.378067,0.023291,0.416531,0.000651,0.032186,0.065619,6,
0.000394,0.004613,0.974129,0.006211,0.000009,0.000700,0.013032,0.000076,0.000777,0.000059,2,
0.002191,0.000008,0.021378,0.965900,0.000000,0.006625,0.000000,0.000751,0.003143,0.000003,3,
0.144810,0.000108,0.013894,0.234997,0.000000,0.312470,0.000112,0.000688,0.292400,0.000521,8,
0.002713,0.002410,0.000012,0.055970,0.001148,0.053124,0.000000,0.671946,0.023419,0.189258,7,
0.000753,0.971553,0.002465,0.000943,0.000745,0.004161,0.003300,0.000443,0.011914,0.003723,1,
0.000830,0.921643,0.003084,0.009121,0.002912,0.007695,0.000588,0.018617,0.010977,0.024533,1,
0.002168,0.062022,0.000288,0.061845,0.006273,0.034762,0.000014,0.590939,0.021195,0.220493,9,
0.002612,0.024684,0.054906,0.869784,0.000000,0.015919,0.000014,0.017640,0.014172,0.000270,3,
0.089535,0.008002,0.004902,0.023337,0.018450,0.342896,0.005940,0.009063,0.345100,0.152775,9,
0.274221,0.000016,0.033307,0.035733,0.000000,0.185771,0.000444,0.000001,0.470505,0.000003,5,
0.199123,0.000405,0.239241,0.023893,0.000001,0.170942,0.031547,0.000013,0.334680,0.000154,5,
0.003885,0.000707,0.021878,0.938579,0.000000,0.017689,0.000002,0.004298,0.012916,0.000047,3,
0.003865,0.006517,0.035693,0.000664,0.600791,0.009032,0.283723,0.000582,0.008799,0.050334,6,
0.018783,0.000020,0.014822,0.010101,0.633548,0.048836,0.009252,0.013929,0.012224,0.238485,4,
0.002743,0.848924,0.023323,0.048876,0.000334,0.019006,0.001047,0.017691,0.027641,0.010414,1,
0.477715,0.000000,0.039368,0.000858,0.002029,0.162737,0.237724,0.000002,0.077739,0.001827,5,
0.742923,0.000000,0.000109,0.000110,0.000000,0.149215,0.000327,0.000000,0.107311,0.000006,0,
0.000617,0.973212,0.005960,0.003143,0.000158,0.003663,0.001426,0.000948,0.008833,0.002040,1,
0.357363,0.000000,0.002809,0.008944,0.002015,0.432723,0.002764,0.000298,0.174698,0.018384,5,
0.080051,0.000527,0.000189,0.059021,0.000131,0.450796,0.000025,0.013231,0.360550,0.035480,5,
0.000476,0.940677,0.006889,0.013977,0.000708,0.004306,0.000412,0.017322,0.005829,0.009405,1,
0.000180,0.938566,0.001836,0.006867,0.002081,0.002173,0.000156,0.029566,0.002611,0.015965,1,
0.019842,0.020043,0.040918,0.000903,0.126062,0.037272,0.657555,0.000189,0.063413,0.033804,9,
0.000164,0.000000,0.020518,0.000000,0.001268,0.000021,0.978017,0.000000,0.000009,0.000003,6,
0.016947,0.000227,0.707777,0.223723,0.000000,0.016359,0.000143,0.000004,0.034821,0.000000,2,
0.013726,0.000114,0.001090,0.030796,0.168745,0.082142,0.000227,0.148551,0.021732,0.532877,4,
0.002420,0.046918,0.029085,0.000398,0.485721,0.006424,0.379848,0.000393,0.009189,0.039602,4,
0.239206,0.000004,0.026048,0.000436,0.001426,0.120832,0.462017,0.000002,0.148385,0.001644,8,
0.000344,0.947646,0.007122,0.013125,0.000531,0.003177,0.000341,0.016243,0.004250,0.007221,1,
0.073494,0.000000,0.010722,0.831048,0.000000,0.061517,0.000000,0.000011,0.023208,0.000000,3,
0.001873,0.000014,0.058702,0.000068,0.204401,0.001661,0.728415,0.000011,0.001039,0.003814,6,
0.002736,0.001229,0.000198,0.018633,0.105717,0.029921,0.000034,0.317408,0.010188,0.513936,9,
0.012696,0.000105,0.030562,0.003543,0.732002,0.027646,0.053893,0.003255,0.010948,0.125350,5,
0.001846,0.075068,0.000318,0.010315,0.154204,0.023533,0.000161,0.201651,0.016341,0.516563,9,
0.126359,0.001555,0.001522,0.007043,0.002874,0.351362,0.004384,0.000869,0.464276,0.039755,8,
0.018002,0.057374,0.001714,0.018493,0.114048,0.128811,0.001879,0.059618,0.116768,0.483294,9,
0.134349,0.000004,0.107224,0.002591,0.109268,0.106358,0.463568,0.000124,0.049332,0.027182,6,
0.002011,0.792152,0.005660,0.062605,0.000554,0.020394,0.000194,0.067844,0.024392,0.024193,1,
0.049338,0.049797,0.001123,0.049904,0.001256,0.322514,0.000374,0.022501,0.418669,0.084525,8,
0.126721,0.000017,0.000019,0.004620,0.000012,0.396769,0.000017,0.000197,0.467206,0.004422,8,
0.014363,0.001392,0.890490,0.034487,0.000003,0.018445,0.017185,0.000078,0.023425,0.000132,2,
0.002461,0.009944,0.000291,0.014419,0.140899,0.028322,0.000090,0.251166,0.013823,0.538585,9,
0.024026,0.000001,0.000674,0.058012,0.097529,0.115612,0.000045,0.204919,0.014189,0.484992,9,
0.100425,0.010429,0.043811,0.010307,0.072666,0.230185,0.152560,0.001970,0.270235,0.107414,6,
0.000006,0.000000,0.006216,0.993658,0.000000,0.000025,0.000000,0.000087,0.000007,0.000000,3,
0.540886,0.000000,0.041770,0.000646,0.000000,0.105536,0.040220,0.000000,0.270941,0.000001,0,
0.005065,0.052918,0.000322,0.017870,0.080931,0.058506,0.000157,0.190875,0.042769,0.550589,9,
0.000048,0.000020,0.000000,0.005349,0.000756,0.001791,0.000000,0.914889,0.000316,0.076831,7,
0.002145,0.000000,0.939350,0.000028,0.000000,0.000140,0.058284,0.000000,0.000052,0.000000,2,
0.007149,0.025279,0.003716,0.628037,0.000018,0.071238,0.000009,0.203909,0.048116,0.012528,7,
0.068066,0.033712,0.005511,0.095779,0.000098,0.316249,0.000593,0.007655,0.455868,0.016469,8,
0.000030,0.000001,0.111292,0.888577,0.000000,0.000059,0.000000,0.000007,0.000034,0.000000,3,
0.001383,0.942236,0.014389,0.008451,0.000323,0.007917,0.002423,0.002457,0.016072,0.004349,1,
0.007215,0.004711,0.005494,0.008001,0.530144,0.036317,0.005956,0.030974,0.019929,0.351260,9,
0.962019,0.000000,0.010706,0.004462,0.000000,0.021545,0.000001,0.000000,0.001266,0.000000,0,
0.016486,0.000023,0.033563,0.004327,0.731669,0.031761,0.044321,0.003350,0.009786,0.124713,4,
0.148740,0.003185,0.035743,0.031182,0.000002,0.236369,0.005293,0.000067,0.538935,0.000485,8,
0.004520,0.061725,0.006951,0.003998,0.575738,0.024229,0.016951,0.015728,0.021975,0.268184,9,
0.000155,0.011095,0.000002,0.006704,0.007341,0.005000,0.000000,0.743017,0.002347,0.224338,7,
0.000045,0.000005,0.000000,0.005429,0.000556,0.001612,0.000000,0.926508,0.000232,0.065613,7,
0.006543,0.060482,0.000818,0.015441,0.143904,0.061513,0.000592,0.119190,0.047567,0.543949,9,
0.009189,0.001024,0.005386,0.010348,0.508996,0.042381,0.004079,0.036045,0.017839,0.364714,9,
0.000955,0.000049,0.109631,0.885019,0.000000,0.002320,0.000000,0.000112,0.001914,0.000000,3,
0.001091,0.931734,0.003523,0.007820,0.002096,0.008980,0.000880,0.010527,0.014502,0.018848,1,
0.007147,0.812137,0.042110,0.026523,0.000039,0.029829,0.004174,0.001297,0.074598,0.002145,1,
0.009095,0.001551,0.010190,0.006434,0.625495,0.034995,0.013152,0.015675,0.017477,0.265936,4,
0.059147,0.031082,0.001658,0.063582,0.000429,0.339580,0.000354,0.014733,0.444254,0.045181,8,
0.233187,0.000001,0.273532,0.212901,0.000000,0.090821,0.000055,0.000000,0.189504,0.000000,2,
0.001904,0.531278,0.003126,0.018084,0.061767,0.019960,0.000905,0.124494,0.018691,0.219790,4,
0.019376,0.007921,0.004836,0.299266,0.002200,0.153334,0.000102,0.306491,0.076407,0.130067,3,
0.003445,0.000000,0.767008,0.000178,0.014719,0.000677,0.213726,0.000002,0.000046,0.000199,2,
0.000094,0.018509,0.000432,0.069482,0.000468,0.001953,0.000001,0.884180,0.000707,0.024173,7,
0.000537,0.001170,0.022087,0.000016,0.062484,0.000646,0.910536,0.000003,0.001072,0.001449,6,
0.407714,0.000001,0.027963,0.013695,0.000000,0.232121,0.002439,0.000002,0.316035,0.000029,8,
0.009147,0.014481,0.000316,0.042994,0.026639,0.101515,0.000062,0.281363,0.059967,0.463516,7,
0.083573,0.000000,0.706154,0.006884,0.137735,0.019339,0.039428,0.000131,0.000405,0.006351,6,
0.376026,0.000001,0.003837,0.000297,0.000000,0.125365,0.014046,0.000000,0.480425,0.000004,8,
0.000300,0.000000,0.126064,0.000000,0.000996,0.000004,0.872636,0.000000,0.000000,0.000000,6,
0.066593,0.000011,0.001956,0.052592,0.081418,0.255190,0.000393,0.069166,0.057635,0.415048,4,
0.044765,0.000000,0.220062,0.005888,0.486095,0.038941,0.147811,0.000894,0.006408,0.049136,2,
0.161374,0.001670,0.006855,0.003310,0.004316,0.284156,0.048908,0.000165,0.468004,0.021244,0,
0.000294,0.000001,0.015000,0.000001,0.003990,0.000116,0.980427,0.000000,0.000131,0.000041,6,
0.009617,0.664013,0.012721,0.037439,0.007372,0.064955,0.003359,0.032335,0.088354,0.079834,1,
0.000267,0.871136,0.001570,0.023408,0.000521,0.003821,0.000039,0.079755,0.004108,0.015375,1,
0.001608,0.000000,0.028443,0.000000,0.000264,0.000110,0.969541,0.000000,0.000032,0.000002,6,
0.001623,0.780928,0.008514,0.002245,0.091264,0.009534,0.019018,0.005350,0.015162,0.066363,1,
0.000807,0.000016,0.036696,0.000017,0.071183,0.000625,0.889077,0.000002,0.000544,0.001034,6,
0.083089,0.000000,0.094700,0.008649,0.665274,0.053940,0.025388,0.001318,0.003100,0.064542,4,
0.123911,0.002169,0.002391,0.008596,0.006162,0.353876,0.006651,0.001391,0.435224,0.059629,5,
0.006882,0.340585,0.541087,0.026742,0.000008,0.015962,0.026853,0.000214,0.041325,0.000342,2,
0.004071,0.053829,0.002546,0.007296,0.411096,0.029692,0.003113,0.051467,0.022744,0.414146,9,
0.005223,0.000250,0.055091,0.000550,0.543180,0.008145,0.351862,0.000253,0.005248,0.030198,4,
0.044733,0.007338,0.000368,0.030629,0.011036,0.315411,0.000226,0.045420,0.264451,0.280389,9,
0.014164,0.001541,0.715834,0.014125,0.012886,0.023365,0.189984,0.001100,0.016041,0.010960,2,
0.188932,0.000000,0.082334,0.020912,0.538508,0.089338,0.005927,0.002178,0.001948,0.069923,9,
0.007578,0.096310,0.082292,0.002422,0.312393,0.021411,0.376663,0.001592,0.028368,0.070972,6,
0.191990,0.000040,0.012513,0.140864,0.000001,0.351787,0.000213,0.000449,0.301417,0.000725,8,
0.001373,0.928926,0.012539,0.005488,0.003985,0.008244,0.005420,0.004385,0.014399,0.015241,1,
0.008125,0.059782,0.001590,0.013700,0.203941,0.064689,0.001537,0.079188,0.052005,0.515443,9,
0.005992,0.060614,0.009532,0.670186,0.000013,0.055064,0.000019,0.147843,0.042739,0.007997,5,
0.004837,0.037865,0.004366,0.006135,0.502818,0.029481,0.006738,0.031355,0.022646,0.353758,4,
0.012884,0.000242,0.002326,0.021655,0.292027,0.067965,0.000791,0.089672,0.020941,0.491497,4,
0.000734,0.968888,0.004585,0.004750,0.000138,0.004840,0.000813,0.001649,0.010962,0.002640,1,
0.109353,0.000000,0.071885,0.014821,0.628144,0.073289,0.010986,0.002532,0.003138,0.085852,4,
0.108829,0.000000,0.720802,0.076628,0.000000,0.023673,0.000072,0.000000,0.069997,0.000000,2,
0.007093,0.000209,0.000307,0.030068,0.089189,0.059841,0.000044,0.268371,0.016430,0.528448,9,
0.161896,0.002981,0.124197,0.007667,0.000003,0.149175,0.075758,0.000006,0.478134,0.000183,8,
0.003675,0.000002,0.019366,0.000009,0.002450,0.001592,0.970597,0.000000,0.002158,0.000151,6,
0.030229,0.000000,0.000595,0.093793,0.107758,0.095716,0.000008,0.270188,0.003263,0.398449,9,
0.004169,0.000120,0.000247,0.024730,0.109351,0.037063,0.000029,0.312450,0.008675,0.503168,9,
0.001431,0.002589,0.240664,0.744701,0.000000,0.004893,0.000011,0.001176,0.004527,0.000009,2,
0.001945,0.000002,0.131081,0.861898,0.000000,0.002714,0.000000,0.000010,0.002349,0.000000,3,
0.001446,0.945985,0.003428,0.004451,0.000883,0.009667,0.001545,0.002756,0.020691,0.009147,1,
0.001503,0.940549,0.006242,0.008712,0.000462,0.010106,0.001237,0.004112,0.019750,0.007328,1,
0.000303,0.000100,0.135677,0.000033,0.023894,0.000274,0.838971,0.000003,0.000256,0.000489,2,
0.520827,0.000000,0.172982,0.011284,0.173312,0.094488,0.011240,0.000161,0.001117,0.014590,0,
0.000389,0.000009,0.000002,0.014096,0.005491,0.007550,0.000000,0.787838,0.001121,0.183504,7,
0.000306,0.000068,0.990518,0.006955,0.000000,0.000328,0.001513,0.000006,0.000303,0.000002,2,
0.071794,0.000597,0.001898,0.317253,0.000002,0.326156,0.000015,0.008571,0.270425,0.003288,9,
0.000133,0.004480,0.000001,0.006606,0.005341,0.004375,0.000000,0.782070,0.001778,0.195215,7,
0.202049,0.000007,0.000126,0.002884,0.000034,0.368954,0.000238,0.000054,0.422326,0.003329,8,
0.026265,0.189482,0.348074,0.170799,0.001150,0.097818,0.017553,0.016904,0.110911,0.021042,2,
0.008859,0.000000,0.410213,0.568856,0.000000,0.005278,0.000001,0.000000,0.006793,0.000000,3,
0.000094,0.000000,0.014776,0.000000,0.000030,0.000002,0.985098,0.000000,0.000000,0.000000,6,
0.003028,0.000000,0.005088,0.975783,0.000000,0.006172,0.000000,0.009660,0.000208,0.000061,3,
0.010263,0.000475,0.005092,0.011988,0.489443,0.045898,0.003137,0.040583,0.016821,0.376299,9,
0.002229,0.000183,0.051535,0.000134,0.302321,0.002799,0.629580,0.000040,0.002226,0.008952,6,
0.000184,0.861000,0.002923,0.018786,0.001616,0.002514,0.000083,0.090726,0.002396,0.019771,1,
0.030455,0.000011,0.113834,0.001348,0.289151,0.029763,0.493869,0.000170,0.013580,0.027818,4,
0.111122,0.004108,0.005907,0.041710,0.000005,0.292920,0.000791,0.000417,0.541166,0.001855,5,
0.004350,0.000000,0.085264,0.000000,0.000025,0.000029,0.910332,0.000000,0.000001,0.000000,6,
0.006654,0.004004,0.023973,0.002147,0.718103,0.019409,0.084611,0.002967,0.014020,0.124113,4,
0.001408,0.128271,0.000062,0.011995,0.039979,0.025368,0.000021,0.321547,0.019848,0.451502,7,
0.001153,0.938072,0.009119,0.018041,0.000104,0.008297,0.000522,0.005848,0.015020,0.003825,1,
0.116085,0.021014,0.022035,0.009627,0.001949,0.255923,0.051964,0.000445,0.502835,0.018123,8,
0.004724,0.000008,0.028534,0.000025,0.009064,0.002721,0.951123,0.000001,0.003243,0.000558,6,
0.981067,0.000000,0.000009,0.000046,0.000000,0.018773,0.000000,0.000000,0.000104,0.000000,0,
