0, 1, 2, 3, 4, 5, 6, 7, 8, 9, True
0.512926,0.000008,0.047662,0.000664,0.000434,0.048614,0.088210,0.000000,0.301455,0.000027,0,
0.191665,0.000180,0.000319,0.032021,0.014457,0.580296,0.000284,0.007992,0.145190,0.027595,5,
0.001240,0.008326,0.000205,0.000501,0.393187,0.015804,0.000630,0.019190,0.009713,0.551205,9,
0.000014,0.000536,0.000000,0.009677,0.000112,0.000665,0.000000,0.936087,0.000336,0.052573,7,
0.792276,0.000000,0.000044,0.000399,0.000020,0.191553,0.000251,0.000000,0.015454,0.000002,0,
0.003866,0.000087,0.024602,0.000003,0.022303,0.002664,0.943487,0.000000,0.002859,0.000129,6,
0.005084,0.016723,0.000181,0.026844,0.042624,0.046185,0.000038,0.229010,0.064608,0.568705,9,
0.017781,0.259441,0.219046,0.008042,0.107595,0.028872,0.103609,0.002564,0.206075,0.046974,6,
0.000063,0.018525,0.000004,0.012324,0.003693,0.003378,0.000000,0.868045,0.000521,0.093446,9,
0.001819,0.003360,0.000009,0.085546,0.002973,0.036593,0.000001,0.750559,0.008645,0.110496,3,
0.000023,0.005486,0.000001,0.004780,0.002077,0.001216,0.000000,0.809465,0.000513,0.176439,7,
0.419463,0.000001,0.000064,0.305072,0.000001,0.157528,0.000001,0.000112,0.117745,0.000012,0,
0.085161,0.000805,0.628196,0.202127,0.000000,0.006219,0.002696,0.000002,0.074795,0.000000,2,
0.048001,0.009263,0.002356,0.016509,0.268505,0.352435,0.004275,0.036962,0.065476,0.196218,9,
0.001033,0.004439,0.002104,0.000024,0.865532,0.007032,0.047646,0.000318,0.003426,0.068445,4,
0.000093,0.003393,0.000001,0.017979,0.001158,0.003686,0.000000,0.880882,0.001009,0.091800,7,
0.028300,0.046946,0.018346,0.713195,0.000317,0.043639,0.000217,0.014558,0.132815,0.001668,3,
0.008597,0.004282,0.400032,0.578560,0.000000,0.001297,0.000288,0.000005,0.006938,0.000000,3,
0.000150,0.927406,0.005551,0.019550,0.002606,0.001791,0.000236,0.036742,0.001288,0.004680,1,
0.002266,0.000015,0.029099,0.000000,0.003643,0.000469,0.960868,0.000000,0.003621,0.000019,6,
0.000303,0.907997,0.008771,0.034188,0.002226,0.002572,0.000281,0.035586,0.003048,0.005028,1,
0.114047,0.040579,0.037375,0.060655,0.090216,0.322368,0.020254,0.015783,0.241476,0.057247,0,
0.011226,0.098354,0.082113,0.750353,0.000036,0.011435,0.000362,0.002702,0.043325,0.000095,2,
0.664766,0.000002,0.002321,0.034108,0.000017,0.273316,0.000772,0.000007,0.024688,0.000002,0,
0.002776,0.722112,0.194528,0.021420,0.005498,0.006019,0.014525,0.002830,0.027020,0.003272,1,
0.100129,0.000127,0.000031,0.053548,0.009610,0.396433,0.000011,0.048060,0.248358,0.143693,9,
0.307440,0.000004,0.000871,0.000076,0.116012,0.173303,0.029278,0.000011,0.354937,0.018068,4,
0.002383,0.023689,0.000143,0.013748,0.099022,0.047360,0.000071,0.310081,0.012450,0.491052,4,
0.374113,0.000276,0.008396,0.040306,0.001631,0.251453,0.002779,0.000340,0.319513,0.001194,0,
0.002626,0.000034,0.035001,0.000002,0.003918,0.000976,0.955625,0.000000,0.001803,0.000015,6,
0.331988,0.000313,0.014490,0.009746,0.015076,0.533058,0.042071,0.000239,0.051875,0.001143,5,
0.118190,0.000254,0.327813,0.442908,0.000000,0.005561,0.000535,0.000001,0.104737,0.000000,3,
0.051932,0.000258,0.000106,0.003918,0.103955,0.187094,0.000211,0.010985,0.223651,0.417890,5,
0.099865,0.000007,0.000008,0.053391,0.000158,0.086565,0.000000,0.003769,0.743312,0.012925,8,
0.007063,0.008219,0.693730,0.000446,0.000909,0.001446,0.226045,0.000002,0.062057,0.000082,2,
0.099168,0.003191,0.026091,0.713494,0.000035,0.071744,0.000373,0.000899,0.084949,0.000055,3,
0.225077,0.005761,0.121673,0.047133,0.003734,0.130297,0.027084,0.000387,0.437216,0.001639,8,
0.484834,0.000007,0.000536,0.026470,0.000221,0.245556,0.000168,0.000107,0.241769,0.000332,0,
0.113174,0.000124,0.000033,0.106032,0.004603,0.477176,0.000008,0.055499,0.178154,0.065197,7,
0.073503,0.001870,0.000639,0.167881,0.002194,0.122941,0.000037,0.024640,0.568353,0.037943,8,
0.000564,0.023407,0.000419,0.942614,0.000003,0.002205,0.000000,0.027692,0.003015,0.000080,2,
0.021194,0.008090,0.240432,0.023416,0.000033,0.002138,0.002504,0.000017,0.702092,0.000084,2,
0.002464,0.011636,0.003579,0.000156,0.807040,0.017796,0.036623,0.001447,0.007883,0.111374,4,
0.124845,0.002739,0.002045,0.059433,0.020996,0.276807,0.000657,0.016122,0.425004,0.071353,8,
0.002887,0.335544,0.043225,0.001664,0.307584,0.009747,0.036797,0.005153,0.066373,0.191026,4,
0.001892,0.006097,0.936632,0.049118,0.000000,0.000162,0.000992,0.000000,0.005107,0.000000,2,
0.000003,0.003229,0.000000,0.006603,0.000100,0.000253,0.000000,0.973636,0.000039,0.016137,7,
0.000131,0.003521,0.941570,0.000099,0.000001,0.000022,0.054409,0.000000,0.000247,0.000000,2,
0.006123,0.017630,0.002547,0.001163,0.615395,0.048229,0.009932,0.009639,0.022867,0.266475,4,
0.004104,0.041392,0.000300,0.047859,0.036998,0.047846,0.000046,0.383065,0.039671,0.398717,9,
0.012622,0.007430,0.737615,0.008652,0.000017,0.001023,0.011083,0.000002,0.221545,0.000011,2,
0.119489,0.003583,0.003310,0.438943,0.001358,0.292542,0.000241,0.017730,0.119060,0.003742,3,
0.000440,0.007074,0.000007,0.049176,0.002437,0.014439,0.000000,0.854632,0.002029,0.069767,3,
0.078301,0.019747,0.264843,0.005623,0.036568,0.056400,0.216564,0.000237,0.314725,0.006990,8,
0.006849,0.012486,0.004746,0.000471,0.649268,0.030129,0.023727,0.002444,0.041994,0.227887,4,
0.002720,0.000539,0.003092,0.987328,0.000000,0.000800,0.000001,0.000048,0.005472,0.000000,3,
0.004034,0.018859,0.695058,0.001772,0.000517,0.003687,0.273897,0.000007,0.002159,0.000009,6,
0.015325,0.001538,0.000239,0.002022,0.261749,0.091629,0.000644,0.015198,0.075040,0.536616,5,
0.001586,0.730143,0.010188,0.072984,0.015651,0.023101,0.001107,0.125313,0.004104,0.015822,1,
0.000339,0.076914,0.815274,0.000855,0.000104,0.000336,0.105719,0.000004,0.000453,0.000002,2,
0.017978,0.030958,0.049228,0.001290,0.502348,0.071037,0.260377,0.001315,0.027905,0.037565,2,
0.000262,0.392100,0.000823,0.004562,0.125455,0.006750,0.000325,0.191221,0.002832,0.275670,9,
0.002266,0.026281,0.000136,0.019746,0.049899,0.032333,0.000033,0.321098,0.023860,0.524347,9,
0.004136,0.004404,0.001070,0.000253,0.717219,0.030909,0.009651,0.002891,0.013804,0.215662,9,
0.001701,0.060728,0.005337,0.000536,0.738940,0.019390,0.025685,0.006785,0.005475,0.135422,4,
0.002334,0.037513,0.000955,0.002089,0.492830,0.037544,0.002226,0.045941,0.008692,0.369875,4,
0.084309,0.000061,0.000051,0.004195,0.038278,0.190527,0.000076,0.005553,0.412114,0.264837,9,
0.081468,0.012197,0.026971,0.017018,0.032257,0.084441,0.010107,0.002300,0.689081,0.044159,8,
0.000006,0.001335,0.000000,0.013317,0.000055,0.000453,0.000000,0.971953,0.000075,0.012806,7,
0.108006,0.036420,0.216245,0.243630,0.000905,0.073012,0.008972,0.001299,0.310690,0.000821,0,
0.000813,0.333384,0.100247,0.560711,0.000003,0.001381,0.000154,0.001321,0.001981,0.000005,3,
0.000196,0.019694,0.000011,0.021318,0.006033,0.008296,0.000001,0.835028,0.001172,0.108251,9,
0.000066,0.005159,0.000001,0.017037,0.001143,0.003060,0.000000,0.902182,0.000636,0.070715,7,
0.000348,0.000615,0.022029,0.000001,0.042737,0.000553,0.933099,0.000000,0.000430,0.000187,6,
0.005225,0.466079,0.396860,0.023925,0.002570,0.005219,0.019529,0.000942,0.077794,0.001858,1,
0.027086,0.053726,0.008155,0.024188,0.358161,0.328299,0.014451,0.060554,0.020316,0.105065,1,
0.148281,0.012672,0.327912,0.154778,0.000360,0.060739,0.015412,0.000239,0.279426,0.000182,0,
0.000000,0.001716,0.000000,0.001370,0.000080,0.000049,0.000000,0.958413,0.000022,0.038350,7,
0.467005,0.000075,0.051001,0.002255,0.002945,0.128824,0.103159,0.000006,0.244505,0.000225,8,
0.094425,0.000381,0.000149,0.019755,0.047278,0.384105,0.000144,0.025654,0.217328,0.210779,4,
0.188957,0.000808,0.009027,0.005839,0.033584,0.165830,0.011659,0.000526,0.560887,0.022883,8,
0.000114,0.001446,0.032161,0.000000,0.042201,0.000120,0.922973,0.000000,0.000667,0.000319,6,
0.008263,0.028924,0.337991,0.554114,0.000000,0.001345,0.000237,0.000048,0.069076,0.000002,3,
0.002965,0.024432,0.025280,0.000096,0.652516,0.008466,0.192711,0.000290,0.023441,0.069803,4,
0.016749,0.008055,0.000432,0.014154,0.184495,0.164100,0.000456,0.094789,0.053568,0.463201,4,
0.393696,0.000486,0.084014,0.011217,0.004583,0.303956,0.133936,0.000050,0.067852,0.000211,5,
0.005136,0.148831,0.110418,0.712260,0.000015,0.005812,0.000339,0.001764,0.015398,0.000027,3,
0.004712,0.005172,0.036128,0.000084,0.228553,0.018422,0.701742,0.000055,0.002454,0.002677,6,
0.001480,0.142584,0.002787,0.002331,0.403744,0.018145,0.003461,0.041447,0.012434,0.371588,4,
0.162270,0.014863,0.073478,0.206805,0.001888,0.137325,0.005346,0.002235,0.393613,0.002178,8,
0.000468,0.899716,0.018247,0.050271,0.001204,0.002713,0.000416,0.020112,0.004434,0.002419,1,
0.000202,0.000537,0.000000,0.024625,0.000534,0.005191,0.000000,0.830255,0.003267,0.135387,7,
0.000369,0.006399,0.000712,0.988305,0.000000,0.000442,0.000000,0.001507,0.002264,0.000002,3,
0.001948,0.000175,0.020379,0.000002,0.041603,0.001961,0.931926,0.000000,0.001767,0.000239,6,
0.005700,0.732438,0.071953,0.045382,0.024701,0.023007,0.008601,0.021962,0.042820,0.023436,1,
0.341064,0.000336,0.129362,0.005991,0.003154,0.212169,0.262715,0.000015,0.045116,0.000078,5,
0.000040,0.001778,0.000000,0.017379,0.000332,0.001829,0.000000,0.929675,0.000482,0.048486,7,
0.078075,0.006789,0.001694,0.396789,0.004092,0.307118,0.000151,0.065733,0.121508,0.018051,3,
0.017875,0.038855,0.005002,0.009468,0.266508,0.084742,0.004448,0.028945,0.137982,0.406174,9,
0.005955,0.359221,0.006501,0.264700,0.008825,0.044523,0.000279,0.231132,0.037179,0.041687,1,
0.000600,0.001345,0.014198,0.982074,0.000000,0.000091,0.000001,0.000006,0.001685,0.000000,3,
0.001250,0.864608,0.030085,0.051017,0.005123,0.008556,0.001792,0.026397,0.006149,0.005023,1,
0.089256,0.000908,0.000272,0.197148,0.005488,0.586246,0.000071,0.060582,0.044067,0.015963,5,
0.003642,0.000077,0.008426,0.000001,0.184094,0.003115,0.791372,0.000000,0.007200,0.002072,6,
0.015217,0.175024,0.055326,0.007560,0.436642,0.095589,0.098955,0.011677,0.030156,0.073853,5,
0.275389,0.000006,0.001031,0.000123,0.051022,0.118032,0.015896,0.000011,0.524676,0.013814,8,
0.000757,0.138499,0.000311,0.023988,0.060571,0.029170,0.000098,0.594338,0.002070,0.150199,7,
0.008809,0.029717,0.293337,0.000523,0.044284,0.009757,0.582093,0.000051,0.029201,0.002227,6,
0.725741,0.000004,0.008394,0.012769,0.000030,0.118532,0.002668,0.000002,0.131854,0.000006,0,
0.387998,0.000015,0.049380,0.000266,0.003299,0.064577,0.298413,0.000000,0.195946,0.000106,8,
0.000075,0.061563,0.931271,0.002593,0.000000,0.000022,0.004136,0.000001,0.000338,0.000000,2,
0.843647,0.000000,0.000351,0.000375,0.000004,0.150349,0.002119,0.000000,0.003155,0.000000,0,
0.313761,0.000044,0.030356,0.016973,0.000025,0.027886,0.002245,0.000003,0.608687,0.000019,0,
0.154315,0.004075,0.032389,0.535290,0.000145,0.121946,0.000907,0.001331,0.149406,0.000196,5,
0.000436,0.000000,0.003628,0.000000,0.002012,0.000070,0.993468,0.000000,0.000383,0.000002,6,
0.007171,0.028231,0.723539,0.206166,0.000001,0.001230,0.001232,0.000016,0.032414,0.000001,2,
0.000002,0.000363,0.996936,0.000007,0.000000,0.000000,0.002680,0.000000,0.000012,0.000000,2,
0.077657,0.019723,0.031856,0.062371,0.007656,0.072737,0.003561,0.003702,0.702083,0.018654,0,
0.005012,0.000742,0.097411,0.000020,0.014166,0.002906,0.871801,0.000001,0.007760,0.000181,6,
0.217639,0.000049,0.000820,0.012645,0.001391,0.116144,0.000275,0.000286,0.646396,0.004354,8,
0.256610,0.000008,0.000036,0.206120,0.000097,0.457200,0.000004,0.003160,0.076113,0.000651,0,
0.417621,0.000002,0.000121,0.002709,0.002940,0.303598,0.000282,0.000095,0.269188,0.003446,8,
0.007833,0.003935,0.000044,0.461396,0.000626,0.056168,0.000001,0.387253,0.047726,0.035018,9,
0.000963,0.891499,0.044943,0.028386,0.004534,0.005096,0.002821,0.011772,0.006297,0.003689,1,
0.387684,0.000751,0.034426,0.044963,0.001842,0.233809,0.011161,0.000232,0.284440,0.000692,0,
0.004876,0.708998,0.031372,0.063214,0.034123,0.035953,0.004568,0.063121,0.021206,0.032569,1,
0.000342,0.001917,0.000001,0.051325,0.000737,0.009166,0.000000,0.863583,0.002770,0.070160,7,
0.000556,0.053288,0.000086,0.012098,0.057195,0.018472,0.000027,0.529373,0.003221,0.325683,4,
0.000424,0.000002,0.988950,0.000025,0.000000,0.000002,0.010269,0.000000,0.000327,0.000000,2,
0.002427,0.005317,0.000023,0.021508,0.025653,0.041170,0.000005,0.412635,0.018258,0.473003,9,
0.264583,0.004282,0.157132,0.021144,0.010213,0.194281,0.105217,0.000236,0.241358,0.001553,6,
0.063427,0.001347,0.187930,0.000500,0.017774,0.029097,0.607193,0.000008,0.092009,0.000715,2,
0.352177,0.000013,0.000322,0.008376,0.004659,0.539562,0.000676,0.000383,0.091215,0.002618,9,
0.000067,0.031973,0.828462,0.000028,0.000072,0.000020,0.138481,0.000000,0.000896,0.000002,2,
0.312187,0.000461,0.012885,0.338481,0.000103,0.241547,0.000813,0.000487,0.092962,0.000074,3,
0.035556,0.016757,0.026190,0.002042,0.517701,0.110011,0.108374,0.002121,0.088506,0.092742,6,
0.038450,0.041940,0.042105,0.004828,0.408636,0.110451,0.086141,0.004217,0.144711,0.118520,6,
0.000238,0.870260,0.004001,0.018265,0.008633,0.003334,0.000287,0.074486,0.002281,0.018214,1,
0.000210,0.000001,0.003575,0.000000,0.003636,0.000049,0.992270,0.000000,0.000255,0.000005,6,
0.003005,0.168997,0.218893,0.000512,0.149860,0.006858,0.421673,0.000300,0.018542,0.011360,4,
0.043092,0.161463,0.128453,0.019791,0.219647,0.147554,0.123308,0.008590,0.098736,0.049367,0,
0.935560,0.000000,0.000146,0.001489,0.000000,0.054196,0.000078,0.000000,0.008531,0.000000,0,
0.066624,0.157647,0.079673,0.113645,0.044078,0.158904,0.015241,0.021695,0.296158,0.046334,8,
0.602017,0.000002,0.001630,0.000793,0.003008,0.254284,0.010643,0.000005,0.127295,0.000323,5,
0.013588,0.505852,0.235300,0.058316,0.010584,0.023455,0.019219,0.005656,0.119209,0.008821,1,
0.004524,0.002189,0.456120,0.000215,0.000532,0.002168,0.531628,0.000001,0.002618,0.000005,2,
0.064487,0.000020,0.000005,0.633156,0.000036,0.178098,0.000000,0.035860,0.085806,0.002532,5,
0.001077,0.330705,0.001225,0.031293,0.056681,0.023104,0.000237,0.385004,0.006209,0.164465,1,
0.036679,0.001692,0.196447,0.000952,0.007458,0.040478,0.709005,0.000010,0.007199,0.000079,6,
0.033324,0.052457,0.063842,0.004436,0.425070,0.119906,0.173712,0.003395,0.064918,0.058940,4,
0.001292,0.002601,0.001856,0.987944,0.000000,0.000813,0.000001,0.000389,0.005104,0.000001,3,
0.026971,0.000002,0.004309,0.000001,0.068268,0.011717,0.875857,0.000000,0.012466,0.000408,2,
0.297021,0.000022,0.000229,0.008585,0.009699,0.516882,0.000448,0.000951,0.155863,0.010299,5,
0.209415,0.002782,0.056451,0.120873,0.000459,0.087170,0.003462,0.000362,0.518473,0.000552,8,
0.001297,0.000144,0.000006,0.973957,0.000000,0.002402,0.000000,0.012166,0.009975,0.000053,3,
0.049154,0.014369,0.032345,0.779193,0.000132,0.101735,0.000860,0.003698,0.018426,0.000088,3,
0.001641,0.008855,0.000336,0.000506,0.334923,0.013352,0.000797,0.012316,0.021898,0.605376,4,
0.000874,0.820505,0.017079,0.106612,0.001471,0.006422,0.000432,0.039706,0.004337,0.002564,1,
0.004102,0.102120,0.815966,0.047492,0.000051,0.004039,0.022928,0.000070,0.003228,0.000005,2,
0.145377,0.000551,0.001222,0.025230,0.009810,0.183332,0.000453,0.003484,0.593914,0.036627,0,
0.016554,0.174466,0.011093,0.143815,0.078104,0.355146,0.006261,0.189793,0.004769,0.020000,9,
0.001404,0.047044,0.000707,0.001843,0.456346,0.026711,0.001462,0.058191,0.006123,0.400170,7,
0.063199,0.055420,0.170718,0.009841,0.165788,0.149749,0.272091,0.001938,0.092409,0.018847,6,
0.273453,0.000496,0.007927,0.017309,0.007683,0.215471,0.004854,0.000521,0.466052,0.006234,7,
0.001648,0.000033,0.824450,0.000023,0.000001,0.000055,0.172431,0.000000,0.001359,0.000000,2,
0.040870,0.000179,0.000025,0.673193,0.000114,0.165882,0.000001,0.065065,0.051103,0.003568,3,
0.074721,0.027478,0.044143,0.009118,0.311581,0.217954,0.090208,0.004642,0.146360,0.073794,8,
0.142569,0.007701,0.056126,0.006800,0.112925,0.174808,0.092242,0.000910,0.374800,0.031118,0,
0.001295,0.865968,0.067276,0.025855,0.004290,0.004323,0.003494,0.007460,0.015346,0.004693,1,
0.147128,0.016756,0.169313,0.013745,0.057651,0.183584,0.187003,0.000770,0.215305,0.008744,4,
0.003975,0.000828,0.908554,0.082736,0.000000,0.000197,0.000617,0.000000,0.003093,0.000000,3,
0.208010,0.000728,0.057812,0.001652,0.029800,0.095262,0.140201,0.000042,0.461805,0.004689,8,
0.022499,0.000000,0.003225,0.000000,0.015369,0.008614,0.947337,0.000000,0.002923,0.000031,6,
0.078911,0.000845,0.205399,0.001816,0.000725,0.009063,0.055491,0.000003,0.647518,0.000228,0,
0.277184,0.000040,0.002644,0.533565,0.000004,0.120089,0.000047,0.000126,0.066294,0.000006,5,
0.393362,0.000012,0.013146,0.000212,0.011818,0.090047,0.114939,0.000002,0.375547,0.000915,8,
0.504071,0.000082,0.013666,0.087757,0.000070,0.152683,0.001334,0.000050,0.240240,0.000046,5,
0.346290,0.000784,0.031199,0.030513,0.005902,0.492178,0.034357,0.000345,0.057861,0.000570,0,
0.155530,0.000528,0.179940,0.001246,0.007198,0.067733,0.510663,0.000006,0.076946,0.000210,6,
0.000866,0.084552,0.000365,0.005013,0.231671,0.023784,0.000320,0.215464,0.004295,0.433671,7,
0.028502,0.002106,0.000162,0.018102,0.091165,0.205419,0.000131,0.081187,0.105444,0.467781,8,
0.000818,0.002995,0.000025,0.000831,0.115682,0.010923,0.000031,0.045262,0.012192,0.811242,9,
0.000960,0.466875,0.002454,0.016105,0.079146,0.013889,0.000520,0.186525,0.011110,0.222415,7,
0.027807,0.013784,0.248614,0.001347,0.042017,0.034526,0.596957,0.000077,0.033226,0.001645,2,
0.000019,0.008986,0.000001,0.019272,0.000360,0.001386,0.000000,0.953636,0.000111,0.016229,7,
0.003117,0.066185,0.068634,0.848231,0.000002,0.002381,0.000078,0.000678,0.010690,0.000005,3,
0.005826,0.624361,0.142880,0.126179,0.001437,0.009224,0.002823,0.006779,0.077591,0.002899,1,
0.501190,0.000000,0.000062,0.292062,0.000000,0.077156,0.000001,0.000013,0.129515,0.000001,0,
0.110154,0.006171,0.003773,0.088901,0.017466,0.233849,0.000802,0.019786,0.456384,0.062714,8,
0.001348,0.188371,0.000796,0.024083,0.115435,0.046044,0.000372,0.458251,0.002891,0.162408,7,
0.013311,0.000367,0.000005,0.068695,0.005434,0.113059,0.000001,0.342962,0.092061,0.364105,7,
0.001650,0.584423,0.005011,0.039689,0.049616,0.024767,0.000863,0.199409,0.008652,0.085920,1,
0.060794,0.000520,0.002500,0.000413,0.495417,0.128128,0.029244,0.000520,0.149361,0.133103,9,
0.076512,0.005389,0.592577,0.008270,0.000962,0.021708,0.141237,0.000016,0.153216,0.000113,2,
0.025953,0.271496,0.157381,0.017483,0.123753,0.055936,0.068237,0.006634,0.208643,0.064484,5,
0.375395,0.000362,0.014793,0.010446,0.013645,0.371409,0.025017,0.000246,0.186035,0.002652,5,
0.653502,0.000006,0.006564,0.005878,0.000219,0.154081,0.005266,0.000005,0.174437,0.000041,0,
0.001379,0.078309,0.003707,0.000743,0.680422,0.018558,0.013363,0.012850,0.005277,0.185390,4,
0.653181,0.000016,0.019425,0.020444,0.000044,0.108621,0.004242,0.000004,0.194012,0.000010,0,
0.000805,0.015296,0.000115,0.001421,0.153118,0.010660,0.000103,0.060314,0.013225,0.744943,9,
0.001678,0.320273,0.604602,0.057909,0.000036,0.001256,0.005018,0.000159,0.009052,0.000017,2,
0.000326,0.900978,0.008930,0.032467,0.003649,0.004069,0.000495,0.043351,0.001500,0.004233,1,
0.004199,0.003444,0.000047,0.007081,0.076392,0.048943,0.000030,0.127301,0.033597,0.698965,9,
0.419866,0.000008,0.001797,0.013825,0.000454,0.549195,0.003151,0.000042,0.011630,0.000031,5,
0.298739,0.000017,0.000635,0.001849,0.012100,0.201773,0.001710,0.000119,0.472155,0.010903,8,
0.099979,0.024086,0.366995,0.031100,0.004341,0.053620,0.065255,0.000287,0.352839,0.001498,0,
0.115373,0.002373,0.017570,0.001977,0.327890,0.246505,0.115390,0.000755,0.129635,0.042532,8,
0.007592,0.018844,0.002736,0.001770,0.652919,0.077866,0.012121,0.013695,0.014844,0.197614,4,
0.005273,0.084372,0.002377,0.009163,0.325630,0.063203,0.002321,0.089813,0.024600,0.393248,9,
0.013966,0.133638,0.005534,0.179771,0.051322,0.312809,0.002208,0.272922,0.004979,0.022851,7,
0.002700,0.202572,0.008144,0.003360,0.462714,0.028780,0.011334,0.031071,0.014663,0.234662,4,
0.669452,0.000006,0.087010,0.024769,0.000001,0.027841,0.004324,0.000000,0.186596,0.000000,0,
0.000969,0.163657,0.794743,0.030604,0.000010,0.000621,0.006756,0.000030,0.002609,0.000002,2,
0.855314,0.000001,0.017949,0.021287,0.000001,0.086687,0.002985,0.000000,0.015777,0.000000,0,
0.001905,0.183429,0.002991,0.005421,0.469233,0.047235,0.005087,0.097541,0.003616,0.183542,2,
0.003776,0.749320,0.033445,0.044748,0.039293,0.031256,0.006210,0.051324,0.013755,0.026875,1,
0.001037,0.000579,0.020648,0.000003,0.071518,0.001891,0.903082,0.000001,0.000856,0.000385,6,
0.002358,0.003870,0.000077,0.001909,0.091924,0.017189,0.000058,0.036136,0.047617,0.798861,9,
0.001036,0.142007,0.816685,0.018476,0.000009,0.000274,0.003946,0.000016,0.017545,0.000006,2,
0.175892,0.000435,0.002770,0.010828,0.013909,0.164595,0.001901,0.000990,0.605445,0.023236,8,
0.047838,0.021267,0.004665,0.600532,0.002067,0.185035,0.000227,0.057955,0.073474,0.006941,3,
0.009981,0.102415,0.042336,0.002028,0.531808,0.041162,0.098760,0.004121,0.049580,0.117811,4,
0.006520,0.002772,0.071960,0.911782,0.000000,0.001682,0.000043,0.000019,0.005221,0.000000,3,
0.315478,0.000020,0.000580,0.026729,0.001104,0.629603,0.000640,0.000404,0.025113,0.000329,5,
0.051894,0.004860,0.000904,0.023097,0.153071,0.343910,0.001040,0.053096,0.102697,0.265430,9,
0.001239,0.005792,0.000041,0.002409,0.105473,0.018847,0.000034,0.098724,0.013617,0.753824,9,
0.260183,0.000220,0.005280,0.004513,0.049216,0.594450,0.031760,0.000410,0.049535,0.004433,4,
0.000327,0.936284,0.024874,0.013367,0.002377,0.001274,0.000853,0.007778,0.007982,0.004885,1,
0.094867,0.000000,0.008143,0.000000,0.000180,0.004038,0.884881,0.000000,0.007891,0.000000,6,
0.000287,0.064358,0.000056,0.022153,0.017221,0.012940,0.000009,0.770266,0.001138,0.111571,7,
0.007886,0.001403,0.000012,0.066972,0.008935,0.093836,0.000002,0.458709,0.044247,0.317998,7,
0.000274,0.000346,0.065371,0.000000,0.004593,0.000105,0.928124,0.000000,0.001156,0.000030,6,
0.001203,0.004971,0.000012,0.016104,0.018466,0.023832,0.000002,0.461546,0.011501,0.462363,7,
0.035184,0.273363,0.072824,0.348934,0.010681,0.148084,0.006625,0.041236,0.054895,0.008174,3,
0.000694,0.005124,0.000007,0.022615,0.008162,0.016994,0.000001,0.661228,0.006163,0.279012,9,
0.007663,0.011693,0.002788,0.000962,0.706604,0.067034,0.017422,0.006680,0.014684,0.164470,4,
0.000457,0.835649,0.006944,0.068677,0.002392,0.005193,0.000230,0.072955,0.002497,0.005006,1,
0.004896,0.363972,0.029077,0.006377,0.331058,0.033579,0.025859,0.022166,0.030382,0.152634,4,
0.174710,0.000010,0.000049,0.007877,0.002730,0.161080,0.000028,0.000988,0.627745,0.024783,8,
0.000566,0.000440,0.025320,0.000001,0.030567,0.000752,0.941642,0.000000,0.000576,0.000135,6,
0.001228,0.738416,0.023419,0.185168,0.000415,0.003653,0.000176,0.023610,0.021536,0.002380,1,
0.032053,0.003709,0.844816,0.055766,0.000004,0.004155,0.009855,0.000003,0.049638,0.000001,2,
0.297020,0.000451,0.052688,0.025745,0.002233,0.526134,0.086265,0.000100,0.009318,0.000046,6,
0.009201,0.318565,0.044617,0.533283,0.000669,0.025010,0.000611,0.025107,0.041152,0.001786,3,
0.000038,0.017560,0.000003,0.007706,0.003876,0.002175,0.000000,0.848203,0.000432,0.120006,7,
0.005466,0.081753,0.000689,0.197392,0.009543,0.049054,0.000033,0.467628,0.050803,0.137638,3,
0.001887,0.051644,0.000204,0.030911,0.059424,0.050462,0.000064,0.552427,0.006265,0.246712,9,
0.022369,0.176323,0.014723,0.414131,0.011792,0.185295,0.001488,0.136429,0.024140,0.013310,3,
0.027314,0.026103,0.054705,0.004357,0.276887,0.233283,0.364908,0.002292,0.004365,0.005787,4,
0.266003,0.000000,0.015547,0.000010,0.002602,0.029023,0.627084,0.000000,0.059710,0.000020,2,
0.104241,0.008264,0.016748,0.025719,0.026789,0.123571,0.005912,0.003390,0.642924,0.042441,8,
0.000764,0.067673,0.000131,0.022532,0.043860,0.025832,0.000034,0.626430,0.003067,0.209677,7,
0.002988,0.017987,0.000083,0.066959,0.019348,0.067537,0.000014,0.654364,0.008832,0.161886,9,
0.007120,0.047984,0.005741,0.002616,0.596043,0.061897,0.015604,0.016670,0.022417,0.223908,4,
0.000506,0.359686,0.000759,0.020565,0.046454,0.012406,0.000131,0.389364,0.003927,0.166202,4,
0.037850,0.087584,0.515505,0.204920,0.000275,0.022939,0.011295,0.000559,0.118902,0.000171,2,
0.360680,0.000229,0.014419,0.192874,0.000052,0.118115,0.000614,0.000136,0.312813,0.000071,3,
0.734375,0.000000,0.000004,0.004256,0.000003,0.236681,0.000003,0.000002,0.024676,0.000003,0,
0.000721,0.000001,0.006095,0.000000,0.003555,0.000180,0.988901,0.000000,0.000541,0.000006,6,
0.000287,0.004262,0.000003,0.012776,0.006119,0.008109,0.000000,0.658919,0.003786,0.305738,7,
0.001529,0.075564,0.000249,0.045487,0.037443,0.045352,0.000056,0.645579,0.004196,0.144546,7,
0.006676,0.005279,0.055382,0.000069,0.219176,0.011774,0.681768,0.000032,0.013772,0.006074,4,
0.005013,0.111886,0.013872,0.002129,0.572673,0.035209,0.029806,0.011258,0.025244,0.192910,4,
0.027513,0.270445,0.056619,0.320260,0.015696,0.222295,0.009583,0.058403,0.014069,0.005117,5,
0.001275,0.430545,0.522640,0.014909,0.000414,0.001924,0.023639,0.000236,0.004349,0.000069,2,
0.000911,0.863426,0.077216,0.034177,0.001130,0.002326,0.001858,0.004478,0.012897,0.001582,1,
0.815144,0.000000,0.000098,0.006815,0.000002,0.144483,0.000041,0.000001,0.033416,0.000001,0,
0.000566,0.906195,0.018863,0.029692,0.005094,0.005309,0.001336,0.026179,0.002535,0.004230,1,
0.002918,0.000118,0.611018,0.000035,0.000013,0.000259,0.383526,0.000000,0.002114,0.000000,2,
0.318783,0.000655,0.038147,0.031089,0.001168,0.124233,0.008921,0.000118,0.476241,0.000645,8,
0.000878,0.882195,0.029744,0.049198,0.002031,0.003782,0.000823,0.016652,0.010594,0.004103,1,
0.098278,0.038449,0.204272,0.417992,0.000509,0.086905,0.006911,0.001669,0.144661,0.000355,2,
0.738610,0.000000,0.208787,0.003720,0.000000,0.011206,0.022059,0.000000,0.015617,0.000000,0,
0.002491,0.470756,0.022893,0.004929,0.297112,0.022521,0.020452,0.024553,0.014105,0.120188,4,
0.103577,0.001222,0.010122,0.737231,0.000028,0.112069,0.000211,0.001045,0.034462,0.000033,5,
0.769830,0.000004,0.044336,0.039457,0.000002,0.121266,0.007233,0.000000,0.017870,0.000000,0,
0.006641,0.214405,0.147448,0.602027,0.000046,0.009339,0.000824,0.002582,0.016631,0.000058,3,
0.000338,0.856559,0.121773,0.010147,0.000635,0.000729,0.003441,0.000960,0.004970,0.000448,2,
0.003467,0.005427,0.002123,0.000142,0.779471,0.020990,0.023276,0.001272,0.012960,0.150872,4,
0.698403,0.000015,0.104363,0.033217,0.000005,0.064897,0.010581,0.000001,0.088519,0.000000,0,
0.401587,0.000309,0.023473,0.007620,0.010293,0.279126,0.038565,0.000107,0.237196,0.001723,5,
0.000288,0.012522,0.000036,0.001201,0.048539,0.003246,0.000012,0.067368,0.014741,0.852047,9,
0.012607,0.002175,0.000826,0.000614,0.477155,0.055957,0.004299,0.003727,0.067781,0.374858,9,
0.000076,0.023657,0.000007,0.027015,0.001824,0.004490,0.000000,0.911676,0.000307,0.030948,7,
0.204512,0.000006,0.000290,0.008262,0.000165,0.054257,0.000055,0.000052,0.731505,0.000896,8,
0.002195,0.095111,0.000639,0.016861,0.104277,0.031382,0.000203,0.250535,0.020998,0.477798,9,
0.000148,0.897606,0.003874,0.024790,0.003010,0.002470,0.000189,0.062237,0.000826,0.004849,1,
0.246683,0.000382,0.004762,0.093913,0.001684,0.624376,0.002506,0.001353,0.023964,0.000376,5,
0.003944,0.014033,0.000080,0.060713,0.015481,0.045450,0.000008,0.466109,0.040806,0.353377,7,
0.000653,0.678004,0.003314,0.062482,0.010162,0.012354,0.000249,0.210243,0.002536,0.020002,1,
0.046447,0.026668,0.004766,0.033393,0.193398,0.271737,0.003861,0.056180,0.124333,0.239216,8,
0.167940,0.004982,0.015225,0.156394,0.007108,0.597113,0.006327,0.006649,0.036312,0.001950,5,
0.053303,0.000199,0.000085,0.008473,0.019196,0.104804,0.000044,0.009047,0.550554,0.254294,8,
0.000094,0.006978,0.000002,0.028353,0.001003,0.004413,0.000000,0.916965,0.000559,0.041633,7,
0.024191,0.000225,0.000007,0.415381,0.000556,0.210950,0.000000,0.290141,0.034992,0.023555,3,
0.001433,0.003777,0.000423,0.981457,0.000001,0.002641,0.000000,0.005151,0.005101,0.000017,3,
0.000205,0.005591,0.516151,0.000015,0.000229,0.000085,0.477220,0.000000,0.000503,0.000002,6,
0.042657,0.064134,0.068531,0.042150,0.012155,0.039467,0.007225,0.003620,0.693254,0.026807,0,
0.014642,0.573870,0.149608,0.078807,0.020726,0.044042,0.017891,0.015174,0.071081,0.014160,1,
0.003254,0.004805,0.000196,0.001137,0.248823,0.026907,0.000377,0.021438,0.032044,0.661020,9,
0.001117,0.008035,0.001495,0.981675,0.000000,0.001622,0.000001,0.002302,0.003748,0.000006,3,
0.363542,0.000005,0.000109,0.018896,0.000953,0.541772,0.000104,0.000461,0.073107,0.001051,5,
0.000966,0.000730,0.007811,0.987825,0.000000,0.000158,0.000000,0.000008,0.002501,0.000000,3,
0.017924,0.000621,0.000029,0.012794,0.041299,0.117852,0.000017,0.080687,0.120702,0.608075,9,
0.168655,0.000222,0.003309,0.000869,0.281942,0.342396,0.045360,0.000361,0.118252,0.038634,4,
0.171024,0.000000,0.000000,0.319528,0.000006,0.270350,0.000000,0.012761,0.223808,0.002523,5,
0.001688,0.296357,0.012131,0.002383,0.495312,0.023498,0.022853,0.023077,0.005411,0.117290,4,
0.123686,0.001543,0.003470,0.006724,0.210350,0.486598,0.014314,0.004435,0.087196,0.061683,4,
0.002447,0.068531,0.007677,0.000714,0.695963,0.021609,0.029537,0.006522,0.010258,0.156743,4,
0.053311,0.040896,0.053620,0.510588,0.000371,0.046737,0.000800,0.004770,0.287611,0.001294,3,
0.008705,0.000308,0.052164,0.000011,0.038410,0.004112,0.873989,0.000001,0.021593,0.000708,6,
0.002219,0.035837,0.001015,0.885686,0.000038,0.011100,0.000004,0.056706,0.006919,0.000475,3,
0.000056,0.000126,0.962164,0.000007,0.000000,0.000002,0.037495,0.000000,0.000151,0.000000,2,
0.211077,0.000079,0.000205,0.017183,0.016153,0.535865,0.000256,0.004566,0.182242,0.032374,5,
0.001092,0.843761,0.014259,0.035779,0.012056,0.008422,0.001056,0.051573,0.010270,0.021732,1,
0.019268,0.000012,0.000000,0.214124,0.000203,0.106738,0.000000,0.369445,0.158655,0.131555,5,
0.044423,0.029824,0.231884,0.003137,0.097970,0.062598,0.430083,0.000348,0.091458,0.008273,6,
0.645258,0.000000,0.000012,0.007570,0.000010,0.321712,0.000010,0.000007,0.025413,0.000008,0,
0.005860,0.002154,0.612458,0.000258,0.000308,0.001489,0.368567,0.000000,0.008899,0.000006,2,
0.004555,0.048638,0.002533,0.003087,0.556658,0.059924,0.006265,0.035472,0.012513,0.270356,9,
0.000124,0.020046,0.000008,0.017741,0.004860,0.005852,0.000001,0.853985,0.000814,0.096569,7,
0.180659,0.010222,0.023102,0.087259,0.018983,0.311429,0.007176,0.006709,0.336643,0.017818,8,
0.000439,0.888084,0.013778,0.058891,0.000822,0.001907,0.000180,0.022877,0.009255,0.003766,1,
0.000916,0.854769,0.093932,0.024521,0.001415,0.002110,0.002721,0.003271,0.014608,0.001739,1,
0.000814,0.005296,0.000046,0.000991,0.106729,0.009056,0.000041,0.042883,0.016946,0.817200,9,
0.319795,0.000110,0.006287,0.010687,0.001914,0.135551,0.003204,0.000096,0.520825,0.001531,8,
0.000500,0.652872,0.231405,0.109798,0.000013,0.000619,0.000724,0.000533,0.003521,0.000014,2,
0.177534,0.001503,0.031948,0.211599,0.000085,0.056278,0.000757,0.000279,0.519815,0.000202,8,
0.013040,0.006432,0.000979,0.002415,0.458689,0.102775,0.003260,0.017385,0.038366,0.356660,5,
0.693133,0.000010,0.052796,0.004093,0.000095,0.093278,0.041694,0.000001,0.114895,0.000005,0,
0.000642,0.000057,0.014159,0.000000,0.016930,0.000501,0.967090,0.000000,0.000568,0.000053,6,
0.046907,0.012403,0.008930,0.006003,0.456020,0.258810,0.031562,0.009115,0.056626,0.113624,5,
0.017261,0.085867,0.017313,0.011964,0.490224,0.229839,0.048538,0.030211,0.009554,0.059229,4,
0.084770,0.001089,0.000350,0.025017,0.070291,0.411056,0.000344,0.034889,0.166829,0.205364,5,
0.002868,0.000036,0.407966,0.000006,0.000024,0.000155,0.584690,0.000000,0.004254,0.000000,2,
0.645244,0.000000,0.000082,0.003898,0.000026,0.337936,0.000150,0.000002,0.012658,0.000004,0,
0.017810,0.001647,0.000971,0.000627,0.393105,0.055199,0.004334,0.002557,0.131772,0.391978,4,
0.103948,0.049970,0.040236,0.229918,0.011202,0.200868,0.004417,0.017599,0.324026,0.017816,8,
0.001655,0.008731,0.000023,0.081734,0.005220,0.038754,0.000002,0.758889,0.006100,0.098893,7,
0.024932,0.010101,0.002478,0.805910,0.000156,0.052894,0.000028,0.023318,0.078677,0.001505,3,
0.000756,0.007513,0.000037,0.001792,0.110597,0.013164,0.000032,0.100621,0.009250,0.756238,9,
0.029625,0.050879,0.009335,0.683565,0.001130,0.087581,0.000227,0.045702,0.087015,0.004942,3,
0.001188,0.000286,0.022968,0.000002,0.034402,0.001531,0.938595,0.000000,0.000871,0.000157,6,
0.010921,0.018730,0.002803,0.002929,0.593016,0.108523,0.010311,0.018771,0.020023,0.213973,5,
0.038033,0.017666,0.023874,0.002426,0.386554,0.080426,0.056687,0.002264,0.232455,0.159615,0,
0.002841,0.190632,0.001608,0.346690,0.003297,0.040188,0.000057,0.391724,0.007438,0.015524,7,
0.000161,0.010998,0.000005,0.017092,0.004557,0.006425,0.000000,0.823590,0.001341,0.135831,9,
0.011329,0.003329,0.000050,0.049551,0.028077,0.131456,0.000013,0.334023,0.050053,0.392119,7,
0.688249,0.000002,0.032948,0.000619,0.000236,0.081976,0.104454,0.000000,0.091511,0.000006,5,
0.003119,0.004746,0.005481,0.978094,0.000000,0.002678,0.000005,0.000555,0.005320,0.000002,3,
0.001774,0.001801,0.028192,0.000008,0.163028,0.003350,0.796945,0.000005,0.002924,0.001973,6,
0.001834,0.000106,0.960353,0.000322,0.000000,0.000086,0.036358,0.000000,0.000942,0.000000,2,
0.051054,0.000669,0.003205,0.000393,0.598326,0.151229,0.052818,0.000534,0.062166,0.079606,4,
0.014135,0.000665,0.000027,0.010190,0.044449,0.097155,0.000016,0.077566,0.105083,0.650713,9,
0.001029,0.009442,0.000501,0.000184,0.648858,0.012174,0.003209,0.006074,0.005801,0.312728,4,
0.227616,0.000114,0.002629,0.542419,0.000013,0.141483,0.000058,0.000417,0.085221,0.000029,3,
0.522388,0.000004,0.000422,0.055277,0.000033,0.185263,0.000050,0.000064,0.236421,0.000078,9,
0.000216,0.171903,0.000142,0.014390,0.029711,0.007921,0.000023,0.595068,0.001709,0.178918,9,
0.000271,0.001865,0.000001,0.070016,0.000390,0.008916,0.000000,0.888158,0.001281,0.029101,7,
0.019866,0.007596,0.021908,0.000491,0.586461,0.070914,0.229524,0.000570,0.025855,0.036816,6,
0.370951,0.000004,0.000384,0.011334,0.000130,0.101438,0.000095,0.000036,0.515264,0.000365,8,
0.002112,0.006286,0.002583,0.978921,0.000000,0.002281,0.000002,0.001398,0.006412,0.000005,3,
0.015232,0.018525,0.007693,0.855595,0.000037,0.018460,0.000035,0.007274,0.076803,0.000346,3,
0.089596,0.010565,0.010696,0.030002,0.137620,0.632938,0.022306,0.014841,0.027834,0.023602,4,
0.013384,0.005223,0.066130,0.000205,0.170705,0.028386,0.699926,0.000058,0.012155,0.003829,6,
0.000047,0.002669,0.000000,0.029346,0.000249,0.002357,0.000000,0.942349,0.000323,0.022660,7,
0.003290,0.138970,0.014147,0.002415,0.652109,0.059737,0.061424,0.015867,0.002508,0.049532,7,
0.006354,0.076788,0.051452,0.000616,0.533273,0.018000,0.155139,0.001190,0.055171,0.102015,2,
0.049912,0.014929,0.001636,0.087761,0.050348,0.240764,0.000441,0.102775,0.220947,0.230486,8,
0.000364,0.929539,0.018312,0.018088,0.002554,0.001565,0.000566,0.012779,0.009279,0.006954,1,
0.000733,0.884506,0.028039,0.054201,0.001944,0.004912,0.001049,0.019146,0.003486,0.001983,1,
0.003355,0.004371,0.000442,0.959625,0.000004,0.007250,0.000001,0.012171,0.012678,0.000104,3,
0.000374,0.123292,0.000189,0.007401,0.108266,0.014600,0.000089,0.430861,0.001956,0.312973,7,
0.177167,0.004637,0.031228,0.009020,0.141440,0.384991,0.087011,0.001543,0.141094,0.021868,4,
0.074334,0.001095,0.056421,0.666581,0.000001,0.010853,0.000127,0.000044,0.190542,0.000003,3,
0.886215,0.000000,0.000062,0.000353,0.000002,0.102089,0.000199,0.000000,0.011080,0.000000,0,
0.111492,0.000108,0.050494,0.000172,0.023651,0.065195,0.712634,0.000003,0.035904,0.000347,6,
0.095797,0.000128,0.001192,0.001375,0.021894,0.062340,0.001742,0.000236,0.773522,0.041773,8,
0.008474,0.259877,0.534105,0.147659,0.000164,0.007260,0.007562,0.000632,0.034171,0.000096,3,
0.003079,0.025434,0.000142,0.033341,0.054184,0.065403,0.000044,0.490622,0.011689,0.316063,9,
0.293498,0.000071,0.000676,0.074873,0.001112,0.561369,0.000280,0.001593,0.065501,0.001028,5,
0.030762,0.047296,0.045815,0.689524,0.000133,0.029052,0.000383,0.004666,0.151839,0.000528,3,
0.011464,0.503296,0.073039,0.145440,0.005581,0.021628,0.002322,0.020632,0.197849,0.018749,1,
0.390149,0.000001,0.000038,0.042860,0.000106,0.525907,0.000016,0.000324,0.040426,0.000173,0,
0.163910,0.001429,0.002187,0.329732,0.001178,0.320363,0.000190,0.010831,0.166527,0.003653,5,
0.006311,0.024735,0.002220,0.002187,0.547994,0.059654,0.006303,0.020058,0.022153,0.308383,4,
0.002480,0.005850,0.000041,0.009155,0.050838,0.032033,0.000016,0.192901,0.027231,0.679454,9,
0.002249,0.013791,0.000075,0.013293,0.069789,0.041863,0.000031,0.312522,0.014296,0.532092,9,
0.000162,0.954690,0.021830,0.005635,0.002801,0.000720,0.001052,0.004901,0.004082,0.004127,1,
0.036659,0.088897,0.020330,0.025678,0.297893,0.203554,0.019164,0.036090,0.098352,0.173383,9,
0.000452,0.000120,0.012195,0.000000,0.046999,0.000409,0.938723,0.000000,0.000873,0.000229,6,
0.141370,0.000975,0.090571,0.000899,0.052608,0.100289,0.484252,0.000030,0.126537,0.002470,5,
0.213554,0.000094,0.075074,0.646976,0.000000,0.027915,0.000378,0.000004,0.036005,0.000000,3,
0.000308,0.086964,0.000213,0.001879,0.247950,0.009902,0.000220,0.162869,0.002270,0.487424,9,
0.278964,0.002320,0.030518,0.050568,0.005672,0.240665,0.010051,0.000876,0.376976,0.003390,5,
0.461865,0.000046,0.004859,0.005225,0.006150,0.352452,0.011496,0.000075,0.156668,0.001164,0,
0.000030,0.022101,0.000003,0.007667,0.003486,0.001880,0.000000,0.869477,0.000306,0.095050,7,
0.002645,0.089995,0.000731,0.579827,0.000445,0.014979,0.000005,0.262299,0.034795,0.014280,7,
0.002108,0.745319,0.015696,0.039669,0.042518,0.028662,0.003382,0.089330,0.005569,0.027746,1,
0.000007,0.003719,0.000000,0.013101,0.000124,0.000580,0.000000,0.968996,0.000066,0.013406,7,
0.000155,0.025748,0.000013,0.009642,0.013864,0.005899,0.000002,0.682013,0.001733,0.260931,9,
0.129252,0.001839,0.002134,0.024207,0.082903,0.620793,0.003711,0.012526,0.076975,0.045659,5,
0.044897,0.001534,0.027427,0.000171,0.301825,0.033444,0.216562,0.000058,0.324142,0.049941,5,
0.122832,0.000472,0.000266,0.130817,0.005953,0.632048,0.000095,0.031916,0.060355,0.015245,3,
0.242584,0.003078,0.056626,0.009320,0.053187,0.280619,0.102684,0.000494,0.242824,0.008584,8,
0.023150,0.168447,0.029446,0.029558,0.329761,0.247428,0.039489,0.047893,0.019173,0.065653,1,
0.004800,0.336173,0.017773,0.008473,0.303454,0.036525,0.012983,0.037023,0.033258,0.209538,5,
0.004710,0.091082,0.700350,0.002258,0.003053,0.003209,0.165966,0.000044,0.028984,0.000344,2,
0.000077,0.034683,0.000010,0.013940,0.005674,0.004334,0.000001,0.857045,0.000480,0.083756,7,
0.209801,0.000118,0.000935,0.417509,0.000039,0.143868,0.000023,0.001245,0.226209,0.000253,5,
0.001100,0.537201,0.254399,0.198030,0.000016,0.001263,0.000807,0.000760,0.006405,0.000019,3,
0.000007,0.000236,0.000000,0.016569,0.000016,0.000408,0.000000,0.969903,0.000127,0.012735,7,
0.000009,0.008617,0.000000,0.006753,0.000630,0.000670,0.000000,0.940253,0.000112,0.042955,7,
0.002526,0.038952,0.000395,0.007754,0.182358,0.039356,0.000280,0.158065,0.016725,0.553589,4,
0.006747,0.078877,0.002297,0.013623,0.213530,0.059512,0.001347,0.096785,0.051893,0.475390,9,
0.041135,0.056319,0.386607,0.383792,0.000084,0.022250,0.004608,0.000514,0.104622,0.000070,3,
0.275357,0.000492,0.013198,0.007620,0.014889,0.192670,0.014943,0.000252,0.473709,0.006871,8,
0.011930,0.023570,0.021891,0.878749,0.000011,0.009845,0.000060,0.002158,0.051723,0.000062,3,
0.000432,0.061985,0.672972,0.000330,0.000580,0.000496,0.262551,0.000004,0.000641,0.000009,2,
0.000198,0.008395,0.000004,0.035548,0.001828,0.007991,0.000000,0.888632,0.001028,0.056374,7,
0.239882,0.001077,0.008006,0.103149,0.001500,0.196764,0.001053,0.001489,0.444241,0.002839,5,
0.712588,0.000014,0.045344,0.016045,0.000027,0.098619,0.011895,0.000001,0.115465,0.000003,8,
0.005413,0.027965,0.845713,0.003108,0.000291,0.002104,0.096428,0.000008,0.018944,0.000026,2,
0.674182,0.000000,0.000962,0.001303,0.000055,0.313442,0.005431,0.000000,0.004625,0.000001,0,
0.049836,0.136000,0.045583,0.043376,0.210964,0.231729,0.031423,0.031210,0.117423,0.102456,4,
0.468694,0.000030,0.027018,0.006145,0.000903,0.400290,0.086139,0.000008,0.010761,0.000012,6,
0.000621,0.000165,0.008390,0.000000,0.124395,0.000883,0.863912,0.000000,0.000951,0.000683,6,
0.000761,0.871964,0.064347,0.042262,0.000740,0.002045,0.001183,0.005050,0.010451,0.001197,1,
0.541762,0.000000,0.000011,0.019595,0.000021,0.398912,0.000005,0.000045,0.039613,0.000037,0,
