0, 1, 2, 3, 4, 5, 6, 7, 8, 9, True
0.228690,0.000000,0.000000,0.071098,0.000000,0.056115,0.000000,0.000000,0.644097,0.000000,8,
0.063382,0.000000,0.000000,0.822267,0.000000,0.000000,0.000000,0.000000,0.114351,0.000000,5,
0.000000,0.000000,0.000000,0.054534,0.000000,0.945466,0.000000,0.000000,0.000000,0.000000,5,
0.000000,0.000000,0.000000,0.000000,0.000000,0.000000,0.000000,1.000000,0.000000,0.000000,7,
0.180465,0.000000,0.000000,0.000000,0.000000,0.000000,0.000000,0.000000,0.819535,0.000000,8,
0.420543,0.000000,0.000000,0.000000,0.000000,0.223559,0.000000,0.000000,0.355898,0.000000,5,
1.000000,0.000000,0.000000,0.000000,0.000000,0.000000,0.000000,0.000000,0.000000,0.000000,0,
0.000000,0.000000,0.000000,0.000000,0.000000,0.000000,0.000000,1.000000,0.000000,0.000000,7,
0.000000,0.000000,0.000000,0.066013,0.294092,0.075626,0.000000,0.000000,0.000000,0.564269,4,
0.000000,0.000000,0.585021,0.181520,0.000000,0.000000,0.000000,0.000000,0.177090,0.056369,2,
0.000000,0.000000,0.000000,0.920633,0.000000,0.079367,0.000000,0.000000,0.000000,0.000000,3,
0.000000,1.000000,0.000000,0.000000,0.000000,0.000000,0.000000,0.000000,0.000000,0.000000,1,
0.000000,0.000000,1.000000,0.000000,0.000000,0.000000,0.000000,0.000000,0.000000,0.000000,2,
0.000000,0.000000,0.938525,0.000000,0.000000,0.000000,0.000000,0.000000,0.061475,0.000000,2,
0.000000,0.000000,1.000000,0.000000,0.000000,0.000000,0.000000,0.000000,0.000000,0.000000,2,
0.000000,0.000000,0.000000,0.197375,0.254951,0.000000,0.000000,0.184463,0.000000,0.363211,7,
0.000000,0.000000,0.000000,0.265206,0.000000,0.734794,0.000000,0.000000,0.000000,0.000000,5,
0.124178,0.000000,0.000000,0.000000,0.000000,0.000000,0.000000,0.000000,0.875822,0.000000,8,
0.000000,1.000000,0.000000,0.000000,0.000000,0.000000,0.000000,0.000000,0.000000,0.000000,1,
0.000000,0.000000,0.000000,0.000000,0.068726,0.000000,0.000000,0.064445,0.000000,0.866828,9,
0.057154,0.000000,0.000000,0.000000,0.000000,0.116067,0.000000,0.384190,0.116563,0.326026,9,
0.000000,0.000000,0.000000,0.000000,0.000000,0.000000,0.000000,0.872130,0.000000,0.127870,7,
0.000000,1.000000,0.000000,0.000000,0.000000,0.000000,0.000000,0.000000,0.000000,0.000000,1,
0.000000,0.000000,0.000000,0.000000,0.000000,1.000000,0.000000,0.000000,0.000000,0.000000,5,
0.000000,0.000000,0.000000,0.000000,0.000000,0.000000,0.000000,0.000000,0.000000,1.000000,4,
0.000000,0.000000,0.000000,0.000000,0.111820,0.000000,0.830737,0.000000,0.000000,0.057443,6,
1.000000,0.000000,0.000000,0.000000,0.000000,0.000000,0.000000,0.000000,0.000000,0.000000,0,
0.000000,0.000000,0.058394,0.000000,0.813325,0.000000,0.000000,0.070534,0.000000,0.057748,4,
0.000000,0.057358,0.000000,0.000000,0.574724,0.000000,0.055345,0.252965,0.000000,0.059608,7,
1.000000,0.000000,0.000000,0.000000,0.000000,0.000000,0.000000,0.000000,0.000000,0.000000,0,
0.058108,0.000000,0.000000,0.000000,0.000000,0.058494,0.000000,0.000000,0.883397,0.000000,8,
0.000000,0.000000,0.086855,0.844024,0.000000,0.000000,0.000000,0.069121,0.000000,0.000000,3,
0.059725,0.000000,0.756645,0.183630,0.000000,0.000000,0.000000,0.000000,0.000000,0.000000,2,
0.000000,0.000000,1.000000,0.000000,0.000000,0.000000,0.000000,0.000000,0.000000,0.000000,2,
0.000000,0.000000,0.000000,0.000000,0.000000,0.000000,1.000000,0.000000,0.000000,0.000000,6,
0.000000,0.000000,0.000000,1.000000,0.000000,0.000000,0.000000,0.000000,0.000000,0.000000,3,
0.000000,0.000000,0.000000,0.937993,0.000000,0.000000,0.000000,0.000000,0.000000,0.062007,3,
0.000000,1.000000,0.000000,0.000000,0.000000,0.000000,0.000000,0.000000,0.000000,0.000000,1,
0.000000,1.000000,0.000000,0.000000,0.000000,0.000000,0.000000,0.000000,0.000000,0.000000,1,
0.000000,0.000000,0.000000,0.000000,0.000000,0.000000,0.000000,0.533203,0.000000,0.466797,7,
0.000000,0.000000,0.000000,0.000000,0.000000,0.000000,0.000000,0.000000,1.000000,0.000000,8,
0.302787,0.000000,0.000000,0.000000,0.000000,0.056519,0.000000,0.000000,0.640695,0.000000,8,
0.656936,0.000000,0.146720,0.000000,0.000000,0.000000,0.069421,0.000000,0.066801,0.060121,2,
0.000000,0.000000,0.000000,1.000000,0.000000,0.000000,0.000000,0.000000,0.000000,0.000000,3,
0.000000,0.000000,0.243746,0.000000,0.564178,0.000000,0.192076,0.000000,0.000000,0.000000,4,
0.000000,0.000000,1.000000,0.000000,0.000000,0.000000,0.000000,0.000000,0.000000,0.000000,2,
0.249004,0.000000,0.000000,0.000000,0.000000,0.321529,0.000000,0.000000,0.429466,0.000000,0,
0.000000,0.000000,0.000000,0.052015,0.055303,0.000000,0.000000,0.543229,0.000000,0.349452,7,
0.000000,0.000000,0.000000,0.000000,0.225344,0.000000,0.000000,0.419154,0.000000,0.355502,9,
0.117583,0.000000,0.000000,0.000000,0.000000,0.129905,0.000000,0.000000,0.752512,0.000000,8,
0.000000,0.000000,0.000000,0.250787,0.000000,0.638130,0.000000,0.000000,0.059603,0.051481,3,
0.000000,0.000000,0.000000,0.943631,0.000000,0.056369,0.000000,0.000000,0.000000,0.000000,3,
0.939841,0.000000,0.000000,0.000000,0.000000,0.000000,0.000000,0.000000,0.060159,0.000000,0,
0.561327,0.000000,0.000000,0.000000,0.000000,0.182287,0.000000,0.000000,0.000000,0.256386,9,
0.000000,0.000000,1.000000,0.000000,0.000000,0.000000,0.000000,0.000000,0.000000,0.000000,2,
0.000000,0.000000,0.000000,0.000000,0.000000,0.069752,0.000000,0.930248,0.000000,0.000000,7,
0.058314,0.000000,0.000000,0.000000,0.000000,0.000000,0.000000,0.610724,0.000000,0.330962,7,
0.000000,0.000000,0.000000,0.000000,0.000000,1.000000,0.000000,0.000000,0.000000,0.000000,5,
0.000000,0.000000,1.000000,0.000000,0.000000,0.000000,0.000000,0.000000,0.000000,0.000000,2,
0.000000,0.000000,0.000000,0.819257,0.000000,0.000000,0.000000,0.180743,0.000000,0.000000,1,
0.000000,0.000000,0.000000,0.000000,0.000000,0.000000,1.000000,0.000000,0.000000,0.000000,6,
0.000000,0.000000,0.000000,0.000000,0.000000,0.000000,1.000000,0.000000,0.000000,0.000000,6,
0.000000,1.000000,0.000000,0.000000,0.000000,0.000000,0.000000,0.000000,0.000000,0.000000,1,
0.000000,0.302641,0.533920,0.163439,0.000000,0.000000,0.000000,0.000000,0.000000,0.000000,2,
0.000000,0.000000,0.000000,0.000000,0.637961,0.362039,0.000000,0.000000,0.000000,0.000000,4,
0.000000,0.945486,0.000000,0.000000,0.000000,0.000000,0.000000,0.000000,0.000000,0.054514,1,
0.000000,0.057771,0.000000,0.000000,0.353373,0.055341,0.123907,0.066995,0.000000,0.342613,6,
0.000000,0.000000,0.000000,0.000000,1.000000,0.000000,0.000000,0.000000,0.000000,0.000000,4,
0.000000,0.068246,0.000000,0.000000,0.418965,0.000000,0.000000,0.000000,0.000000,0.512789,9,
0.000000,0.000000,0.000000,0.000000,0.000000,0.000000,1.000000,0.000000,0.000000,0.000000,6,
0.000000,0.000000,0.000000,0.000000,0.000000,0.000000,1.000000,0.000000,0.000000,0.000000,6,
0.000000,0.000000,0.000000,0.000000,0.000000,0.000000,1.000000,0.000000,0.000000,0.000000,6,
0.058114,0.112217,0.129463,0.121251,0.000000,0.000000,0.000000,0.000000,0.578956,0.000000,2,
0.123861,0.000000,0.000000,0.000000,0.000000,0.058099,0.000000,0.000000,0.818040,0.000000,8,
0.818740,0.000000,0.000000,0.000000,0.000000,0.000000,0.058199,0.000000,0.060753,0.062309,0,
0.000000,0.000000,0.000000,0.000000,0.063787,0.000000,0.000000,0.819581,0.000000,0.116632,7,
0.000000,1.000000,0.000000,0.000000,0.000000,0.000000,0.000000,0.000000,0.000000,0.000000,1,
0.000000,1.000000,0.000000,0.000000,0.000000,0.000000,0.000000,0.000000,0.000000,0.000000,1,
0.000000,0.000000,0.000000,0.056534,0.447392,0.000000,0.000000,0.139055,0.000000,0.357019,9,
0.169986,0.000000,0.000000,0.000000,0.000000,0.000000,0.000000,0.000000,0.830014,0.000000,8,
0.127639,0.000000,0.000000,0.060384,0.000000,0.000000,0.000000,0.000000,0.811976,0.000000,8,
0.000000,0.000000,0.000000,0.000000,0.695453,0.000000,0.000000,0.000000,0.000000,0.304547,9,
0.000000,0.000000,0.000000,0.000000,0.000000,0.000000,0.000000,0.461721,0.000000,0.538279,9,
0.000000,0.000000,0.189129,0.752135,0.000000,0.058736,0.000000,0.000000,0.000000,0.000000,3,
0.121710,0.000000,0.000000,0.000000,0.000000,0.067973,0.000000,0.053324,0.386621,0.370372,8,
0.000000,0.000000,0.000000,0.071366,0.000000,0.000000,0.000000,0.000000,0.000000,0.928634,9,
0.000000,0.000000,1.000000,0.000000,0.000000,0.000000,0.000000,0.000000,0.000000,0.000000,2,
0.248139,0.000000,0.000000,0.000000,0.000000,0.057972,0.000000,0.000000,0.575177,0.118712,8,
0.000000,0.000000,0.000000,0.000000,0.056232,0.000000,0.000000,0.656763,0.000000,0.287005,7,
0.000000,1.000000,0.000000,0.000000,0.000000,0.000000,0.000000,0.000000,0.000000,0.000000,1,
0.000000,0.000000,0.000000,0.000000,0.000000,0.000000,0.000000,0.943957,0.000000,0.056043,7,
0.000000,0.000000,0.000000,0.000000,0.941153,0.000000,0.058847,0.000000,0.000000,0.000000,4,
0.000000,0.000000,0.000000,0.000000,0.000000,0.000000,0.000000,1.000000,0.000000,0.000000,7,
0.000000,0.000000,0.000000,0.000000,0.065687,0.000000,0.000000,0.514822,0.000000,0.419491,7,
0.000000,1.000000,0.000000,0.000000,0.000000,0.000000,0.000000,0.000000,0.000000,0.000000,1,
0.000000,0.000000,0.000000,0.000000,0.364424,0.113449,0.000000,0.113136,0.067735,0.341255,4,
0.000000,0.000000,0.000000,0.000000,0.000000,0.000000,0.000000,0.876940,0.000000,0.123060,9,
0.000000,0.000000,0.000000,0.000000,0.000000,0.665074,0.000000,0.334926,0.000000,0.000000,5,
0.000000,0.000000,1.000000,0.000000,0.000000,0.000000,0.000000,0.000000,0.000000,0.000000,2,
0.000000,0.000000,0.000000,0.000000,0.569300,0.000000,0.000000,0.184027,0.000000,0.246672,7,
1.000000,0.000000,0.000000,0.000000,0.000000,0.000000,0.000000,0.000000,0.000000,0.000000,0,
0.000000,0.000000,0.000000,0.000000,0.667449,0.056110,0.000000,0.000000,0.000000,0.276441,1,
1.000000,0.000000,0.000000,0.000000,0.000000,0.000000,0.000000,0.000000,0.000000,0.000000,0,
0.447202,0.000000,0.000000,0.187963,0.000000,0.000000,0.000000,0.000000,0.364835,0.000000,0,
0.000000,0.000000,0.057245,0.942755,0.000000,0.000000,0.000000,0.000000,0.000000,0.000000,3,
0.000000,0.000000,0.000000,0.000000,0.688994,0.000000,0.311006,0.000000,0.000000,0.000000,4,
0.491117,0.000000,0.000000,0.000000,0.000000,0.061726,0.000000,0.000000,0.447157,0.000000,8,
0.000000,0.815143,0.000000,0.000000,0.000000,0.184857,0.000000,0.000000,0.000000,0.000000,1,
0.000000,0.000000,1.000000,0.000000,0.000000,0.000000,0.000000,0.000000,0.000000,0.000000,2,
0.000000,0.000000,1.000000,0.000000,0.000000,0.000000,0.000000,0.000000,0.000000,0.000000,2,
0.000000,1.000000,0.000000,0.000000,0.000000,0.000000,0.000000,0.000000,0.000000,0.000000,1,
0.000000,0.000000,0.000000,0.123955,0.000000,0.000000,0.000000,0.876045,0.000000,0.000000,7,
0.000000,0.000000,0.000000,0.000000,0.713870,0.000000,0.286130,0.000000,0.000000,0.000000,4,
0.000000,0.000000,0.947125,0.052875,0.000000,0.000000,0.000000,0.000000,0.000000,0.000000,2,
0.000000,1.000000,0.000000,0.000000,0.000000,0.000000,0.000000,0.000000,0.000000,0.000000,1,
0.000000,0.000000,0.000000,0.000000,0.000000,0.000000,0.000000,1.000000,0.000000,0.000000,7,
0.000000,0.000000,0.705492,0.000000,0.183550,0.000000,0.110958,0.000000,0.000000,0.000000,2,
0.000000,0.000000,1.000000,0.000000,0.000000,0.000000,0.000000,0.000000,0.000000,0.000000,2,
0.000000,0.570363,0.058322,0.000000,0.115054,0.000000,0.191253,0.000000,0.065008,0.000000,8,
0.000000,0.000000,0.000000,1.000000,0.000000,0.000000,0.000000,0.000000,0.000000,0.000000,3,
0.379971,0.000000,0.000000,0.061079,0.000000,0.000000,0.000000,0.000000,0.558950,0.000000,0,
0.000000,0.000000,0.000000,0.079285,0.062037,0.000000,0.000000,0.289345,0.000000,0.569333,4,
0.000000,0.000000,0.000000,0.062732,0.000000,0.878419,0.000000,0.000000,0.058848,0.000000,5,
0.000000,0.000000,0.000000,0.000000,0.000000,0.000000,0.000000,0.686819,0.000000,0.313181,7,
0.000000,0.000000,0.000000,0.059844,0.314233,0.000000,0.000000,0.000000,0.000000,0.625923,4,
0.000000,0.000000,0.224048,0.657686,0.000000,0.000000,0.000000,0.061231,0.057035,0.000000,3,
0.000000,0.000000,0.000000,0.000000,0.000000,0.000000,0.945544,0.000000,0.054456,0.000000,6,
0.000000,0.000000,0.000000,0.000000,0.000000,0.000000,0.000000,0.935152,0.000000,0.064848,7,
0.000000,0.000000,0.861147,0.078854,0.000000,0.000000,0.000000,0.059999,0.000000,0.000000,2,
0.059385,0.000000,0.063856,0.562635,0.000000,0.061949,0.000000,0.000000,0.058598,0.193576,0,
0.340846,0.245173,0.000000,0.000000,0.000000,0.000000,0.219767,0.000000,0.194214,0.000000,6,
0.000000,0.840881,0.000000,0.000000,0.000000,0.000000,0.071226,0.000000,0.087892,0.000000,1,
0.000000,0.000000,0.054838,0.945162,0.000000,0.000000,0.000000,0.000000,0.000000,0.000000,3,
0.000000,0.000000,0.000000,0.000000,0.178832,0.000000,0.000000,0.000000,0.000000,0.821168,9,
0.000000,1.000000,0.000000,0.000000,0.000000,0.000000,0.000000,0.000000,0.000000,0.000000,1,
0.000000,0.000000,0.000000,0.057342,0.000000,0.000000,0.000000,0.892204,0.000000,0.050454,7,
0.000000,0.000000,0.000000,0.000000,0.664933,0.070951,0.000000,0.000000,0.000000,0.264116,4,
0.000000,0.000000,1.000000,0.000000,0.000000,0.000000,0.000000,0.000000,0.000000,0.000000,2,
0.000000,0.000000,0.000000,0.000000,0.886517,0.054412,0.000000,0.000000,0.000000,0.059071,4,
0.000000,1.000000,0.000000,0.000000,0.000000,0.000000,0.000000,0.000000,0.000000,0.000000,1,
0.000000,0.000000,1.000000,0.000000,0.000000,0.000000,0.000000,0.000000,0.000000,0.000000,2,
0.000000,0.000000,0.000000,0.055468,0.000000,0.000000,0.000000,0.944532,0.000000,0.000000,7,
0.000000,0.000000,0.000000,0.000000,0.000000,0.000000,1.000000,0.000000,0.000000,0.000000,6,
0.000000,0.000000,1.000000,0.000000,0.000000,0.000000,0.000000,0.000000,0.000000,0.000000,2,
0.000000,0.000000,1.000000,0.000000,0.000000,0.000000,0.000000,0.000000,0.000000,0.000000,2,
0.000000,0.000000,0.000000,0.000000,0.000000,1.000000,0.000000,0.000000,0.000000,0.000000,3,
0.000000,1.000000,0.000000,0.000000,0.000000,0.000000,0.000000,0.000000,0.000000,0.000000,1,
0.000000,0.000000,0.000000,0.000000,1.000000,0.000000,0.000000,0.000000,0.000000,0.000000,4,
0.184825,0.000000,0.000000,0.000000,0.000000,0.000000,0.000000,0.000000,0.815175,0.000000,8,
0.000000,0.000000,0.000000,0.000000,0.000000,0.000000,0.000000,0.949264,0.000000,0.050736,7,
0.000000,0.000000,0.000000,0.000000,1.000000,0.000000,0.000000,0.000000,0.000000,0.000000,4,
0.062419,0.000000,0.000000,0.058785,0.000000,0.878796,0.000000,0.000000,0.000000,0.000000,5,
0.000000,0.000000,0.000000,0.000000,0.199636,0.000000,0.000000,0.067508,0.000000,0.732856,9,
0.000000,0.000000,1.000000,0.000000,0.000000,0.000000,0.000000,0.000000,0.000000,0.000000,2,
0.000000,0.000000,0.000000,0.000000,0.000000,0.000000,1.000000,0.000000,0.000000,0.000000,6,
0.000000,1.000000,0.000000,0.000000,0.000000,0.000000,0.000000,0.000000,0.000000,0.000000,1,
0.000000,0.000000,0.000000,0.000000,0.000000,0.000000,1.000000,0.000000,0.000000,0.000000,6,
0.927464,0.000000,0.000000,0.000000,0.000000,0.000000,0.000000,0.000000,0.072536,0.000000,0,
0.000000,0.000000,0.000000,0.057182,0.060736,0.000000,0.000000,0.699878,0.000000,0.182204,7,
0.000000,0.000000,1.000000,0.000000,0.000000,0.000000,0.000000,0.000000,0.000000,0.000000,2,
0.000000,0.000000,0.000000,0.111500,0.000000,0.059247,0.000000,0.712670,0.000000,0.116583,7,
0.000000,0.000000,0.000000,0.056677,0.053239,0.057646,0.000000,0.504558,0.000000,0.327880,7,
0.000000,0.000000,0.000000,1.000000,0.000000,0.000000,0.000000,0.000000,0.000000,0.000000,3,
0.000000,0.000000,0.000000,0.000000,0.000000,0.000000,0.000000,0.753411,0.000000,0.246589,7,
0.000000,0.000000,0.000000,0.000000,0.366245,0.578660,0.000000,0.000000,0.000000,0.055095,5,
0.000000,0.000000,0.000000,0.000000,0.000000,0.000000,0.000000,1.000000,0.000000,0.000000,7,
0.366049,0.000000,0.077438,0.063424,0.000000,0.308961,0.000000,0.123808,0.000000,0.060320,7,
0.738645,0.000000,0.000000,0.000000,0.000000,0.000000,0.000000,0.000000,0.179550,0.081806,8,
0.000000,0.000000,0.000000,0.000000,0.000000,0.942645,0.000000,0.000000,0.057355,0.000000,5,
0.569245,0.000000,0.060021,0.000000,0.000000,0.065998,0.000000,0.000000,0.057091,0.247644,0,
0.054704,0.000000,0.000000,0.000000,0.000000,0.063167,0.000000,0.000000,0.882129,0.000000,8,
0.362619,0.294544,0.000000,0.000000,0.000000,0.000000,0.051288,0.000000,0.221321,0.070229,1,
0.000000,1.000000,0.000000,0.000000,0.000000,0.000000,0.000000,0.000000,0.000000,0.000000,1,
0.000000,0.000000,0.000000,0.106392,0.000000,0.893608,0.000000,0.000000,0.000000,0.000000,3,
0.000000,0.000000,0.000000,0.000000,0.059506,0.000000,0.000000,0.509046,0.055156,0.376292,7,
0.000000,1.000000,0.000000,0.000000,0.000000,0.000000,0.000000,0.000000,0.000000,0.000000,1,
0.000000,0.925142,0.000000,0.074858,0.000000,0.000000,0.000000,0.000000,0.000000,0.000000,1,
0.000000,0.000000,0.373745,0.000000,0.446603,0.122398,0.057254,0.000000,0.000000,0.000000,5,
0.000000,0.000000,0.000000,0.000000,0.177708,0.000000,0.822292,0.000000,0.000000,0.000000,6,
0.000000,0.000000,0.000000,0.000000,0.321744,0.492154,0.126932,0.000000,0.059170,0.000000,5,
0.000000,0.000000,0.000000,0.106220,0.109529,0.053110,0.000000,0.731141,0.000000,0.000000,7,
0.000000,0.000000,0.000000,0.000000,0.000000,0.938608,0.000000,0.000000,0.061392,0.000000,5,
0.058283,0.000000,0.000000,0.000000,0.000000,0.057210,0.527935,0.000000,0.356572,0.000000,6,
0.000000,0.000000,1.000000,0.000000,0.000000,0.000000,0.000000,0.000000,0.000000,0.000000,2,
0.000000,0.000000,0.000000,0.000000,0.943642,0.000000,0.000000,0.000000,0.000000,0.056358,4,
1.000000,0.000000,0.000000,0.000000,0.000000,0.000000,0.000000,0.000000,0.000000,0.000000,0,
0.000000,0.000000,0.000000,0.000000,0.054280,0.000000,0.000000,0.176556,0.000000,0.769163,9,
0.000000,0.000000,0.000000,0.000000,0.000000,0.000000,0.000000,1.000000,0.000000,0.000000,7,
0.060452,0.000000,0.000000,0.000000,0.000000,0.117495,0.000000,0.000000,0.822053,0.000000,8,
0.000000,0.000000,0.000000,0.000000,0.384648,0.000000,0.000000,0.247667,0.000000,0.367685,9,
0.000000,0.070473,0.000000,0.000000,0.590693,0.000000,0.000000,0.000000,0.000000,0.338834,4,
0.871732,0.000000,0.000000,0.000000,0.000000,0.128268,0.000000,0.000000,0.000000,0.000000,0,
0.000000,0.000000,0.000000,0.057029,0.942971,0.000000,0.000000,0.000000,0.000000,0.000000,4,
0.000000,0.000000,0.054565,0.945435,0.000000,0.000000,0.000000,0.000000,0.000000,0.000000,3,
0.067444,0.000000,0.000000,0.000000,0.000000,0.000000,0.000000,0.000000,0.239527,0.693029,9,
0.000000,0.000000,0.000000,0.000000,0.000000,0.406709,0.000000,0.000000,0.593291,0.000000,8,
0.000000,0.000000,0.000000,0.000000,0.000000,0.000000,0.000000,0.000000,0.000000,1.000000,9,
0.000000,0.000000,0.000000,0.000000,0.053135,0.065077,0.000000,0.000000,0.000000,0.881788,4,
1.000000,0.000000,0.000000,0.000000,0.000000,0.000000,0.000000,0.000000,0.000000,0.000000,0,
0.000000,0.000000,0.000000,0.391028,0.000000,0.057735,0.000000,0.000000,0.420396,0.130841,3,
0.054847,0.000000,0.000000,0.000000,0.000000,0.000000,0.000000,0.000000,0.417843,0.527309,9,
0.000000,0.000000,1.000000,0.000000,0.000000,0.000000,0.000000,0.000000,0.000000,0.000000,2,
0.000000,0.000000,0.000000,0.000000,0.056086,0.186839,0.575170,0.000000,0.123082,0.058823,5,
0.000000,0.000000,1.000000,0.000000,0.000000,0.000000,0.000000,0.000000,0.000000,0.000000,2,
0.000000,0.000000,0.056975,0.000000,0.943025,0.000000,0.000000,0.000000,0.000000,0.000000,4,
0.000000,0.000000,0.000000,0.000000,0.432758,0.000000,0.000000,0.000000,0.000000,0.567242,4,
0.000000,0.000000,0.000000,0.055676,0.000000,0.944324,0.000000,0.000000,0.000000,0.000000,5,
0.000000,0.000000,0.000000,0.000000,0.000000,0.000000,1.000000,0.000000,0.000000,0.000000,6,
0.243782,0.000000,0.073588,0.185212,0.000000,0.069656,0.000000,0.000000,0.427761,0.000000,8,
0.000000,0.000000,0.000000,0.000000,0.000000,0.000000,0.000000,0.363070,0.000000,0.636930,7,
0.180583,0.056993,0.000000,0.000000,0.000000,0.061751,0.000000,0.000000,0.700673,0.000000,0,
0.000000,0.000000,0.000000,0.000000,0.116904,0.000000,0.883096,0.000000,0.000000,0.000000,6,
0.000000,0.000000,0.000000,0.000000,0.000000,0.000000,0.000000,0.884125,0.000000,0.115875,7,
0.000000,0.000000,0.000000,0.056123,0.000000,0.000000,0.000000,0.000000,0.888638,0.055239,8,
0.000000,0.000000,0.249034,0.000000,0.000000,0.495911,0.000000,0.000000,0.000000,0.255055,5,
0.945546,0.000000,0.000000,0.054454,0.000000,0.000000,0.000000,0.000000,0.000000,0.000000,0,
0.000000,0.000000,0.069609,0.057401,0.000000,0.000000,0.809447,0.000000,0.000000,0.063544,2,
0.000000,0.000000,0.000000,0.000000,0.000000,0.000000,0.000000,0.000000,0.104941,0.895059,9,
0.000000,1.000000,0.000000,0.000000,0.000000,0.000000,0.000000,0.000000,0.000000,0.000000,1,
0.000000,0.000000,0.000000,0.000000,0.000000,0.000000,1.000000,0.000000,0.000000,0.000000,6,
0.000000,1.000000,0.000000,0.000000,0.000000,0.000000,0.000000,0.000000,0.000000,0.000000,1,
0.000000,0.000000,0.000000,0.000000,0.878316,0.000000,0.000000,0.062533,0.000000,0.059151,9,
0.000000,0.000000,0.000000,0.000000,0.218113,0.000000,0.000000,0.000000,0.000000,0.781887,4,
1.000000,0.000000,0.000000,0.000000,0.000000,0.000000,0.000000,0.000000,0.000000,0.000000,0,
0.771228,0.000000,0.000000,0.054381,0.000000,0.000000,0.000000,0.000000,0.174391,0.000000,0,
0.000000,0.000000,0.121461,0.628104,0.000000,0.000000,0.000000,0.120057,0.130378,0.000000,8,
0.000000,0.000000,0.000000,0.000000,0.000000,0.000000,0.941241,0.000000,0.058759,0.000000,6,
0.000000,0.000000,0.000000,0.000000,0.000000,0.000000,0.000000,0.941934,0.000000,0.058066,7,
0.000000,0.000000,0.000000,0.000000,0.000000,0.000000,1.000000,0.000000,0.000000,0.000000,6,
0.000000,0.000000,0.000000,0.000000,0.000000,0.000000,1.000000,0.000000,0.000000,0.000000,6,
0.307497,0.000000,0.000000,0.000000,0.317915,0.000000,0.252105,0.065968,0.000000,0.056515,4,
0.000000,0.000000,0.000000,0.000000,0.000000,0.000000,1.000000,0.000000,0.000000,0.000000,6,
0.000000,0.000000,0.000000,0.000000,0.000000,0.000000,1.000000,0.000000,0.000000,0.000000,6,
0.000000,0.000000,0.000000,0.000000,0.000000,0.000000,0.000000,0.940442,0.000000,0.059558,7,
0.000000,0.000000,0.000000,0.000000,0.199339,0.000000,0.000000,0.060669,0.000000,0.739992,9,
0.000000,0.000000,0.000000,0.000000,0.000000,0.000000,0.000000,0.593257,0.000000,0.406743,7,
0.000000,0.000000,0.000000,0.000000,0.000000,0.000000,1.000000,0.000000,0.000000,0.000000,6,
0.000000,0.000000,0.000000,0.694627,0.000000,0.000000,0.000000,0.305373,0.000000,0.000000,3,
0.000000,0.000000,0.000000,0.000000,0.516045,0.304070,0.000000,0.065315,0.114570,0.000000,7,
0.000000,0.000000,0.343705,0.000000,0.536962,0.057519,0.061814,0.000000,0.000000,0.000000,2,
0.000000,0.000000,0.000000,0.000000,0.944828,0.000000,0.000000,0.000000,0.000000,0.055172,4,
0.000000,0.000000,0.000000,0.000000,0.887649,0.000000,0.000000,0.000000,0.000000,0.112351,4,
0.945773,0.000000,0.000000,0.000000,0.054227,0.000000,0.000000,0.000000,0.000000,0.000000,0,
0.000000,0.000000,1.000000,0.000000,0.000000,0.000000,0.000000,0.000000,0.000000,0.000000,2,
0.255862,0.000000,0.000000,0.000000,0.000000,0.000000,0.000000,0.000000,0.744138,0.000000,8,
0.000000,1.000000,0.000000,0.000000,0.000000,0.000000,0.000000,0.000000,0.000000,0.000000,1,
0.000000,0.936757,0.000000,0.000000,0.000000,0.000000,0.000000,0.063243,0.000000,0.000000,1,
0.000000,0.000000,0.000000,0.052841,0.000000,0.000000,0.000000,0.000000,0.000000,0.947159,9,
0.000000,0.000000,0.113714,0.000000,0.000000,0.000000,0.886286,0.000000,0.000000,0.000000,6,
0.000000,0.000000,0.129185,0.000000,0.123940,0.689731,0.000000,0.000000,0.057144,0.000000,5,
0.000000,0.000000,0.063374,0.000000,0.000000,0.059795,0.876832,0.000000,0.000000,0.000000,6,
0.000000,0.000000,0.000000,0.000000,0.798593,0.080637,0.000000,0.000000,0.000000,0.120770,4,
0.000000,0.000000,0.000000,0.000000,0.056219,0.057986,0.000000,0.000000,0.461062,0.424733,8,
0.000000,0.756430,0.185350,0.000000,0.000000,0.000000,0.000000,0.058220,0.000000,0.000000,2,
0.000000,0.202856,0.053513,0.000000,0.000000,0.160963,0.341381,0.000000,0.241287,0.000000,6,
0.000000,1.000000,0.000000,0.000000,0.000000,0.000000,0.000000,0.000000,0.000000,0.000000,1,
0.000000,0.000000,0.000000,0.000000,0.254132,0.000000,0.000000,0.183378,0.000000,0.562490,4,
0.000000,0.000000,0.000000,0.000000,0.881617,0.000000,0.000000,0.057958,0.000000,0.060425,4,
0.635857,0.000000,0.000000,0.070945,0.000000,0.114119,0.000000,0.000000,0.179078,0.000000,0,
0.000000,0.000000,0.000000,0.000000,0.000000,0.000000,1.000000,0.000000,0.000000,0.000000,6,
0.000000,0.000000,0.000000,0.126729,0.000000,0.000000,0.000000,0.078756,0.611778,0.182736,8,
0.000000,0.000000,0.000000,0.061625,0.000000,0.880840,0.000000,0.000000,0.057535,0.000000,5,
0.000000,0.000000,0.000000,0.305227,0.000000,0.627756,0.000000,0.000000,0.000000,0.067017,5,
0.000000,0.000000,0.000000,0.000000,0.000000,0.000000,1.000000,0.000000,0.000000,0.000000,6,
0.000000,0.053116,0.000000,0.000000,0.770528,0.000000,0.176357,0.000000,0.000000,0.000000,6,
0.126633,0.000000,0.325311,0.000000,0.000000,0.000000,0.548056,0.000000,0.000000,0.000000,3,
0.000000,0.000000,1.000000,0.000000,0.000000,0.000000,0.000000,0.000000,0.000000,0.000000,2,
0.000000,0.000000,0.000000,0.000000,0.000000,0.000000,0.000000,0.131490,0.000000,0.868510,9,
0.000000,1.000000,0.000000,0.000000,0.000000,0.000000,0.000000,0.000000,0.000000,0.000000,1,
0.632071,0.000000,0.000000,0.000000,0.000000,0.066154,0.000000,0.000000,0.301776,0.000000,0,
0.000000,0.000000,0.133122,0.866878,0.000000,0.000000,0.000000,0.000000,0.000000,0.000000,3,
0.000000,0.000000,0.000000,0.757975,0.000000,0.182997,0.000000,0.000000,0.000000,0.059027,3,
0.695612,0.000000,0.058198,0.000000,0.186675,0.059515,0.000000,0.000000,0.000000,0.000000,0,
0.000000,0.000000,0.000000,0.000000,0.047107,0.000000,0.000000,0.775108,0.000000,0.177786,7,
0.432211,0.000000,0.000000,0.000000,0.000000,0.000000,0.000000,0.000000,0.567789,0.000000,0,
0.890968,0.000000,0.000000,0.000000,0.000000,0.000000,0.000000,0.000000,0.109032,0.000000,0,
0.113245,0.000000,0.113479,0.355105,0.000000,0.188002,0.000000,0.000000,0.111318,0.118851,5,
0.000000,0.000000,0.000000,0.000000,0.000000,0.000000,1.000000,0.000000,0.000000,0.000000,6,
0.482219,0.000000,0.000000,0.197926,0.000000,0.056237,0.000000,0.000000,0.263618,0.000000,3,
0.000000,0.000000,0.000000,0.000000,0.000000,0.000000,1.000000,0.000000,0.000000,0.000000,6,
0.000000,0.000000,0.000000,0.000000,0.251976,0.000000,0.000000,0.000000,0.000000,0.748024,9,
0.066030,0.000000,0.000000,0.000000,0.000000,0.000000,0.060277,0.000000,0.873693,0.000000,0,
0.000000,0.000000,0.000000,0.000000,0.000000,0.000000,0.000000,0.829263,0.000000,0.170737,7,
0.000000,0.000000,0.000000,0.000000,0.000000,0.000000,1.000000,0.000000,0.000000,0.000000,6,
0.214497,0.000000,0.000000,0.000000,0.000000,0.000000,0.000000,0.000000,0.785503,0.000000,8,
0.000000,0.943857,0.000000,0.000000,0.000000,0.000000,0.000000,0.000000,0.056143,0.000000,1,
1.000000,0.000000,0.000000,0.000000,0.000000,0.000000,0.000000,0.000000,0.000000,0.000000,0,
0.289639,0.000000,0.000000,0.000000,0.000000,0.653148,0.000000,0.000000,0.057213,0.000000,0,
0.000000,0.000000,0.000000,0.000000,0.000000,0.000000,0.000000,0.107470,0.057202,0.835329,9,
0.000000,0.069381,0.000000,0.000000,0.310940,0.000000,0.000000,0.000000,0.000000,0.619679,9,
0.000000,0.000000,0.000000,0.000000,0.000000,0.000000,0.000000,0.946605,0.000000,0.053395,7,
0.000000,1.000000,0.000000,0.000000,0.000000,0.000000,0.000000,0.000000,0.000000,0.000000,1,
0.177068,0.000000,0.000000,0.000000,0.000000,0.000000,0.822932,0.000000,0.000000,0.000000,6,
0.000000,0.000000,0.000000,0.000000,0.000000,0.000000,0.000000,1.000000,0.000000,0.000000,7,
0.000000,0.000000,0.000000,0.000000,0.115540,0.000000,0.884460,0.000000,0.000000,0.000000,6,
0.000000,0.000000,0.290839,0.000000,0.640339,0.068822,0.000000,0.000000,0.000000,0.000000,2,
0.000000,0.000000,1.000000,0.000000,0.000000,0.000000,0.000000,0.000000,0.000000,0.000000,2,
1.000000,0.000000,0.000000,0.000000,0.000000,0.000000,0.000000,0.000000,0.000000,0.000000,0,
0.000000,0.000000,0.000000,0.000000,0.060409,0.000000,0.000000,0.000000,0.238619,0.700972,9,
0.000000,0.000000,0.000000,0.000000,0.000000,0.000000,0.000000,1.000000,0.000000,0.000000,7,
0.000000,0.000000,0.000000,1.000000,0.000000,0.000000,0.000000,0.000000,0.000000,0.000000,3,
0.000000,1.000000,0.000000,0.000000,0.000000,0.000000,0.000000,0.000000,0.000000,0.000000,1,
0.500889,0.000000,0.057443,0.264030,0.000000,0.000000,0.000000,0.000000,0.177638,0.000000,3,
0.000000,0.000000,0.760930,0.000000,0.239070,0.000000,0.000000,0.000000,0.000000,0.000000,2,
0.457474,0.000000,0.064252,0.000000,0.000000,0.000000,0.000000,0.000000,0.417319,0.060955,8,
0.000000,0.000000,0.072469,0.195733,0.000000,0.000000,0.000000,0.609153,0.122645,0.000000,3,
0.431007,0.000000,0.000000,0.000000,0.000000,0.000000,0.000000,0.000000,0.431050,0.137943,9,
0.057262,0.000000,0.000000,0.000000,0.000000,0.564253,0.312801,0.000000,0.065684,0.000000,5,
0.439544,0.000000,0.000000,0.000000,0.000000,0.121042,0.000000,0.000000,0.439414,0.000000,8,
0.000000,1.000000,0.000000,0.000000,0.000000,0.000000,0.000000,0.000000,0.000000,0.000000,1,
0.000000,0.000000,0.000000,0.000000,0.819790,0.000000,0.000000,0.000000,0.000000,0.180210,4,
0.000000,0.000000,0.000000,0.616229,0.000000,0.182038,0.000000,0.000000,0.135199,0.066534,5,
0.000000,0.000000,1.000000,0.000000,0.000000,0.000000,0.000000,0.000000,0.000000,0.000000,2,
0.203757,0.112394,0.000000,0.000000,0.000000,0.000000,0.000000,0.000000,0.683849,0.000000,0,
0.000000,0.000000,0.869909,0.130091,0.000000,0.000000,0.000000,0.000000,0.000000,0.000000,2,
0.000000,1.000000,0.000000,0.000000,0.000000,0.000000,0.000000,0.000000,0.000000,0.000000,1,
1.000000,0.000000,0.000000,0.000000,0.000000,0.000000,0.000000,0.000000,0.000000,0.000000,0,
0.000000,0.000000,0.000000,0.000000,0.357515,0.000000,0.000000,0.000000,0.000000,0.642485,9,
0.061849,0.605645,0.000000,0.000000,0.000000,0.000000,0.000000,0.000000,0.332506,0.000000,8,
0.000000,0.000000,0.000000,0.000000,0.056678,0.000000,0.000000,0.000000,0.000000,0.943322,9,
0.000000,0.000000,0.000000,0.000000,0.000000,0.000000,0.000000,0.000000,0.000000,1.000000,9,
0.406464,0.000000,0.000000,0.000000,0.000000,0.000000,0.511855,0.000000,0.081681,0.000000,0,
0.000000,0.000000,0.000000,0.000000,0.000000,0.000000,0.000000,1.000000,0.000000,0.000000,7,
0.000000,0.000000,0.000000,0.000000,0.000000,0.000000,0.000000,0.938410,0.000000,0.061590,7,
0.000000,0.000000,0.000000,0.000000,0.067220,0.000000,0.932780,0.000000,0.000000,0.000000,6,
0.000000,0.000000,1.000000,0.000000,0.000000,0.000000,0.000000,0.000000,0.000000,0.000000,2,
0.000000,0.000000,0.000000,0.000000,0.558075,0.000000,0.000000,0.175259,0.000000,0.266666,4,
0.000000,0.000000,1.000000,0.000000,0.000000,0.000000,0.000000,0.000000,0.000000,0.000000,2,
0.000000,0.000000,0.000000,0.000000,0.889399,0.110601,0.000000,0.000000,0.000000,0.000000,4,
0.000000,1.000000,0.000000,0.000000,0.000000,0.000000,0.000000,0.000000,0.000000,0.000000,3,
0.000000,0.000000,0.047730,0.000000,0.056164,0.896107,0.000000,0.000000,0.000000,0.000000,5,
0.000000,1.000000,0.000000,0.000000,0.000000,0.000000,0.000000,0.000000,0.000000,0.000000,1,
0.000000,0.000000,0.000000,0.000000,0.183740,0.000000,0.000000,0.000000,0.000000,0.816260,9,
0.000000,0.000000,0.055657,0.000000,0.120781,0.000000,0.823562,0.000000,0.000000,0.000000,6,
0.000000,0.000000,0.581250,0.123491,0.000000,0.000000,0.000000,0.000000,0.295259,0.000000,3,
0.262646,0.121647,0.000000,0.000000,0.000000,0.000000,0.000000,0.077306,0.185871,0.352531,0,
0.000000,0.000000,0.068334,0.000000,0.000000,0.931666,0.000000,0.000000,0.000000,0.000000,5,
0.000000,0.000000,0.000000,0.000000,0.313639,0.565629,0.000000,0.000000,0.064849,0.055883,4,
0.000000,0.000000,0.000000,0.000000,0.180059,0.000000,0.000000,0.000000,0.000000,0.819941,9,
1.000000,0.000000,0.000000,0.000000,0.000000,0.000000,0.000000,0.000000,0.000000,0.000000,0,
0.000000,0.000000,0.000000,0.000000,0.000000,0.000000,1.000000,0.000000,0.000000,0.000000,6,
0.592964,0.000000,0.000000,0.000000,0.000000,0.000000,0.000000,0.000000,0.407036,0.000000,8,
0.000000,0.000000,0.000000,0.000000,0.371943,0.053434,0.000000,0.000000,0.055482,0.519140,9,
0.404196,0.000000,0.000000,0.000000,0.000000,0.000000,0.000000,0.000000,0.595804,0.000000,2,
0.000000,0.000000,0.000000,0.000000,0.000000,0.206726,0.000000,0.736074,0.000000,0.057201,7,
0.000000,0.000000,0.000000,0.000000,0.945355,0.000000,0.000000,0.000000,0.000000,0.054645,4,
0.000000,0.000000,0.000000,0.075106,0.000000,0.000000,0.000000,0.924894,0.000000,0.000000,7,
0.000000,0.000000,0.059944,0.000000,0.000000,0.000000,0.940056,0.000000,0.000000,0.000000,6,
0.000000,0.000000,0.064285,0.935715,0.000000,0.000000,0.000000,0.000000,0.000000,0.000000,3,
0.233749,0.000000,0.000000,0.000000,0.000000,0.139800,0.000000,0.069109,0.059706,0.497636,5,
0.000000,0.951298,0.000000,0.048702,0.000000,0.000000,0.000000,0.000000,0.000000,0.000000,1,
0.000000,0.000000,0.000000,0.000000,0.000000,0.879325,0.000000,0.000000,0.120675,0.000000,5,
0.286490,0.000000,0.000000,0.000000,0.000000,0.000000,0.000000,0.000000,0.713510,0.000000,8,
0.117800,0.000000,0.398028,0.058487,0.000000,0.000000,0.000000,0.000000,0.359466,0.066219,2,
0.000000,0.000000,0.000000,0.177906,0.000000,0.822094,0.000000,0.000000,0.000000,0.000000,5,
0.000000,0.000000,0.000000,0.122098,0.000000,0.000000,0.000000,0.388102,0.489801,0.000000,7,
0.000000,0.256780,0.000000,0.372236,0.000000,0.068152,0.000000,0.000000,0.238753,0.064080,1,
0.000000,0.000000,0.000000,0.000000,0.120077,0.066563,0.000000,0.236286,0.000000,0.577074,9,
0.000000,0.000000,0.000000,0.000000,0.000000,0.939005,0.000000,0.000000,0.060995,0.000000,5,
0.000000,0.000000,0.884783,0.000000,0.000000,0.000000,0.056017,0.000000,0.059200,0.000000,2,
0.942763,0.000000,0.057237,0.000000,0.000000,0.000000,0.000000,0.000000,0.000000,0.000000,0,
0.000000,0.000000,0.122606,0.124793,0.059058,0.000000,0.000000,0.636930,0.000000,0.056613,3,
0.000000,0.000000,0.000000,0.763744,0.000000,0.000000,0.000000,0.236256,0.000000,0.000000,3,
0.000000,0.000000,0.090386,0.184502,0.000000,0.000000,0.000000,0.000000,0.650265,0.074847,8,
0.340872,0.177647,0.055371,0.000000,0.000000,0.000000,0.000000,0.057501,0.311663,0.056946,1,
0.000000,0.000000,0.056392,0.875196,0.000000,0.000000,0.000000,0.000000,0.068412,0.000000,3,
0.000000,0.000000,0.000000,0.000000,0.240593,0.000000,0.000000,0.000000,0.000000,0.759407,9,
0.000000,0.000000,0.000000,0.000000,0.000000,0.000000,1.000000,0.000000,0.000000,0.000000,6,
0.000000,0.000000,0.000000,0.000000,0.000000,0.000000,1.000000,0.000000,0.000000,0.000000,6,
0.000000,1.000000,0.000000,0.000000,0.000000,0.000000,0.000000,0.000000,0.000000,0.000000,1,
0.000000,0.000000,0.000000,0.944068,0.000000,0.055932,0.000000,0.000000,0.000000,0.000000,3,
0.000000,0.000000,0.000000,0.000000,1.000000,0.000000,0.000000,0.000000,0.000000,0.000000,4,
0.000000,0.000000,0.000000,0.180066,0.000000,0.744329,0.000000,0.075604,0.000000,0.000000,5,
0.000000,0.000000,0.000000,0.000000,0.000000,0.000000,0.000000,1.000000,0.000000,0.000000,7,
0.000000,0.000000,0.804723,0.000000,0.000000,0.000000,0.195277,0.000000,0.000000,0.000000,2,
0.000000,0.000000,1.000000,0.000000,0.000000,0.000000,0.000000,0.000000,0.000000,0.000000,2,
0.000000,0.000000,0.000000,0.000000,1.000000,0.000000,0.000000,0.000000,0.000000,0.000000,4,
0.184896,0.000000,0.502908,0.060239,0.000000,0.062020,0.000000,0.000000,0.189937,0.000000,2,
0.057266,0.000000,0.000000,0.000000,0.000000,0.942734,0.000000,0.000000,0.000000,0.000000,5,
0.115459,0.000000,0.135307,0.000000,0.000000,0.057720,0.000000,0.000000,0.691514,0.000000,2,
0.000000,0.000000,0.000000,0.000000,0.000000,0.000000,0.000000,1.000000,0.000000,0.000000,7,
0.000000,0.000000,0.000000,0.000000,0.000000,0.000000,0.000000,1.000000,0.000000,0.000000,7,
0.181761,0.058651,0.000000,0.058085,0.000000,0.178493,0.000000,0.000000,0.523011,0.000000,0,
0.000000,0.000000,0.000000,0.000000,0.119809,0.000000,0.000000,0.000000,0.305736,0.574455,9,
0.000000,0.937267,0.000000,0.000000,0.000000,0.000000,0.000000,0.000000,0.062733,0.000000,1,
0.000000,0.000000,0.000000,0.000000,0.000000,0.519824,0.000000,0.480176,0.000000,0.000000,5,
0.000000,0.000000,0.557887,0.442113,0.000000,0.000000,0.000000,0.000000,0.000000,0.000000,2,
0.000000,0.059100,0.196926,0.246326,0.239514,0.000000,0.082802,0.117836,0.057495,0.000000,7,
0.000000,0.000000,0.000000,0.064490,0.370701,0.000000,0.000000,0.000000,0.000000,0.564809,9,
0.000000,0.057291,0.000000,0.942709,0.000000,0.000000,0.000000,0.000000,0.000000,0.000000,3,
0.000000,0.000000,0.000000,0.000000,0.000000,0.000000,0.000000,0.000000,1.000000,0.000000,8,
0.000000,0.000000,0.000000,0.000000,0.000000,0.056800,0.000000,0.119760,0.000000,0.823440,9,
0.000000,0.000000,1.000000,0.000000,0.000000,0.000000,0.000000,0.000000,0.000000,0.000000,2,
0.000000,0.000000,0.000000,0.000000,0.000000,0.000000,0.000000,0.765448,0.000000,0.234552,7,
0.000000,0.000000,0.809761,0.190239,0.000000,0.000000,0.000000,0.000000,0.000000,0.000000,2,
0.062046,0.183463,0.000000,0.000000,0.000000,0.000000,0.000000,0.060258,0.694232,0.000000,8,
0.000000,0.055541,0.000000,0.000000,0.271965,0.000000,0.000000,0.135929,0.000000,0.536565,4,
0.000000,1.000000,0.000000,0.000000,0.000000,0.000000,0.000000,0.000000,0.000000,0.000000,1,
0.000000,0.000000,0.000000,0.000000,0.000000,0.000000,1.000000,0.000000,0.000000,0.000000,6,
0.000000,0.000000,0.000000,0.000000,0.000000,0.000000,0.000000,0.250034,0.199392,0.550575,7,
0.065240,0.000000,0.000000,0.000000,0.000000,0.441015,0.000000,0.000000,0.493746,0.000000,5,
0.000000,0.000000,0.000000,0.000000,0.000000,0.000000,1.000000,0.000000,0.000000,0.000000,6,
0.244135,0.000000,0.000000,0.000000,0.000000,0.060919,0.129857,0.000000,0.504170,0.060919,0,
0.818772,0.000000,0.000000,0.000000,0.000000,0.061146,0.000000,0.000000,0.120082,0.000000,0,
0.000000,0.000000,0.000000,0.000000,0.060469,0.000000,0.000000,0.159985,0.000000,0.779546,9,
0.431850,0.000000,0.000000,0.000000,0.000000,0.000000,0.000000,0.000000,0.568150,0.000000,0,
0.000000,0.000000,0.000000,0.000000,0.054843,0.000000,0.000000,0.175169,0.000000,0.769988,9,
0.000000,0.000000,0.945826,0.000000,0.000000,0.000000,0.054174,0.000000,0.000000,0.000000,2,
0.188824,0.000000,0.000000,0.000000,0.000000,0.113407,0.000000,0.000000,0.639519,0.058250,8,
0.000000,0.058305,0.000000,0.000000,0.377949,0.000000,0.000000,0.132826,0.127292,0.303627,8,
0.000000,0.000000,0.000000,0.000000,0.632411,0.000000,0.000000,0.000000,0.000000,0.367589,4,
0.000000,0.000000,0.158138,0.723761,0.000000,0.000000,0.000000,0.118101,0.000000,0.000000,2,
0.000000,0.000000,0.000000,0.054881,0.000000,0.945119,0.000000,0.000000,0.000000,0.000000,5,
0.058047,0.000000,0.074938,0.000000,0.000000,0.867015,0.000000,0.000000,0.000000,0.000000,2,
0.364922,0.000000,0.000000,0.000000,0.000000,0.083356,0.000000,0.000000,0.551723,0.000000,8,
0.797746,0.000000,0.000000,0.000000,0.000000,0.000000,0.000000,0.000000,0.202254,0.000000,0,
0.000000,0.000000,0.061207,0.000000,0.056667,0.000000,0.882127,0.000000,0.000000,0.000000,5,
0.000000,0.000000,0.000000,0.000000,0.000000,0.000000,0.000000,0.058934,0.000000,0.941066,9,
0.060752,0.000000,0.000000,0.000000,0.000000,0.000000,0.000000,0.000000,0.939248,0.000000,8,
0.000000,0.000000,0.822326,0.000000,0.055429,0.065511,0.056734,0.000000,0.000000,0.000000,2,
0.000000,1.000000,0.000000,0.000000,0.000000,0.000000,0.000000,0.000000,0.000000,0.000000,1,
0.000000,0.000000,1.000000,0.000000,0.000000,0.000000,0.000000,0.000000,0.000000,0.000000,2,
0.000000,0.000000,0.000000,0.000000,0.062288,0.000000,0.937712,0.000000,0.000000,0.000000,6,
0.000000,0.000000,0.000000,0.128570,0.000000,0.871430,0.000000,0.000000,0.000000,0.000000,5,
0.059373,0.000000,0.250201,0.440869,0.000000,0.000000,0.000000,0.000000,0.186277,0.063280,3,
0.000000,1.000000,0.000000,0.000000,0.000000,0.000000,0.000000,0.000000,0.000000,0.000000,1,
0.000000,1.000000,0.000000,0.000000,0.000000,0.000000,0.000000,0.000000,0.000000,0.000000,1,
0.108045,0.000000,0.107620,0.169719,0.000000,0.000000,0.000000,0.000000,0.558835,0.055781,8,
0.252393,0.000000,0.000000,0.000000,0.000000,0.055714,0.000000,0.000000,0.621229,0.070664,8,
