0, 1, 2, 3, 4, 5, 6, 7, 8, 9, True
0.191526,0.000316,0.134991,0.308944,0.045604,0.201466,0.005124,0.028468,0.057866,0.025694,3,
0.007086,0.000326,0.000126,0.031925,0.027161,0.035059,0.000011,0.563763,0.018600,0.315944,7,
0.000181,0.972011,0.003288,0.008964,0.001069,0.000636,0.000157,0.011459,0.000228,0.002007,1,
0.015312,0.002023,0.062277,0.853583,0.000154,0.043524,0.000037,0.009112,0.013366,0.000611,3,
0.174275,0.000253,0.062686,0.027431,0.148174,0.173651,0.063491,0.001986,0.263437,0.084616,5,
0.024189,0.007146,0.786082,0.026860,0.002301,0.021082,0.100553,0.000041,0.031063,0.000684,2,
0.476338,0.000000,0.297088,0.005994,0.000006,0.074043,0.002195,0.000000,0.144336,0.000001,0,
0.006838,0.098549,0.003500,0.010607,0.291722,0.017495,0.006247,0.094069,0.015017,0.455956,4,
0.463081,0.000000,0.168874,0.007901,0.193747,0.051880,0.107397,0.000237,0.005064,0.001819,4,
0.003791,0.000096,0.000030,0.026494,0.009728,0.024988,0.000001,0.695054,0.012893,0.226924,7,
0.000501,0.965453,0.013211,0.006156,0.003828,0.001145,0.002734,0.003126,0.000661,0.003184,1,
0.069231,0.004118,0.024870,0.020298,0.182620,0.118881,0.043014,0.004946,0.285169,0.246854,5,
0.001812,0.007725,0.000153,0.020925,0.022600,0.009749,0.000015,0.738515,0.003867,0.194637,7,
0.005794,0.003113,0.258460,0.687125,0.000001,0.020590,0.000028,0.000047,0.024831,0.000011,3,
0.307996,0.000000,0.027461,0.010783,0.011508,0.194789,0.011382,0.000042,0.430100,0.005938,0,
0.048957,0.000082,0.001843,0.005449,0.267839,0.080360,0.006291,0.007045,0.158976,0.423158,4,
0.000769,0.011871,0.000100,0.016703,0.011745,0.004402,0.000006,0.854480,0.001247,0.098678,7,
0.019975,0.000001,0.000657,0.160904,0.006923,0.028473,0.000002,0.773954,0.000930,0.008181,3,
0.006829,0.000000,0.000461,0.981085,0.000000,0.010963,0.000000,0.000407,0.000255,0.000000,0,
0.056587,0.000386,0.002904,0.061442,0.123004,0.138152,0.000653,0.136881,0.097494,0.382496,8,
0.130421,0.000000,0.043629,0.006636,0.000853,0.107812,0.010666,0.000002,0.699152,0.000829,8,
0.017512,0.000025,0.000117,0.046456,0.025685,0.075362,0.000007,0.485392,0.038388,0.311057,5,
0.065069,0.000022,0.002361,0.002311,0.217802,0.085870,0.019448,0.000827,0.335264,0.271027,4,
0.027055,0.000012,0.324654,0.001488,0.043325,0.004367,0.597633,0.000022,0.001038,0.000406,2,
0.088093,0.000052,0.007623,0.005945,0.442069,0.084271,0.031486,0.003667,0.111267,0.225526,0,
0.001212,0.001641,0.000224,0.030464,0.008402,0.004252,0.000005,0.925428,0.000446,0.027927,7,
0.028311,0.000000,0.123603,0.000175,0.040816,0.002065,0.804470,0.000001,0.000450,0.000109,4,
0.004791,0.000083,0.954083,0.036491,0.000019,0.002276,0.001804,0.000006,0.000445,0.000002,2,
0.021910,0.000276,0.476002,0.008541,0.220177,0.003761,0.265273,0.002599,0.000143,0.001317,2,
0.009234,0.011814,0.001165,0.020449,0.147790,0.030759,0.000653,0.230886,0.022869,0.524381,9,
0.005817,0.088976,0.002389,0.007026,0.272702,0.016117,0.006279,0.061000,0.019114,0.520580,9,
0.069158,0.001146,0.008983,0.079611,0.029202,0.207659,0.001486,0.015260,0.426543,0.160951,9,
0.449850,0.000000,0.004516,0.005097,0.016701,0.213215,0.002280,0.000051,0.301328,0.006962,8,
0.011366,0.000184,0.939108,0.027256,0.001066,0.003619,0.016918,0.000090,0.000361,0.000034,2,
0.668994,0.000000,0.000488,0.001508,0.000375,0.162645,0.000031,0.000001,0.165832,0.000127,0,
0.139653,0.000082,0.103844,0.029317,0.535849,0.059746,0.069696,0.013528,0.010177,0.038108,7,
0.003021,0.105340,0.001231,0.020802,0.097460,0.010947,0.000419,0.472621,0.004669,0.283491,4,
0.000478,0.000352,0.000025,0.018086,0.002169,0.002689,0.000000,0.953460,0.000361,0.022380,7,
0.049514,0.000029,0.002215,0.251579,0.000690,0.244441,0.000012,0.009800,0.424215,0.017504,5,
0.004545,0.000000,0.022131,0.000006,0.015380,0.000220,0.957623,0.000000,0.000076,0.000018,6,
0.008259,0.115824,0.006571,0.020120,0.305694,0.018182,0.005968,0.185143,0.008693,0.325545,9,
0.563406,0.000000,0.033144,0.060328,0.071621,0.218050,0.002830,0.004365,0.035898,0.010359,9,
0.004226,0.018824,0.002378,0.074054,0.029405,0.012299,0.000093,0.795901,0.001869,0.060949,7,
0.003503,0.005151,0.000523,0.054259,0.017702,0.014705,0.000020,0.804148,0.003614,0.096376,7,
0.009350,0.000002,0.067297,0.000129,0.077215,0.001038,0.844395,0.000006,0.000249,0.000319,6,
0.024524,0.004380,0.472020,0.051238,0.304803,0.007487,0.072267,0.058264,0.000191,0.004827,2,
0.017303,0.018586,0.014283,0.006315,0.572324,0.022051,0.066110,0.014737,0.019754,0.248537,0,
0.000416,0.000004,0.002616,0.000001,0.013635,0.000084,0.982797,0.000000,0.000265,0.000182,6,
0.245772,0.000000,0.619791,0.059381,0.001248,0.056484,0.007347,0.000030,0.009884,0.000062,0,
0.026941,0.000145,0.000404,0.028764,0.064687,0.099918,0.000106,0.129984,0.112342,0.536709,5,
0.005244,0.000003,0.079100,0.000058,0.003158,0.001005,0.909174,0.000000,0.002202,0.000057,6,
0.020252,0.000016,0.007948,0.000141,0.279692,0.008868,0.628942,0.000018,0.027729,0.026394,6,
0.001134,0.000854,0.000043,0.020614,0.006617,0.006873,0.000001,0.876301,0.001893,0.085670,7,
0.000029,0.995284,0.001491,0.000672,0.000645,0.000074,0.000363,0.000924,0.000032,0.000486,1,
0.228798,0.000000,0.036102,0.007002,0.009598,0.152497,0.025199,0.000017,0.535648,0.005139,8,
0.002108,0.000053,0.020261,0.000041,0.073638,0.000438,0.902368,0.000005,0.000280,0.000808,6,
0.001241,0.002347,0.000309,0.031746,0.009689,0.004042,0.000007,0.924082,0.000388,0.026148,7,
0.358143,0.000000,0.002568,0.010592,0.000781,0.236075,0.000117,0.000016,0.390763,0.000945,8,
0.022099,0.010472,0.006732,0.034425,0.312744,0.042830,0.003774,0.196604,0.018794,0.351526,9,
0.060677,0.000695,0.004116,0.058022,0.109706,0.154885,0.001164,0.074662,0.158292,0.377782,5,
0.007589,0.678371,0.049866,0.156318,0.007371,0.025210,0.001734,0.036571,0.016653,0.020317,1,
0.333239,0.000000,0.001172,0.016962,0.073899,0.294431,0.000348,0.005108,0.195768,0.079074,4,
0.017212,0.003652,0.576843,0.034830,0.237125,0.004262,0.091046,0.032678,0.000085,0.002267,2,
0.556824,0.000000,0.076091,0.022290,0.161761,0.129166,0.024461,0.001188,0.020950,0.007268,0,
0.000672,0.964394,0.013129,0.008860,0.001571,0.002151,0.001850,0.001442,0.002709,0.003223,1,
0.031414,0.041518,0.023777,0.383909,0.024090,0.104726,0.000616,0.245217,0.050353,0.094379,3,
0.008351,0.011494,0.904088,0.040834,0.001516,0.005383,0.026593,0.000219,0.001359,0.000163,2,
0.052054,0.000024,0.000952,0.005050,0.189607,0.094495,0.002701,0.006306,0.215446,0.433367,9,
0.059529,0.000000,0.000687,0.005363,0.000654,0.119689,0.000096,0.000028,0.808973,0.004981,8,
0.001429,0.003952,0.159577,0.826751,0.000000,0.005531,0.000003,0.000069,0.002687,0.000002,3,
0.005972,0.018217,0.169369,0.001523,0.052289,0.003161,0.743376,0.000090,0.002771,0.003232,6,
0.044473,0.009812,0.040002,0.356206,0.002182,0.178957,0.000568,0.007935,0.339826,0.020040,8,
0.129499,0.000027,0.017320,0.071522,0.006586,0.244308,0.001291,0.001289,0.506836,0.021322,8,
0.115814,0.000005,0.001594,0.017074,0.173562,0.175840,0.001176,0.018762,0.182242,0.313931,0,
0.036835,0.001230,0.027320,0.141029,0.174577,0.036146,0.001571,0.531167,0.002360,0.047764,3,
0.024215,0.012281,0.004776,0.145514,0.051646,0.088412,0.000350,0.360876,0.051317,0.260613,3,
0.004327,0.016057,0.000356,0.039374,0.026532,0.027006,0.000039,0.508100,0.021186,0.357022,7,
0.583728,0.000000,0.087628,0.168001,0.005857,0.144969,0.000445,0.001673,0.007284,0.000416,0,
0.006739,0.000003,0.058236,0.000105,0.073310,0.000808,0.860256,0.000006,0.000211,0.000327,6,
0.008583,0.063346,0.003790,0.011381,0.311348,0.020924,0.006706,0.087593,0.018121,0.468209,7,
0.493820,0.000000,0.001523,0.004077,0.000035,0.178344,0.000019,0.000000,0.322156,0.000027,8,
0.021169,0.000049,0.018479,0.799746,0.000015,0.086004,0.000004,0.001147,0.073149,0.000239,3,
0.003431,0.000001,0.006956,0.000011,0.055525,0.000641,0.931524,0.000000,0.001104,0.000806,6,
0.002041,0.034923,0.000230,0.014324,0.047980,0.011431,0.000070,0.467312,0.008176,0.413512,7,
0.159498,0.000000,0.055772,0.000099,0.061494,0.007603,0.712748,0.000000,0.002638,0.000147,6,
0.030161,0.019472,0.015142,0.488892,0.007875,0.130638,0.000188,0.155663,0.088286,0.063682,3,
0.098355,0.000846,0.377686,0.066065,0.003452,0.118125,0.036189,0.000102,0.296045,0.003134,6,
0.001885,0.000000,0.003758,0.000003,0.025256,0.000272,0.967960,0.000000,0.000620,0.000245,6,
0.027824,0.001032,0.265942,0.009576,0.387890,0.007791,0.287996,0.004593,0.000699,0.006658,4,
0.099530,0.000498,0.017464,0.023331,0.102791,0.165529,0.017748,0.003360,0.401288,0.168463,0,
0.161393,0.000341,0.248560,0.156825,0.237923,0.085288,0.025415,0.052256,0.008332,0.023666,4,
0.131083,0.000000,0.698340,0.110487,0.000035,0.045655,0.000839,0.000004,0.013551,0.000005,8,
0.010505,0.061068,0.009043,0.006523,0.487139,0.017567,0.037275,0.026263,0.016843,0.327775,4,
0.000970,0.001290,0.000052,0.020176,0.006589,0.005598,0.000002,0.892567,0.001352,0.071403,7,
0.001204,0.001555,0.000050,0.019451,0.008724,0.007562,0.000002,0.841123,0.002527,0.117802,9,
0.098842,0.000001,0.001447,0.002970,0.042639,0.133448,0.003620,0.000247,0.629370,0.087416,8,
0.071451,0.000005,0.001403,0.026902,0.006256,0.200717,0.000183,0.001919,0.636745,0.054419,0,
0.000148,0.980021,0.006899,0.007478,0.000541,0.000419,0.000268,0.003455,0.000142,0.000630,1,
0.001581,0.017523,0.000285,0.038836,0.011210,0.008827,0.000011,0.822737,0.002722,0.096268,7,
0.006833,0.000015,0.317177,0.668265,0.000002,0.007003,0.000009,0.000113,0.000581,0.000001,3,
0.000347,0.973259,0.013995,0.003430,0.001618,0.000818,0.003600,0.000618,0.000806,0.001508,1,
0.000304,0.003086,0.027026,0.967268,0.000000,0.001493,0.000000,0.000626,0.000197,0.000001,3,
0.002356,0.456669,0.007337,0.001798,0.300409,0.003985,0.066311,0.008420,0.004562,0.148152,1,
0.002319,0.000003,0.000005,0.028700,0.001719,0.017123,0.000000,0.878364,0.004937,0.066829,7,
0.120854,0.000007,0.001679,0.108900,0.061617,0.245566,0.000105,0.161760,0.102086,0.197427,5,
0.012639,0.000000,0.116158,0.000128,0.035241,0.000988,0.834570,0.000002,0.000188,0.000085,6,
0.014070,0.000001,0.139237,0.000277,0.079776,0.001243,0.765032,0.000011,0.000151,0.000204,2,
0.013227,0.011077,0.002577,0.033863,0.181224,0.034980,0.000964,0.320490,0.016225,0.385372,9,
0.014238,0.101275,0.007941,0.024353,0.233907,0.037766,0.008202,0.083965,0.038851,0.449502,9,
0.055338,0.000131,0.010358,0.606242,0.001361,0.182754,0.000029,0.036695,0.096267,0.010825,5,
0.548858,0.000000,0.303678,0.018706,0.012567,0.076561,0.027240,0.000036,0.012094,0.000261,6,
0.418990,0.000000,0.131369,0.031517,0.273076,0.089647,0.036073,0.003600,0.007975,0.007753,0,
0.063660,0.000007,0.008866,0.083363,0.000270,0.182607,0.000106,0.000195,0.658151,0.002777,5,
0.004937,0.007590,0.042524,0.000668,0.306704,0.002290,0.620642,0.000434,0.001225,0.012985,6,
0.227381,0.000003,0.009949,0.019470,0.318323,0.173519,0.008814,0.008750,0.101174,0.132615,9,
0.004940,0.300052,0.012964,0.025400,0.239103,0.008698,0.006212,0.276566,0.001857,0.124209,4,
0.147380,0.000946,0.360438,0.093918,0.018380,0.147625,0.047629,0.000789,0.172940,0.009955,8,
0.002686,0.053142,0.064978,0.855114,0.000037,0.010291,0.000015,0.011326,0.002235,0.000175,3,
0.003136,0.003517,0.000182,0.025044,0.028714,0.015792,0.000019,0.669874,0.006962,0.246761,7,
0.103944,0.000425,0.022998,0.175594,0.010704,0.258712,0.001063,0.009111,0.371907,0.045542,0,
0.023332,0.012241,0.055740,0.004777,0.453777,0.018822,0.331994,0.002505,0.017361,0.079452,6,
0.000433,0.000002,0.000002,0.017078,0.000355,0.003486,0.000000,0.964743,0.000488,0.013412,7,
0.028735,0.003047,0.028372,0.004856,0.616940,0.022779,0.157712,0.004811,0.016744,0.116004,3,
0.000504,0.966741,0.005002,0.009573,0.002101,0.001967,0.000605,0.005496,0.001891,0.006122,1,
0.007080,0.000003,0.975103,0.007002,0.000008,0.002370,0.006819,0.000000,0.001614,0.000001,2,
0.214115,0.000000,0.000067,0.005763,0.015709,0.285228,0.000017,0.001596,0.411751,0.065753,5,
0.021893,0.000792,0.033102,0.001495,0.480048,0.011520,0.400108,0.000678,0.009450,0.040914,4,
0.032968,0.069237,0.023808,0.055092,0.234951,0.073518,0.014285,0.077289,0.066169,0.352683,8,
0.002512,0.455819,0.004695,0.003829,0.259800,0.005394,0.017864,0.033140,0.004585,0.212362,4,
0.003351,0.000016,0.041847,0.942981,0.000000,0.009509,0.000000,0.000131,0.002164,0.000001,3,
0.099028,0.002924,0.077723,0.138557,0.014041,0.211796,0.007190,0.003478,0.408558,0.036704,2,
0.022005,0.026961,0.711200,0.026503,0.007094,0.019669,0.161502,0.000143,0.023113,0.001810,2,
0.321085,0.000022,0.082638,0.070277,0.122794,0.226395,0.020065,0.005386,0.111843,0.039493,0,
0.017667,0.000010,0.475868,0.001066,0.004070,0.003470,0.495510,0.000001,0.002268,0.000070,2,
0.012788,0.026498,0.008612,0.004554,0.516795,0.019475,0.053551,0.012831,0.023999,0.320897,9,
0.097481,0.000043,0.028574,0.002121,0.218743,0.064855,0.318793,0.000113,0.209879,0.059399,5,
0.000868,0.921764,0.038037,0.011618,0.009112,0.001319,0.005904,0.008139,0.000318,0.002921,1,
0.076048,0.050144,0.103092,0.198284,0.071868,0.164470,0.014827,0.035657,0.161295,0.124315,8,
0.826193,0.000000,0.006385,0.000006,0.000133,0.021969,0.035294,0.000000,0.110018,0.000001,0,
0.000071,0.991941,0.003398,0.001584,0.000641,0.000190,0.000559,0.000882,0.000109,0.000624,1,
0.124485,0.000158,0.023096,0.072251,0.382881,0.115820,0.006268,0.104200,0.025897,0.144944,5,
0.025416,0.000479,0.000694,0.018366,0.068709,0.094896,0.000404,0.040979,0.198170,0.551888,8,
0.004876,0.000003,0.000055,0.060382,0.003194,0.016819,0.000000,0.890711,0.001615,0.022346,7,
0.357126,0.000000,0.025648,0.000037,0.038704,0.012297,0.558662,0.000000,0.007441,0.000085,0,
0.003270,0.000090,0.966511,0.007829,0.000001,0.002940,0.004547,0.000000,0.014812,0.000000,2,
0.156825,0.000001,0.010741,0.034049,0.002510,0.224137,0.000756,0.000184,0.564161,0.006637,8,
0.013323,0.000148,0.931826,0.022316,0.001780,0.003846,0.026238,0.000094,0.000383,0.000046,2,
0.145687,0.001685,0.167843,0.118557,0.273078,0.118525,0.038693,0.037671,0.031804,0.066457,2,
0.807764,0.000000,0.010187,0.010758,0.030239,0.125739,0.001046,0.000263,0.012763,0.001242,0,
0.033774,0.001002,0.005519,0.005167,0.446860,0.046788,0.028264,0.007607,0.071791,0.353229,4,
0.108869,0.000408,0.014639,0.055501,0.062027,0.217416,0.004681,0.009428,0.372914,0.154117,8,
0.330721,0.000000,0.010389,0.044788,0.023398,0.306829,0.001214,0.001798,0.257643,0.023220,5,
0.004346,0.000195,0.000046,0.025586,0.014471,0.027333,0.000003,0.621757,0.016036,0.290228,7,
0.008154,0.060782,0.003235,0.011161,0.291176,0.020871,0.005583,0.090941,0.018825,0.489273,8,
0.000603,0.111153,0.000275,0.034069,0.005423,0.004052,0.000008,0.789526,0.001187,0.053704,7,
0.081252,0.000448,0.009071,0.029203,0.066888,0.174514,0.005621,0.005692,0.434502,0.192810,8,
0.049405,0.003518,0.431604,0.015883,0.065473,0.028803,0.376058,0.000421,0.021372,0.007463,6,
0.711389,0.000000,0.110987,0.033293,0.006618,0.119384,0.003249,0.000082,0.014739,0.000259,0,
0.176758,0.000000,0.000206,0.005571,0.042569,0.236340,0.000132,0.002022,0.411094,0.125308,9,
0.021022,0.167773,0.244341,0.014409,0.078275,0.023995,0.384891,0.000946,0.037804,0.026545,4,
0.052054,0.000277,0.004337,0.009122,0.366338,0.075346,0.010954,0.013381,0.094725,0.373467,8,
0.000185,0.000387,0.000004,0.009441,0.000987,0.001770,0.000000,0.955564,0.000417,0.031245,7,
0.011887,0.169837,0.033444,0.003763,0.262049,0.017935,0.300372,0.001726,0.047893,0.151096,1,
0.000483,0.008833,0.000080,0.015734,0.006829,0.002653,0.000003,0.915179,0.000513,0.049693,7,
0.005999,0.073709,0.183380,0.002865,0.100903,0.003579,0.620381,0.000475,0.002070,0.006639,6,
0.042505,0.000002,0.000113,0.013822,0.046157,0.141813,0.000039,0.042628,0.226074,0.486847,9,
0.050307,0.170927,0.309640,0.100337,0.056859,0.081319,0.083618,0.006544,0.094866,0.045582,6,
0.014417,0.003673,0.001527,0.005719,0.256773,0.035404,0.004967,0.023036,0.063998,0.590485,7,
0.155509,0.000000,0.001268,0.021064,0.024754,0.262854,0.000300,0.003305,0.445220,0.085724,5,
0.069802,0.000071,0.176939,0.004011,0.163742,0.023197,0.540599,0.000170,0.013957,0.007512,6,
0.473223,0.000000,0.335244,0.037861,0.000062,0.102211,0.001317,0.000001,0.050075,0.000006,8,
0.304000,0.000000,0.016939,0.336565,0.017746,0.239437,0.000126,0.052436,0.023050,0.009701,0,
0.026564,0.000003,0.046024,0.859474,0.000008,0.052448,0.000004,0.000493,0.014949,0.000032,3,
0.027481,0.000000,0.123426,0.000259,0.082358,0.002141,0.763794,0.000006,0.000321,0.000214,6,
0.197192,0.000019,0.206300,0.044908,0.004188,0.168176,0.022862,0.000060,0.353619,0.002678,0,
0.573618,0.000000,0.000043,0.056941,0.000883,0.338164,0.000000,0.006936,0.022076,0.001339,0,
0.001732,0.844542,0.032999,0.003818,0.041043,0.002570,0.054120,0.002359,0.002126,0.014692,6,
0.001986,0.002207,0.000146,0.047221,0.006228,0.011662,0.000003,0.851896,0.003320,0.075332,7,
0.000207,0.974013,0.003461,0.005796,0.002284,0.000634,0.000379,0.009848,0.000250,0.003128,1,
0.094140,0.000001,0.001859,0.208915,0.030894,0.118917,0.000018,0.501668,0.008501,0.035087,7,
0.039148,0.012346,0.363468,0.015761,0.093938,0.026795,0.413245,0.000762,0.021451,0.013086,3,
0.095443,0.000002,0.343227,0.005510,0.226096,0.011622,0.315617,0.000410,0.000791,0.001281,4,
0.561791,0.000000,0.148854,0.012094,0.155856,0.063661,0.050962,0.000380,0.004783,0.001619,0,
0.018117,0.259537,0.273786,0.019825,0.080065,0.020295,0.282047,0.001923,0.020958,0.023448,6,
0.059455,0.000197,0.003939,0.080813,0.169075,0.104944,0.000551,0.305047,0.029856,0.246122,9,
0.000020,0.995857,0.000786,0.000745,0.000417,0.000065,0.000123,0.001472,0.000027,0.000488,1,
0.041262,0.000000,0.093271,0.000165,0.071482,0.002734,0.790369,0.000002,0.000542,0.000173,6,
0.073413,0.000322,0.005118,0.027721,0.191928,0.137962,0.003832,0.028276,0.164063,0.367364,8,
0.029844,0.019080,0.052735,0.005687,0.337022,0.032257,0.338939,0.001639,0.060690,0.122108,8,
0.002826,0.005792,0.000224,0.024747,0.030854,0.013734,0.000025,0.687149,0.005621,0.229029,7,
0.002356,0.000039,0.037150,0.000038,0.005376,0.000695,0.951876,0.000000,0.002290,0.000180,6,
0.073684,0.000211,0.004470,0.020000,0.196811,0.132799,0.004607,0.017955,0.186477,0.362985,8,
0.744892,0.000000,0.000275,0.010434,0.000720,0.208882,0.000002,0.000074,0.034455,0.000265,0,
0.004122,0.019930,0.250950,0.708940,0.000013,0.011293,0.000054,0.000836,0.003824,0.000038,3,
0.031426,0.007927,0.008146,0.295458,0.002979,0.183705,0.000136,0.028330,0.382040,0.059855,2,
0.030122,0.014230,0.564421,0.017167,0.013504,0.025209,0.291811,0.000107,0.040131,0.003299,2,
0.176162,0.000192,0.155158,0.162870,0.008445,0.226119,0.007245,0.001360,0.252879,0.009568,5,
0.000110,0.000000,0.011844,0.986995,0.000000,0.000661,0.000000,0.000000,0.000391,0.000000,3,
0.075304,0.000063,0.001961,0.057130,0.120880,0.163843,0.000390,0.129112,0.100545,0.350773,5,
0.111343,0.000001,0.001044,0.005189,0.161928,0.148211,0.002355,0.003008,0.300585,0.266336,8,
0.061583,0.000319,0.358318,0.016786,0.001051,0.066495,0.074771,0.000005,0.419766,0.000906,8,
0.028088,0.001681,0.002810,0.015981,0.278134,0.059022,0.003377,0.059278,0.056425,0.495204,9,
0.000758,0.021707,0.000085,0.013872,0.014783,0.004971,0.000009,0.778226,0.002063,0.163527,7,
0.000345,0.003082,0.000028,0.013136,0.003509,0.002307,0.000001,0.934116,0.000483,0.042994,7,
0.018123,0.003316,0.002890,0.004244,0.362250,0.034215,0.016065,0.010786,0.065372,0.482740,4,
0.495356,0.000000,0.009096,0.085679,0.007979,0.309913,0.000172,0.002115,0.085032,0.004659,5,
0.000557,0.000000,0.000913,0.000000,0.006315,0.000104,0.990923,0.000000,0.001068,0.000120,6,
0.801476,0.000000,0.008155,0.035958,0.014432,0.132832,0.000123,0.001418,0.004925,0.000681,0,
0.069985,0.000277,0.032889,0.007607,0.600409,0.045277,0.112726,0.004403,0.027647,0.098778,4,
0.135153,0.000000,0.000164,0.004123,0.044044,0.202443,0.000152,0.001724,0.456689,0.155506,5,
0.002155,0.000000,0.986892,0.006909,0.000000,0.001132,0.000310,0.000000,0.002602,0.000000,2,
0.015328,0.020974,0.005091,0.016360,0.343749,0.032476,0.006835,0.091087,0.024290,0.443811,4,
0.149611,0.000000,0.003123,0.655797,0.000000,0.150058,0.000000,0.000001,0.041410,0.000000,5,
0.039098,0.001437,0.009271,0.008295,0.495033,0.049366,0.031311,0.012577,0.052059,0.301554,4,
0.014927,0.000019,0.931171,0.009385,0.000713,0.003592,0.039475,0.000008,0.000693,0.000017,2,
0.000140,0.987293,0.005044,0.002619,0.001040,0.000376,0.000846,0.001286,0.000239,0.001117,1,
0.001101,0.941589,0.022384,0.005865,0.005857,0.002555,0.010150,0.001207,0.003295,0.005996,1,
0.482808,0.000000,0.047574,0.033220,0.091149,0.219895,0.013270,0.001395,0.093648,0.017041,0,
0.004675,0.818740,0.052441,0.066821,0.003067,0.015926,0.002990,0.004952,0.021120,0.009269,1,
0.392153,0.000000,0.000451,0.041556,0.002244,0.379262,0.000006,0.001493,0.177366,0.005469,0,
0.042843,0.014388,0.013810,0.043771,0.216489,0.096035,0.009496,0.053288,0.108045,0.401835,4,
0.043780,0.061183,0.107712,0.025250,0.314683,0.054574,0.184567,0.008549,0.059602,0.140101,4,
0.000482,0.014857,0.000096,0.015297,0.008202,0.002631,0.000004,0.901788,0.000539,0.056104,7,
0.000250,0.966141,0.006171,0.013414,0.000962,0.000800,0.000210,0.010262,0.000260,0.001529,1,
0.002515,0.000035,0.024057,0.000048,0.073554,0.000479,0.898346,0.000005,0.000264,0.000697,6,
0.045872,0.001161,0.033478,0.007568,0.622113,0.033454,0.119849,0.006361,0.019837,0.110308,4,
0.002328,0.149805,0.002061,0.031846,0.058855,0.007474,0.000297,0.627594,0.001758,0.117982,7,
0.083389,0.000529,0.019092,0.070608,0.375263,0.092624,0.005394,0.151333,0.022021,0.179745,7,
0.285366,0.000001,0.015193,0.066937,0.014573,0.310017,0.001128,0.001842,0.286292,0.018650,8,
0.107975,0.000147,0.535435,0.232782,0.042499,0.044174,0.011108,0.021199,0.002197,0.002485,1,
0.107192,0.000006,0.010957,0.134415,0.000964,0.254907,0.000142,0.000939,0.484230,0.006247,0,
0.599968,0.000000,0.000758,0.003995,0.000239,0.200253,0.000019,0.000002,0.194630,0.000136,0,
0.013854,0.000001,0.135438,0.000260,0.077857,0.001211,0.771023,0.000010,0.000150,0.000196,2,
0.004211,0.053316,0.865654,0.061037,0.000183,0.004762,0.008192,0.000081,0.002498,0.000064,2,
0.066899,0.000000,0.001993,0.483947,0.000089,0.246743,0.000001,0.004548,0.193936,0.001842,5,
0.126068,0.000004,0.406354,0.016046,0.266734,0.018672,0.161091,0.001998,0.000899,0.002134,4,
0.021215,0.001956,0.018914,0.001787,0.557161,0.016222,0.258549,0.001299,0.020104,0.102793,4,
0.000270,0.970050,0.007132,0.004315,0.005333,0.000566,0.001558,0.007506,0.000176,0.003094,1,
0.068302,0.004855,0.083740,0.488068,0.033582,0.110085,0.001550,0.155776,0.021913,0.032130,5,
0.002671,0.335117,0.002470,0.011834,0.159452,0.007975,0.002155,0.204317,0.004212,0.269797,9,
0.848331,0.000000,0.000772,0.009979,0.000349,0.130011,0.000003,0.000021,0.010494,0.000039,0,
0.000265,0.014279,0.000030,0.010182,0.004824,0.002018,0.000001,0.900554,0.000581,0.067265,7,
0.083778,0.014107,0.097025,0.068937,0.044828,0.164087,0.036634,0.003140,0.407411,0.080054,8,
0.003084,0.000001,0.021572,0.000017,0.035873,0.000323,0.938838,0.000001,0.000154,0.000138,6,
0.731576,0.000000,0.005058,0.078671,0.000561,0.174513,0.000007,0.000308,0.009219,0.000088,0,
0.138832,0.000170,0.097710,0.079867,0.463936,0.073598,0.022182,0.068855,0.007682,0.047168,4,
0.013774,0.000001,0.000045,0.118351,0.000044,0.172541,0.000000,0.006369,0.676789,0.012087,3,
0.000488,0.967905,0.013024,0.009194,0.001400,0.001406,0.001279,0.002141,0.001078,0.002086,1,
0.000412,0.014980,0.000071,0.013726,0.007176,0.002453,0.000003,0.901477,0.000551,0.059151,7,
0.015743,0.152727,0.663669,0.090515,0.006301,0.018842,0.038232,0.001536,0.010125,0.002308,2,
0.062904,0.025423,0.053690,0.109068,0.250108,0.104987,0.016387,0.099300,0.055106,0.223025,5,
0.037032,0.000000,0.054775,0.875847,0.000005,0.030280,0.000001,0.000415,0.001640,0.000004,3,
0.001780,0.038631,0.000177,0.034014,0.011955,0.014801,0.000013,0.629946,0.011593,0.257091,7,
0.065680,0.000030,0.001528,0.008460,0.106343,0.131568,0.002466,0.004688,0.359876,0.319360,8,
0.019341,0.010758,0.007613,0.055672,0.234421,0.036292,0.001913,0.395000,0.009236,0.229756,9,
0.108703,0.011398,0.233304,0.228977,0.031479,0.172906,0.018661,0.009597,0.150835,0.034141,2,
0.734128,0.000000,0.056380,0.024872,0.071712,0.100210,0.004976,0.000957,0.005349,0.001416,0,
0.046712,0.001778,0.111292,0.004099,0.029039,0.047935,0.431286,0.000029,0.311980,0.015851,6,
0.201495,0.000000,0.004996,0.002809,0.140479,0.146681,0.022938,0.000208,0.403152,0.077243,9,
0.585878,0.000000,0.036938,0.013626,0.176371,0.133974,0.017504,0.000864,0.025971,0.008874,0,
0.040679,0.002756,0.007620,0.031918,0.327221,0.071660,0.005507,0.090575,0.044481,0.377583,2,
0.042297,0.000000,0.111090,0.000237,0.082256,0.003010,0.760365,0.000004,0.000527,0.000214,6,
0.019290,0.000017,0.019008,0.000224,0.243465,0.006095,0.693658,0.000026,0.008028,0.010189,6,
0.034415,0.028131,0.019829,0.199863,0.086848,0.087152,0.001544,0.329211,0.033778,0.179230,5,
0.007178,0.000053,0.012429,0.000092,0.177325,0.002468,0.789098,0.000014,0.004010,0.007332,6,
0.114614,0.000999,0.027837,0.199855,0.031893,0.256449,0.001880,0.028619,0.246125,0.091728,9,
0.009747,0.018905,0.010609,0.070929,0.133624,0.015490,0.001045,0.664465,0.001607,0.073580,9,
0.007147,0.131938,0.284995,0.005398,0.057808,0.004973,0.498566,0.000469,0.003298,0.005408,6,
0.062167,0.000352,0.072405,0.006313,0.507785,0.030548,0.259456,0.002011,0.015397,0.043565,2,
0.001472,0.920898,0.012725,0.023880,0.005487,0.004882,0.001351,0.013612,0.003625,0.012068,1,
0.048301,0.000490,0.071441,0.002814,0.244127,0.027458,0.533887,0.000252,0.039764,0.031466,6,
0.252624,0.000000,0.000000,0.001510,0.000099,0.337944,0.000000,0.000090,0.405385,0.002348,8,
0.000652,0.958702,0.014007,0.015655,0.001017,0.002219,0.000841,0.002575,0.001992,0.002341,1,
0.410258,0.000000,0.000413,0.002453,0.004511,0.217859,0.000118,0.000024,0.360333,0.004032,8,
0.000276,0.974950,0.006997,0.009146,0.000999,0.000871,0.000421,0.004259,0.000447,0.001634,1,
0.175191,0.000000,0.000606,0.394701,0.002569,0.114841,0.000000,0.309074,0.001477,0.001540,3,
0.008907,0.000015,0.101112,0.000307,0.109559,0.001220,0.778074,0.000027,0.000219,0.000560,6,
0.076657,0.000293,0.007851,0.035605,0.346369,0.105246,0.004617,0.071248,0.052903,0.299211,4,
0.014304,0.000731,0.000688,0.076721,0.034825,0.054025,0.000038,0.578044,0.020936,0.219688,7,
0.040897,0.036547,0.017575,0.052060,0.112830,0.116616,0.010224,0.027875,0.228999,0.356376,9,
0.052118,0.000196,0.708094,0.032109,0.078939,0.012947,0.110940,0.002456,0.000833,0.001368,4,
0.000057,0.992575,0.002218,0.001113,0.001048,0.000146,0.000551,0.001350,0.000071,0.000872,1,
0.039629,0.000559,0.001887,0.018665,0.099227,0.113169,0.001572,0.021259,0.245571,0.458462,8,
0.001986,0.010992,0.000088,0.011343,0.033192,0.013705,0.000027,0.387594,0.014071,0.527002,9,
0.076200,0.000514,0.005672,0.058238,0.117779,0.173248,0.001743,0.053867,0.179876,0.332864,0,
0.093274,0.005752,0.142921,0.413347,0.014004,0.176375,0.003485,0.019910,0.107874,0.023056,7,
0.000510,0.013159,0.000102,0.015992,0.008243,0.002702,0.000004,0.905170,0.000529,0.053588,7,
0.043973,0.000369,0.002688,0.015278,0.272574,0.081933,0.003317,0.037644,0.085110,0.457114,7,
0.234466,0.000000,0.000063,0.022546,0.011733,0.385695,0.000003,0.012559,0.261680,0.071255,5,
0.016677,0.002669,0.083493,0.355640,0.000011,0.086049,0.000096,0.000060,0.455052,0.000253,2,
0.750933,0.000000,0.005910,0.037676,0.000023,0.173237,0.000004,0.000003,0.032208,0.000006,0,
0.608823,0.000000,0.017250,0.005541,0.004360,0.173058,0.003640,0.000006,0.186564,0.000758,0,
0.000392,0.971649,0.015008,0.005697,0.001050,0.001043,0.002040,0.000792,0.001003,0.001326,1,
0.716989,0.000000,0.001738,0.084520,0.000208,0.187581,0.000001,0.000292,0.008620,0.000051,0,
0.037093,0.000001,0.000048,0.031361,0.021208,0.161921,0.000004,0.170830,0.156425,0.421110,7,
0.018602,0.006497,0.200019,0.003111,0.041689,0.012491,0.687204,0.000059,0.024224,0.006104,5,
0.016237,0.001202,0.000550,0.053076,0.042007,0.075548,0.000068,0.304085,0.065954,0.441272,5,
0.153665,0.000093,0.577019,0.122553,0.016945,0.079684,0.026451,0.001364,0.019959,0.002268,7,
0.014664,0.001641,0.000710,0.013887,0.139764,0.047666,0.000593,0.096404,0.056819,0.627852,4,
0.472018,0.000000,0.007206,0.294777,0.011079,0.143085,0.000012,0.068752,0.001837,0.001234,0,
0.229616,0.000005,0.063511,0.005192,0.124428,0.114459,0.212179,0.000094,0.226895,0.023621,8,
0.188311,0.000000,0.000405,0.047908,0.044503,0.326311,0.000033,0.054106,0.172591,0.165832,5,
0.680693,0.000000,0.000867,0.121228,0.000606,0.189314,0.000000,0.002865,0.004280,0.000146,0,
0.064458,0.001092,0.010864,0.223986,0.068573,0.140643,0.000524,0.298836,0.044817,0.146208,5,
0.026355,0.000036,0.005225,0.519168,0.000031,0.154356,0.000003,0.001587,0.292046,0.001193,3,
0.022026,0.034908,0.007908,0.065640,0.160952,0.060737,0.002343,0.229411,0.038031,0.378045,4,
0.000910,0.798991,0.025923,0.001185,0.049547,0.001074,0.110727,0.000911,0.000899,0.009833,6,
0.576086,0.000000,0.035674,0.174994,0.000039,0.186790,0.000012,0.000022,0.026371,0.000012,0,
0.283030,0.000001,0.007554,0.053108,0.198536,0.238461,0.001623,0.033077,0.074539,0.110071,5,
0.076808,0.016566,0.054926,0.054494,0.192431,0.133978,0.040267,0.015858,0.187333,0.227339,0,
0.001171,0.794753,0.014920,0.002923,0.112049,0.001579,0.032984,0.011736,0.000625,0.027260,1,
0.010012,0.000074,0.009221,0.915022,0.000014,0.043614,0.000001,0.005062,0.016771,0.000209,3,
0.068912,0.019361,0.214475,0.389805,0.007991,0.145066,0.005080,0.009489,0.124501,0.015320,5,
0.005751,0.181706,0.003289,0.116265,0.021258,0.029613,0.000166,0.472037,0.016301,0.153615,9,
0.000435,0.963839,0.016570,0.009284,0.001941,0.001005,0.001499,0.003367,0.000439,0.001621,1,
0.389481,0.000000,0.006682,0.004364,0.008323,0.189871,0.003262,0.000016,0.394221,0.003780,8,
0.013313,0.022481,0.078491,0.002537,0.220985,0.010014,0.607898,0.000556,0.012483,0.031241,6,
0.000873,0.000790,0.000017,0.015101,0.005253,0.007122,0.000001,0.833009,0.003114,0.134720,7,
0.222389,0.000000,0.000000,0.001370,0.000062,0.338030,0.000000,0.000088,0.435893,0.002167,5,
0.005707,0.007083,0.135076,0.001024,0.066066,0.002501,0.777876,0.000078,0.001774,0.002815,6,
0.016956,0.000008,0.000075,0.054465,0.015757,0.074649,0.000002,0.586690,0.030317,0.221081,5,
0.000177,0.362599,0.226509,0.409673,0.000001,0.000520,0.000007,0.000459,0.000055,0.000001,7,
0.527735,0.000000,0.068536,0.035057,0.202160,0.127058,0.013846,0.003872,0.012808,0.008927,3,
0.000678,0.001188,0.000060,0.058023,0.000834,0.005067,0.000000,0.916923,0.000909,0.016318,7,
0.006693,0.053327,0.001949,0.017904,0.187463,0.020816,0.001458,0.226316,0.014047,0.470027,9,
0.001336,0.000006,0.010672,0.000009,0.025192,0.000237,0.961996,0.000000,0.000299,0.000253,6,
0.000185,0.969261,0.004568,0.019380,0.000156,0.000907,0.000053,0.004265,0.000525,0.000700,1,
0.018344,0.000035,0.000175,0.087465,0.013697,0.085525,0.000004,0.560431,0.038217,0.196106,3,
0.001944,0.000696,0.000046,0.021911,0.010348,0.012410,0.000002,0.779124,0.005143,0.168376,7,
0.013167,0.043915,0.004809,0.015727,0.274980,0.033173,0.007042,0.072639,0.034844,0.499704,9,
0.110718,0.000060,0.061425,0.009464,0.561674,0.049046,0.139247,0.003169,0.018463,0.046734,4,
0.013369,0.046708,0.007204,0.015672,0.374830,0.027154,0.011013,0.083458,0.019705,0.400887,9,
0.006489,0.000073,0.095649,0.000275,0.047277,0.001374,0.847581,0.000010,0.000665,0.000607,6,
0.184505,0.000000,0.000139,0.014018,0.016966,0.310052,0.000020,0.005052,0.380317,0.088931,5,
0.006003,0.000346,0.028707,0.000178,0.081983,0.002465,0.871497,0.000012,0.004455,0.004355,6,
0.656189,0.000000,0.001700,0.114804,0.005706,0.202061,0.000004,0.013089,0.005362,0.001085,0,
0.057631,0.000000,0.000003,0.015907,0.002919,0.280625,0.000000,0.032425,0.436887,0.173603,5,
0.129151,0.000000,0.755743,0.014882,0.003024,0.026810,0.061945,0.000010,0.008341,0.000094,6,
0.000444,0.000002,0.075741,0.922432,0.000000,0.001185,0.000000,0.000002,0.000194,0.000000,2,
0.064511,0.000008,0.004645,0.310452,0.000282,0.246187,0.000012,0.003147,0.365903,0.004853,3,
0.172425,0.000000,0.075958,0.530645,0.000082,0.169234,0.000036,0.000303,0.051208,0.000108,5,
0.030506,0.000002,0.030191,0.754622,0.001274,0.019528,0.000009,0.163432,0.000190,0.000247,2,
0.317928,0.000000,0.010141,0.008821,0.000011,0.155891,0.000067,0.000000,0.507128,0.000012,8,
0.039920,0.000000,0.035292,0.000190,0.151533,0.006064,0.760960,0.000006,0.004112,0.001923,6,
0.000464,0.000011,0.000007,0.020549,0.000622,0.002661,0.000000,0.966254,0.000240,0.009193,7,
0.002754,0.001272,0.000082,0.023182,0.017925,0.016161,0.000006,0.691961,0.007791,0.238865,9,
0.069550,0.002206,0.235177,0.168749,0.001071,0.141684,0.005523,0.000259,0.372899,0.002884,8,
0.339184,0.000000,0.061260,0.002792,0.007390,0.118469,0.071008,0.000002,0.398561,0.001334,0,
0.012496,0.008565,0.002286,0.108079,0.039914,0.045632,0.000127,0.582945,0.016839,0.183118,7,
0.078921,0.000001,0.000297,0.071335,0.041359,0.208104,0.000016,0.246621,0.092207,0.261138,7,
0.031365,0.000076,0.000307,0.051367,0.021325,0.155959,0.000030,0.108439,0.235535,0.395597,8,
0.010879,0.000324,0.933886,0.034634,0.001333,0.003656,0.014765,0.000177,0.000304,0.000043,2,
0.672826,0.000000,0.002274,0.034644,0.019658,0.237065,0.000066,0.003179,0.025808,0.004479,0,
0.029143,0.000213,0.108443,0.653402,0.000018,0.088709,0.000049,0.000200,0.119683,0.000140,3,
0.141998,0.000006,0.002123,0.084161,0.045426,0.293606,0.000186,0.050844,0.212998,0.168651,5,
0.096280,0.000063,0.010659,0.147998,0.163430,0.109563,0.000660,0.359736,0.013479,0.098132,4,
0.104548,0.000220,0.058986,0.111814,0.003067,0.207836,0.002662,0.000652,0.500698,0.009518,8,
0.098804,0.002725,0.046203,0.091588,0.032623,0.210149,0.009143,0.005515,0.421562,0.081688,6,
0.269080,0.000004,0.014663,0.043509,0.061816,0.279928,0.003675,0.003819,0.264487,0.059018,0,
0.061906,0.000001,0.000253,0.035843,0.006492,0.238139,0.000017,0.011880,0.526182,0.119286,5,
0.056980,0.002143,0.028481,0.033088,0.540325,0.057276,0.022753,0.061835,0.018950,0.178169,4,
0.000047,0.993436,0.002282,0.000491,0.001068,0.000111,0.001355,0.000376,0.000086,0.000747,1,
0.002021,0.000002,0.007669,0.000007,0.016754,0.000414,0.971626,0.000000,0.001205,0.000302,6,
0.017848,0.000005,0.219501,0.000801,0.118541,0.001894,0.640804,0.000056,0.000167,0.000383,6,
0.003822,0.001015,0.889419,0.102097,0.000054,0.002299,0.000974,0.000118,0.000196,0.000006,2,
0.554005,0.000000,0.297518,0.006228,0.000172,0.072607,0.010152,0.000000,0.059311,0.000007,2,
0.010610,0.005739,0.065254,0.864062,0.000130,0.033141,0.000036,0.010482,0.009991,0.000556,3,
0.013664,0.023417,0.004004,0.021509,0.274964,0.032788,0.003491,0.151419,0.021633,0.453112,4,
0.004470,0.000012,0.972659,0.018464,0.000004,0.001972,0.001622,0.000000,0.000797,0.000000,2,
0.006322,0.036784,0.001681,0.047079,0.068834,0.023749,0.000260,0.537701,0.010275,0.267315,7,
0.042443,0.001333,0.024400,0.003890,0.495691,0.037029,0.196459,0.001748,0.054850,0.142157,4,
0.873753,0.000000,0.011850,0.003226,0.001483,0.088682,0.000699,0.000002,0.020258,0.000048,8,
0.000094,0.986964,0.001539,0.001216,0.002840,0.000272,0.000703,0.002981,0.000168,0.003223,1,
0.003397,0.019681,0.000402,0.030119,0.036986,0.017648,0.000056,0.581987,0.009792,0.299934,7,
0.123608,0.000001,0.002746,0.014083,0.015997,0.202830,0.001026,0.000721,0.590071,0.048918,0,
0.053019,0.002156,0.007296,0.038079,0.206176,0.112243,0.004552,0.053768,0.115566,0.407144,8,
0.042408,0.000737,0.003815,0.051415,0.215393,0.082962,0.001080,0.223530,0.034383,0.344278,9,
0.230457,0.000000,0.031786,0.000404,0.195890,0.032004,0.477457,0.000006,0.028357,0.003638,0,
0.000341,0.004115,0.000028,0.012534,0.003864,0.002372,0.000001,0.925662,0.000553,0.050530,7,
0.209451,0.000000,0.000070,0.000707,0.016860,0.167582,0.000134,0.000049,0.574651,0.030496,8,
0.046681,0.000000,0.000791,0.086787,0.000064,0.199960,0.000003,0.000345,0.663172,0.002197,8,
0.074250,0.000008,0.005714,0.264191,0.000423,0.254898,0.000023,0.002747,0.391988,0.005758,5,
0.006414,0.038849,0.001340,0.010171,0.194857,0.021081,0.001920,0.108734,0.023221,0.593413,9,
0.021492,0.000396,0.686663,0.008572,0.026274,0.005645,0.249354,0.000176,0.000925,0.000501,6,
0.092653,0.016301,0.236912,0.053341,0.076990,0.120232,0.139249,0.002048,0.209846,0.052429,0,
0.011595,0.000000,0.035728,0.000013,0.014234,0.000576,0.937592,0.000000,0.000239,0.000022,6,
0.273069,0.000000,0.041561,0.001918,0.330098,0.059258,0.244571,0.000086,0.037176,0.012263,2,
0.505332,0.000000,0.111470,0.003584,0.174461,0.052031,0.143099,0.000065,0.008302,0.001657,6,
0.020843,0.000027,0.319557,0.002161,0.162524,0.002665,0.491121,0.000266,0.000169,0.000667,2,
0.019891,0.002949,0.004966,0.002687,0.468415,0.028844,0.050533,0.004298,0.059911,0.357507,9,
0.203289,0.000002,0.009121,0.005575,0.331671,0.134666,0.030928,0.001169,0.169708,0.113872,4,
0.005974,0.697155,0.097127,0.149276,0.002265,0.018239,0.002040,0.008669,0.013860,0.005394,1,
0.001128,0.000545,0.000155,0.031754,0.005336,0.003900,0.000002,0.938152,0.000334,0.018694,7,
0.009523,0.009495,0.100343,0.836962,0.000111,0.027689,0.000054,0.007203,0.008233,0.000386,3,
0.105433,0.000001,0.325710,0.004928,0.221366,0.012324,0.327797,0.000315,0.000900,0.001225,4,
0.000190,0.978413,0.001809,0.002948,0.003008,0.000685,0.000506,0.005758,0.000525,0.006158,1,
0.000202,0.000014,0.000001,0.010661,0.000334,0.002082,0.000000,0.968930,0.000396,0.017380,7,
0.019813,0.009282,0.210437,0.013280,0.482546,0.008106,0.227195,0.013382,0.000865,0.015094,2,
0.023656,0.000001,0.408078,0.000851,0.014762,0.002638,0.549386,0.000004,0.000549,0.000076,2,
0.803395,0.000000,0.000009,0.004709,0.000000,0.162981,0.000000,0.000000,0.028905,0.000000,0,
0.061055,0.000333,0.247478,0.005627,0.073256,0.028349,0.545709,0.000099,0.031425,0.006669,6,
0.241753,0.000000,0.329452,0.072826,0.000011,0.130241,0.000585,0.000000,0.225125,0.000007,3,
0.002369,0.001682,0.018762,0.000112,0.137970,0.000977,0.831759,0.000031,0.001090,0.005248,4,
0.154720,0.000002,0.566067,0.115659,0.000235,0.091949,0.003467,0.000017,0.067800,0.000084,3,
0.000485,0.000339,0.000026,0.018307,0.002170,0.002707,0.000000,0.953549,0.000359,0.022057,7,
0.066769,0.000015,0.029144,0.578740,0.000119,0.174911,0.000028,0.001351,0.148087,0.000835,5,
0.472591,0.000000,0.001567,0.009013,0.045494,0.264872,0.000552,0.000765,0.180532,0.024614,8,
0.000712,0.000000,0.003626,0.000000,0.002315,0.000068,0.993024,0.000000,0.000242,0.000012,6,
0.118224,0.000897,0.077935,0.015306,0.180032,0.115604,0.169432,0.001039,0.235759,0.085772,9,
0.000222,0.968873,0.003031,0.006800,0.002388,0.000727,0.000297,0.013541,0.000286,0.003837,1,
0.135397,0.000527,0.104042,0.048477,0.441657,0.089783,0.059173,0.020826,0.025957,0.074162,4,
0.007551,0.000001,0.001332,0.874290,0.000000,0.056904,0.000000,0.000326,0.059575,0.000023,3,
0.001722,0.004437,0.622554,0.362521,0.000000,0.004534,0.000031,0.000004,0.004197,0.000001,2,
0.046830,0.183569,0.094623,0.091047,0.116829,0.101372,0.038482,0.023832,0.132726,0.170690,5,
0.000259,0.000073,0.000004,0.012741,0.000735,0.002059,0.000000,0.965460,0.000328,0.018341,7,
0.032602,0.002000,0.004230,0.023458,0.304158,0.062907,0.003614,0.088320,0.044076,0.434636,4,
0.024633,0.000065,0.000611,0.001297,0.198295,0.048298,0.007114,0.001513,0.236842,0.481331,9,
0.044606,0.001672,0.019304,0.010326,0.583804,0.044065,0.054077,0.013309,0.030753,0.198085,4,
0.001884,0.000120,0.920558,0.075455,0.000001,0.001452,0.000163,0.000002,0.000366,0.000000,2,
0.054094,0.000000,0.000245,0.008510,0.000731,0.147828,0.000020,0.000146,0.777857,0.010569,8,
0.061473,0.001970,0.107878,0.008590,0.319468,0.041616,0.364569,0.001299,0.040906,0.052232,5,
0.719016,0.000000,0.002762,0.030013,0.000001,0.184692,0.000000,0.000000,0.063514,0.000001,0,
0.133160,0.000004,0.076157,0.160920,0.000201,0.208040,0.000448,0.000069,0.420395,0.000606,5,
0.003748,0.054214,0.006388,0.668427,0.000443,0.023543,0.000007,0.230671,0.006740,0.005820,3,
0.027160,0.000590,0.061952,0.001323,0.153111,0.014935,0.695359,0.000082,0.027919,0.017569,0,
0.000493,0.957955,0.007734,0.003151,0.011461,0.001074,0.005048,0.004170,0.000705,0.008207,1,
0.465873,0.000000,0.016144,0.054265,0.000056,0.251715,0.000040,0.000005,0.211851,0.000051,8,
0.005272,0.000112,0.000039,0.025435,0.014599,0.033951,0.000003,0.560866,0.022820,0.336904,9,
0.004965,0.001270,0.000248,0.034600,0.029793,0.021237,0.000019,0.697618,0.007414,0.202837,7,
