0, 1, 2, 3, 4, 5, 6, 7, 8, 9, True
0.003678,0.661775,0.027320,0.134073,0.014348,0.019495,0.004575,0.098907,0.010456,0.025373,3,
0.003118,0.073009,0.003770,0.010221,0.075258,0.250230,0.001635,0.469546,0.004703,0.108510,7,
0.000065,0.979097,0.000913,0.002189,0.000695,0.004292,0.000254,0.011212,0.000248,0.001034,1,
0.005917,0.562835,0.031896,0.196734,0.005129,0.110768,0.004763,0.059123,0.009854,0.012981,3,
0.006872,0.099304,0.005087,0.008698,0.011229,0.808077,0.033408,0.003749,0.011859,0.011716,5,
0.007124,0.657173,0.075307,0.021633,0.008304,0.056549,0.140649,0.008228,0.017411,0.007623,2,
0.209021,0.024489,0.190617,0.034642,0.005995,0.316826,0.109099,0.005563,0.097770,0.005977,0,
0.001092,0.811785,0.002956,0.005651,0.048278,0.035748,0.002247,0.036515,0.002927,0.052799,4,
0.011004,0.029353,0.031828,0.009613,0.150411,0.669447,0.074845,0.008610,0.004983,0.009907,4,
0.004254,0.159941,0.005494,0.056165,0.053635,0.059603,0.003516,0.497948,0.010187,0.149258,7,
0.000034,0.991286,0.001466,0.001102,0.000837,0.001120,0.000479,0.002645,0.000194,0.000836,1,
0.000708,0.945349,0.003321,0.004015,0.007345,0.009592,0.001355,0.006461,0.004783,0.017073,5,
0.000861,0.217020,0.002828,0.012741,0.026913,0.023990,0.000502,0.622180,0.001714,0.091251,7,
0.004374,0.719967,0.028564,0.155342,0.000317,0.068371,0.001736,0.004118,0.015177,0.002033,3,
0.048724,0.087474,0.025142,0.007935,0.004274,0.714787,0.046372,0.002216,0.057978,0.005097,0,
0.003027,0.236696,0.009163,0.023120,0.314926,0.039443,0.004356,0.068738,0.012666,0.287864,4,
0.001332,0.564829,0.003515,0.029775,0.020922,0.009936,0.001294,0.280330,0.003399,0.084667,7,
0.001379,0.039630,0.009381,0.144108,0.010830,0.073152,0.000528,0.682502,0.001976,0.036513,3,
0.145072,0.004595,0.073065,0.461783,0.000582,0.308562,0.000688,0.002768,0.002163,0.000722,0,
0.003935,0.382011,0.008642,0.017780,0.039869,0.188874,0.002898,0.280740,0.009906,0.065346,8,
0.072993,0.128484,0.044041,0.025782,0.007209,0.413657,0.089644,0.005463,0.192396,0.020330,8,
0.004135,0.081583,0.002423,0.023307,0.018715,0.609256,0.000797,0.192237,0.007667,0.059880,5,
0.015214,0.326063,0.015641,0.019353,0.190555,0.079918,0.012330,0.022203,0.035239,0.283484,4,
0.012158,0.269617,0.369759,0.018018,0.091049,0.045624,0.149573,0.022310,0.009790,0.012102,2,
0.006887,0.115504,0.009826,0.005284,0.115717,0.618869,0.020004,0.040856,0.010085,0.056967,0,
0.000264,0.120421,0.003531,0.027037,0.030595,0.011178,0.000318,0.764359,0.000713,0.041586,7,
0.033991,0.018619,0.358744,0.017018,0.070600,0.190181,0.287469,0.009434,0.007387,0.006556,4,
0.003756,0.043185,0.873064,0.031184,0.002940,0.013358,0.022460,0.005320,0.003297,0.001435,2,
0.008300,0.119947,0.424757,0.089252,0.065613,0.026688,0.059630,0.183747,0.006234,0.015832,2,
0.005254,0.430086,0.007748,0.012561,0.099942,0.115562,0.005070,0.189686,0.008823,0.125269,9,
0.000647,0.879013,0.002193,0.004452,0.031962,0.018534,0.001408,0.020793,0.003090,0.037906,9,
0.011138,0.724147,0.007824,0.011647,0.014942,0.073713,0.003147,0.044873,0.019626,0.088943,9,
0.030891,0.010949,0.008556,0.002544,0.008814,0.895314,0.014037,0.003664,0.019255,0.005977,8,
0.007442,0.512781,0.266790,0.088558,0.012654,0.037593,0.031697,0.026760,0.005925,0.009800,2,
0.051660,0.001013,0.002382,0.001581,0.000859,0.922460,0.001941,0.001861,0.013836,0.002408,0,
0.006498,0.009699,0.020937,0.002103,0.625528,0.225073,0.062436,0.013611,0.003812,0.030303,7,
0.000724,0.753335,0.002458,0.009610,0.023280,0.024078,0.000867,0.139062,0.001516,0.045069,4,
0.000241,0.021809,0.001885,0.010512,0.010637,0.008218,0.000109,0.918413,0.000528,0.027648,7,
0.014120,0.509807,0.012921,0.198314,0.004868,0.117018,0.003225,0.038322,0.075814,0.025591,5,
0.027189,0.012641,0.429959,0.015281,0.019942,0.031386,0.446662,0.009642,0.004657,0.002641,6,
0.000671,0.672324,0.004581,0.011038,0.139669,0.022184,0.002114,0.086121,0.001739,0.059559,9,
0.014007,0.039684,0.029985,0.024381,0.100925,0.746391,0.005991,0.009924,0.002715,0.025999,9,
0.000321,0.392645,0.003290,0.017314,0.014924,0.028171,0.000379,0.522172,0.000604,0.020179,7,
0.001727,0.316140,0.003872,0.023925,0.015091,0.140135,0.000950,0.463522,0.002736,0.031901,7,
0.020710,0.186859,0.183834,0.013521,0.106746,0.086401,0.354442,0.016868,0.015928,0.014691,6,
0.007515,0.081175,0.093373,0.020467,0.423799,0.045706,0.043017,0.215235,0.007133,0.062579,2,
0.013553,0.158723,0.037067,0.013384,0.398262,0.117107,0.030335,0.081468,0.014944,0.135156,0,
0.001522,0.013730,0.019131,0.000857,0.063660,0.032303,0.861836,0.000698,0.002144,0.004120,6,
0.139744,0.043091,0.308001,0.085336,0.002372,0.330050,0.060551,0.007202,0.021179,0.002474,0,
0.006397,0.386740,0.005854,0.037810,0.028422,0.158740,0.002296,0.198364,0.022386,0.152989,5,
0.004145,0.028601,0.108952,0.005048,0.018269,0.035116,0.787085,0.001162,0.008796,0.002825,6,
0.002843,0.016293,0.028472,0.003456,0.760097,0.016837,0.108578,0.008470,0.004254,0.050700,6,
0.000813,0.050171,0.002195,0.010597,0.035139,0.050585,0.000495,0.777751,0.001201,0.071052,7,
0.000025,0.992715,0.000550,0.000599,0.000496,0.001627,0.000307,0.003022,0.000096,0.000563,1,
0.036019,0.067564,0.018561,0.009270,0.008411,0.695786,0.070381,0.004068,0.078062,0.011877,8,
0.004040,0.065135,0.038842,0.002337,0.166990,0.061801,0.647351,0.003157,0.003774,0.006572,6,
0.000238,0.060066,0.003327,0.014916,0.039195,0.010669,0.000283,0.836087,0.000448,0.034771,7,
0.046979,0.017479,0.056926,0.074195,0.005329,0.587605,0.014169,0.009456,0.173225,0.014637,8,
0.004064,0.282876,0.012896,0.021627,0.292676,0.071180,0.005334,0.115167,0.005961,0.188217,9,
0.003809,0.371805,0.004745,0.007585,0.008291,0.539835,0.002866,0.037042,0.012004,0.012019,5,
0.000416,0.966206,0.002548,0.004340,0.001183,0.009724,0.000754,0.011565,0.001182,0.002083,1,
0.004253,0.001954,0.001966,0.000634,0.098195,0.865463,0.002882,0.010110,0.002413,0.012130,4,
0.010185,0.091931,0.179272,0.030044,0.284360,0.056308,0.076390,0.214664,0.008072,0.048775,2,
0.037155,0.054439,0.024978,0.027758,0.055605,0.705821,0.019364,0.018830,0.006212,0.049838,0,
0.000102,0.993490,0.001018,0.000544,0.000280,0.001613,0.000354,0.001679,0.000374,0.000546,1,
0.001664,0.750397,0.004218,0.035912,0.004662,0.131031,0.001291,0.051568,0.004594,0.014662,3,
0.002670,0.729074,0.161323,0.023547,0.007300,0.019583,0.026620,0.020788,0.004950,0.004145,2,
0.014339,0.102585,0.007480,0.005112,0.204023,0.473930,0.016662,0.035022,0.025063,0.115783,9,
0.037380,0.161687,0.025215,0.049024,0.009269,0.539666,0.017557,0.005503,0.133541,0.021157,8,
0.003121,0.419537,0.106964,0.409618,0.000787,0.026830,0.003068,0.017153,0.010639,0.002285,3,
0.005127,0.269591,0.071988,0.015337,0.090158,0.073281,0.429459,0.018824,0.009467,0.016769,6,
0.003200,0.912172,0.006042,0.017305,0.001128,0.028565,0.001228,0.010509,0.013715,0.006136,8,
0.016056,0.435629,0.019314,0.062310,0.012003,0.318655,0.012875,0.018515,0.061114,0.043529,8,
0.004397,0.062026,0.007542,0.008643,0.241543,0.451777,0.007477,0.105555,0.011341,0.099699,0,
0.001533,0.038308,0.027364,0.021093,0.337311,0.012441,0.004709,0.441690,0.002703,0.112847,3,
0.000981,0.512044,0.005713,0.022445,0.026219,0.017259,0.000569,0.325546,0.003120,0.086106,3,
0.001816,0.312040,0.003663,0.009921,0.019479,0.024608,0.000446,0.510499,0.003832,0.113696,7,
0.073022,0.013131,0.103146,0.103511,0.005729,0.664792,0.008754,0.013044,0.008678,0.006193,0,
0.011926,0.197755,0.189072,0.023058,0.217417,0.056764,0.227781,0.037158,0.011582,0.027486,6,
0.001440,0.645240,0.005172,0.009090,0.142141,0.041902,0.003571,0.060681,0.003790,0.086974,7,
0.255599,0.008416,0.102953,0.041417,0.004903,0.306392,0.035804,0.001956,0.236516,0.006044,8,
0.008955,0.379822,0.024644,0.337324,0.001432,0.181617,0.001928,0.022657,0.029626,0.011996,3,
0.000752,0.012599,0.009446,0.001642,0.372357,0.037502,0.555974,0.000968,0.001597,0.007164,6,
0.003654,0.332215,0.005005,0.009294,0.041186,0.054642,0.001853,0.407820,0.005119,0.139211,7,
0.053922,0.012209,0.076206,0.003742,0.117522,0.124016,0.585490,0.004612,0.013795,0.008486,6,
0.001125,0.844022,0.003412,0.055399,0.002658,0.024100,0.000524,0.050549,0.005505,0.012705,3,
0.012037,0.579438,0.111542,0.025917,0.014379,0.067905,0.127735,0.011903,0.038770,0.010374,6,
0.005460,0.026536,0.021344,0.001602,0.058754,0.086792,0.786364,0.001227,0.004588,0.007333,6,
0.006236,0.401891,0.082300,0.024210,0.255919,0.080805,0.059864,0.046480,0.005640,0.036654,4,
0.009691,0.596504,0.006782,0.011972,0.015230,0.266294,0.013087,0.011028,0.026316,0.043096,0,
0.013883,0.247778,0.167261,0.099181,0.134170,0.136277,0.029283,0.087542,0.018239,0.066387,4,
0.023411,0.014619,0.689934,0.159913,0.002918,0.025215,0.034379,0.004370,0.042166,0.003076,8,
0.001447,0.611159,0.007194,0.007983,0.225367,0.044701,0.008313,0.032790,0.003843,0.057202,4,
0.001857,0.009223,0.004533,0.005307,0.360902,0.036307,0.001668,0.383491,0.002484,0.194228,7,
0.001098,0.124870,0.002416,0.015412,0.021709,0.049386,0.000644,0.709034,0.002001,0.073431,9,
0.017259,0.219128,0.007438,0.017229,0.018391,0.599711,0.018731,0.004075,0.063323,0.034715,8,
0.024432,0.218260,0.006992,0.019915,0.006595,0.614163,0.005396,0.010912,0.066010,0.027326,0,
0.000007,0.994257,0.000531,0.002174,0.000236,0.000311,0.000056,0.001955,0.000062,0.000410,1,
0.000365,0.643274,0.001696,0.023346,0.004925,0.022049,0.000184,0.278742,0.001458,0.023962,7,
0.007201,0.050561,0.210647,0.685731,0.000718,0.023986,0.002658,0.012320,0.005047,0.001131,3,
0.000150,0.987600,0.001395,0.000762,0.000294,0.006511,0.001276,0.001090,0.000433,0.000488,1,
0.002901,0.246242,0.069956,0.573183,0.002177,0.017482,0.002827,0.075900,0.005171,0.004162,3,
0.000279,0.957550,0.000730,0.000641,0.002070,0.031307,0.002873,0.001354,0.000801,0.002394,1,
0.000393,0.007154,0.001026,0.011794,0.012826,0.029965,0.000072,0.875277,0.000886,0.060606,7,
0.005797,0.081822,0.006585,0.044884,0.065114,0.451026,0.001618,0.197510,0.006734,0.138910,5,
0.014296,0.037545,0.096915,0.006873,0.034655,0.206941,0.590947,0.002465,0.004812,0.004551,6,
0.016738,0.049951,0.424589,0.038877,0.121440,0.052931,0.247013,0.024814,0.007137,0.016509,2,
0.003253,0.107534,0.012237,0.017725,0.395998,0.049796,0.005861,0.134303,0.008494,0.264798,9,
0.000122,0.962524,0.001304,0.004096,0.005443,0.003427,0.000313,0.010363,0.001286,0.011123,9,
0.011369,0.378929,0.023451,0.080503,0.006362,0.314208,0.005026,0.142966,0.022847,0.014337,5,
0.064755,0.133443,0.186035,0.221922,0.026465,0.128319,0.091651,0.066105,0.055315,0.025989,6,
0.045864,0.267548,0.104017,0.031301,0.016071,0.413020,0.035363,0.045973,0.022243,0.018600,0,
0.025812,0.234689,0.014359,0.061121,0.001793,0.550331,0.006224,0.004479,0.089434,0.011758,5,
0.002348,0.121811,0.031070,0.009104,0.544624,0.044736,0.190476,0.021284,0.003783,0.030766,6,
0.004621,0.260679,0.013149,0.029222,0.119219,0.495356,0.008458,0.014162,0.008934,0.046201,9,
0.000614,0.818764,0.014649,0.010766,0.050891,0.013766,0.002814,0.058809,0.002049,0.026877,4,
0.004947,0.787898,0.032266,0.035040,0.013052,0.047500,0.039784,0.011470,0.015939,0.012104,8,
0.000601,0.742155,0.028997,0.183164,0.001416,0.008709,0.001291,0.028709,0.002327,0.002632,3,
0.001918,0.642478,0.003415,0.035599,0.025226,0.019629,0.001915,0.167042,0.005014,0.097764,7,
0.011465,0.675928,0.014078,0.038643,0.008478,0.166507,0.007643,0.023594,0.035726,0.017937,0,
0.003006,0.662198,0.013097,0.009039,0.081306,0.106902,0.081548,0.013942,0.005757,0.023205,6,
0.000060,0.002340,0.000734,0.010842,0.010406,0.001926,0.000017,0.930846,0.000216,0.042613,7,
0.003815,0.142253,0.024225,0.014279,0.577337,0.075385,0.041674,0.040567,0.005702,0.074762,3,
0.000104,0.988750,0.000826,0.000611,0.000491,0.002392,0.000254,0.005274,0.000400,0.000898,1,
0.004280,0.154857,0.751281,0.017159,0.004763,0.013564,0.044077,0.001847,0.005897,0.002275,2,
0.005704,0.009322,0.002915,0.010451,0.071035,0.802433,0.003129,0.032278,0.027075,0.035658,5,
0.003796,0.119499,0.016408,0.005950,0.512016,0.108640,0.195229,0.009824,0.005260,0.023379,4,
0.001052,0.878220,0.004280,0.006686,0.017706,0.018417,0.002256,0.044458,0.003021,0.023905,8,
0.001500,0.818550,0.005647,0.002181,0.070427,0.031708,0.005579,0.034562,0.002242,0.027605,4,
0.008917,0.181042,0.217800,0.510279,0.001280,0.030631,0.002728,0.026117,0.018751,0.002455,3,
0.002837,0.894837,0.007485,0.016995,0.004749,0.028610,0.003746,0.010970,0.012875,0.016897,2,
0.002874,0.858009,0.053700,0.008480,0.003648,0.020003,0.038667,0.004350,0.007214,0.003054,2,
0.011600,0.335284,0.039942,0.047487,0.126192,0.261815,0.039536,0.054693,0.015049,0.068401,0,
0.011568,0.520904,0.223905,0.022172,0.007216,0.029989,0.155966,0.005147,0.016005,0.007126,2,
0.004372,0.170872,0.012288,0.009636,0.537843,0.094652,0.019075,0.031289,0.006971,0.113002,9,
0.010507,0.141460,0.010148,0.006695,0.033883,0.574789,0.180485,0.002313,0.023324,0.016395,5,
0.000024,0.987694,0.001248,0.003174,0.001019,0.002059,0.000703,0.003220,0.000120,0.000740,1,
0.000887,0.927513,0.004742,0.010635,0.006631,0.011853,0.002053,0.020980,0.003513,0.011193,8,
0.529481,0.006148,0.026497,0.005913,0.003807,0.217581,0.095555,0.003043,0.108152,0.003822,0,
0.000115,0.985492,0.001359,0.000842,0.000335,0.008652,0.000930,0.001617,0.000302,0.000356,1,
0.006180,0.061586,0.019146,0.016810,0.337996,0.266386,0.011218,0.201558,0.007079,0.072041,5,
0.006869,0.432115,0.008270,0.019039,0.047632,0.052494,0.002101,0.157157,0.023856,0.250468,8,
0.000818,0.009789,0.003588,0.028010,0.030059,0.090070,0.000532,0.796889,0.001721,0.038522,7,
0.143451,0.016978,0.112413,0.005727,0.015194,0.182610,0.490971,0.003596,0.025352,0.003709,0,
0.003410,0.189135,0.716891,0.007880,0.000848,0.006213,0.061467,0.000696,0.012513,0.000948,2,
0.034242,0.084603,0.026966,0.014232,0.007685,0.696629,0.019828,0.015231,0.087046,0.013538,8,
0.013958,0.266684,0.484837,0.090563,0.010010,0.053485,0.041217,0.022946,0.008199,0.008101,2,
0.004084,0.703292,0.018246,0.025024,0.028807,0.089531,0.010997,0.085406,0.005091,0.029522,2,
0.017906,0.003857,0.003488,0.003318,0.008274,0.951083,0.004203,0.002493,0.001823,0.003554,0,
0.004689,0.116503,0.016732,0.014577,0.515184,0.043715,0.009121,0.050540,0.007627,0.221313,4,
0.004569,0.727322,0.006729,0.029302,0.012056,0.134412,0.004681,0.017123,0.023901,0.039905,8,
0.001934,0.003072,0.001656,0.007167,0.001715,0.973963,0.002026,0.003248,0.003053,0.002166,5,
0.001870,0.087253,0.002772,0.018319,0.016682,0.059233,0.000637,0.711013,0.004639,0.097582,7,
0.004856,0.501065,0.008468,0.009007,0.174238,0.097379,0.008583,0.065524,0.008181,0.122698,8,
0.000266,0.410309,0.001796,0.008006,0.006255,0.008288,0.000095,0.537765,0.000609,0.026612,7,
0.005005,0.793982,0.007986,0.014797,0.022833,0.040627,0.004525,0.021562,0.023085,0.065598,8,
0.008504,0.216886,0.087202,0.026572,0.087776,0.131903,0.369727,0.033215,0.015664,0.022551,6,
0.106812,0.070564,0.087580,0.094430,0.003629,0.542615,0.022805,0.022546,0.041658,0.007362,0,
0.005117,0.010095,0.004725,0.008587,0.402769,0.274010,0.005750,0.024344,0.017792,0.246812,9,
0.002076,0.873207,0.015634,0.003195,0.012758,0.024702,0.053148,0.005676,0.004466,0.005138,4,
0.002373,0.122119,0.003572,0.002222,0.008825,0.821469,0.003854,0.022798,0.005559,0.007208,8,
0.000618,0.031230,0.002795,0.016220,0.040660,0.005305,0.000478,0.820735,0.002124,0.079834,7,
0.001184,0.940392,0.002446,0.000755,0.003087,0.032779,0.012848,0.000924,0.002600,0.002986,1,
0.000849,0.184900,0.003478,0.020737,0.033307,0.003814,0.000807,0.676339,0.001639,0.074130,7,
0.002447,0.569459,0.039859,0.017957,0.076441,0.046823,0.203857,0.020947,0.004736,0.017473,6,
0.002725,0.016725,0.003815,0.014678,0.282319,0.068976,0.001684,0.158984,0.009817,0.440277,9,
0.001434,0.892045,0.016052,0.008478,0.003655,0.047205,0.019199,0.003278,0.005613,0.003041,6,
0.001200,0.844645,0.002871,0.008429,0.036210,0.029822,0.002529,0.013994,0.009696,0.050604,7,
0.008635,0.032611,0.003582,0.017322,0.012712,0.851877,0.003583,0.015402,0.022613,0.031662,5,
0.009258,0.636041,0.097968,0.007164,0.035768,0.078642,0.094713,0.019365,0.011011,0.010070,6,
0.043424,0.015521,0.406478,0.302091,0.004307,0.099003,0.051852,0.005302,0.065859,0.006163,8,
0.011572,0.045284,0.013830,0.050037,0.007289,0.818391,0.002080,0.037156,0.004440,0.009920,0,
0.015296,0.197491,0.065903,0.306484,0.002843,0.384489,0.003247,0.007756,0.009978,0.006512,3,
0.010941,0.012655,0.117393,0.017558,0.074944,0.191840,0.554116,0.010202,0.004504,0.005847,6,
0.030941,0.225870,0.077411,0.012997,0.009699,0.461013,0.100244,0.009052,0.065627,0.007146,0,
0.020319,0.000456,0.000843,0.002753,0.002250,0.948198,0.000205,0.018152,0.002343,0.004480,0,
0.000237,0.956962,0.003601,0.001597,0.018623,0.003620,0.002979,0.006426,0.000505,0.005450,6,
0.000594,0.352723,0.002278,0.036402,0.006727,0.036942,0.000270,0.526738,0.002084,0.035243,7,
0.000041,0.976021,0.001002,0.001602,0.001695,0.001298,0.000194,0.015930,0.000162,0.002054,1,
0.002245,0.010380,0.011469,0.016067,0.125052,0.186158,0.003504,0.598077,0.003947,0.043101,7,
0.002141,0.729142,0.035003,0.014501,0.112574,0.010957,0.046977,0.024799,0.004300,0.019607,3,
0.026512,0.072544,0.358038,0.051873,0.231424,0.082191,0.072322,0.053721,0.011281,0.040091,4,
0.049757,0.008790,0.083418,0.005640,0.170165,0.559022,0.088353,0.013031,0.005369,0.016456,0,
0.001063,0.897570,0.012079,0.005281,0.009650,0.023185,0.037646,0.005582,0.003021,0.004922,6,
0.006199,0.185027,0.012024,0.026642,0.174625,0.220960,0.004253,0.224701,0.005807,0.139761,9,
0.000009,0.989495,0.000459,0.000687,0.000742,0.000341,0.000078,0.007172,0.000060,0.000956,1,
0.018150,0.003842,0.662055,0.083194,0.037517,0.044003,0.138875,0.007293,0.001438,0.003632,6,
0.005584,0.528305,0.006476,0.022184,0.042098,0.241886,0.005742,0.049054,0.018083,0.080586,8,
0.002198,0.817337,0.006587,0.005349,0.010140,0.098517,0.042639,0.002353,0.007225,0.007655,8,
0.001413,0.311694,0.003384,0.016734,0.021956,0.052825,0.000803,0.515148,0.002961,0.073081,7,
0.003498,0.043150,0.078156,0.003992,0.040942,0.028695,0.785139,0.002471,0.007436,0.006520,6,
0.007702,0.399253,0.007643,0.007409,0.038167,0.431732,0.010177,0.038701,0.020141,0.039074,8,
0.041943,0.003196,0.005448,0.005057,0.001466,0.915585,0.001175,0.014355,0.008287,0.003488,0,
0.001477,0.676376,0.045354,0.218593,0.001135,0.026653,0.003137,0.019376,0.004918,0.002982,3,
0.001005,0.933695,0.003030,0.029149,0.000374,0.012833,0.000264,0.003555,0.013245,0.002850,2,
0.005075,0.576237,0.085883,0.019967,0.022522,0.049444,0.203648,0.010712,0.016212,0.010299,2,
0.007298,0.209146,0.009218,0.040430,0.005054,0.681417,0.015352,0.005556,0.017337,0.009193,5,
0.005690,0.005860,0.155715,0.784680,0.000212,0.033938,0.000763,0.001924,0.010908,0.000311,3,
0.004259,0.095572,0.003702,0.028240,0.025438,0.694584,0.002466,0.086341,0.009129,0.050270,5,
0.006118,0.035124,0.002476,0.008681,0.054329,0.781661,0.005793,0.014418,0.015787,0.075612,8,
0.013366,0.666516,0.069006,0.018285,0.003276,0.059633,0.114214,0.001834,0.047939,0.005931,8,
0.005787,0.101531,0.011850,0.009648,0.446977,0.130608,0.011979,0.110884,0.008592,0.162145,9,
0.001683,0.396371,0.003087,0.015373,0.025822,0.025163,0.001252,0.425627,0.002801,0.102820,7,
0.000512,0.076005,0.002631,0.015557,0.026087,0.002601,0.000441,0.814113,0.001166,0.060887,7,
0.003504,0.473657,0.010129,0.015282,0.199719,0.037725,0.004877,0.049615,0.009748,0.195742,4,
0.039817,0.039628,0.006148,0.045936,0.002367,0.815516,0.002060,0.013735,0.015133,0.019659,5,
0.003002,0.012602,0.007433,0.000297,0.022407,0.062059,0.885699,0.000123,0.004149,0.002229,6,
0.033902,0.003765,0.011119,0.005637,0.025249,0.886977,0.005385,0.019266,0.002234,0.006466,0,
0.013928,0.215650,0.047588,0.015101,0.363321,0.113958,0.047122,0.070251,0.013988,0.099093,4,
0.002499,0.002124,0.000490,0.000510,0.002144,0.979090,0.000516,0.004750,0.005595,0.002282,5,
0.001335,0.004698,0.906249,0.003734,0.000564,0.002193,0.076244,0.000362,0.004492,0.000128,2,
0.002598,0.584296,0.009668,0.007565,0.095940,0.053867,0.004307,0.168238,0.004379,0.069142,4,
0.063681,0.001422,0.018633,0.244328,0.000225,0.660212,0.000617,0.000587,0.009782,0.000513,5,
0.002575,0.680130,0.008894,0.017142,0.082150,0.026132,0.003224,0.042795,0.006687,0.130271,4,
0.002986,0.046418,0.580276,0.010027,0.015275,0.019428,0.312731,0.006579,0.004416,0.001863,2,
0.000100,0.988876,0.001266,0.000805,0.000396,0.005141,0.000749,0.001924,0.000295,0.000446,1,
0.000144,0.990131,0.002056,0.000400,0.000782,0.002278,0.001480,0.001596,0.000464,0.000670,1,
0.039051,0.536503,0.033505,0.080574,0.016677,0.140975,0.017870,0.045742,0.044626,0.044477,0,
0.000217,0.988811,0.001889,0.001161,0.000371,0.002787,0.000496,0.002700,0.000835,0.000734,1,
0.052096,0.055086,0.047667,0.248680,0.012577,0.138485,0.003248,0.216203,0.124266,0.101692,0,
0.003811,0.605086,0.013116,0.011522,0.096088,0.041482,0.005448,0.118309,0.007417,0.097720,4,
0.000441,0.953875,0.007368,0.003929,0.009626,0.006182,0.006824,0.004920,0.001991,0.004844,4,
0.001879,0.222268,0.005094,0.020600,0.068182,0.017048,0.001839,0.556734,0.003237,0.103119,7,
0.000013,0.982511,0.000593,0.002597,0.000749,0.000455,0.000065,0.011518,0.000087,0.001412,1,
0.001692,0.054081,0.038601,0.003774,0.239118,0.057975,0.589443,0.004659,0.002580,0.008078,6,
0.004472,0.247362,0.019860,0.005594,0.103161,0.505004,0.063968,0.028888,0.007362,0.014330,4,
0.000326,0.756117,0.002162,0.010757,0.010773,0.031497,0.000499,0.170923,0.000779,0.016167,7,
0.004009,0.081995,0.031845,0.032487,0.294000,0.019084,0.007381,0.273204,0.008424,0.247571,7,
0.007540,0.011429,0.011277,0.005938,0.003856,0.921134,0.005630,0.016632,0.012473,0.004092,8,
0.001516,0.624061,0.034013,0.133793,0.016104,0.050919,0.008186,0.114719,0.002293,0.014397,1,
0.041639,0.272265,0.034390,0.040640,0.013331,0.436983,0.019228,0.027894,0.094489,0.019142,0,
0.096272,0.004089,0.003177,0.002540,0.000600,0.863773,0.001823,0.001942,0.023976,0.001807,0,
0.003290,0.006811,0.185745,0.005979,0.006599,0.019827,0.768036,0.001997,0.000934,0.000784,2,
0.002271,0.531430,0.328521,0.031396,0.012445,0.015138,0.035258,0.029397,0.008547,0.005597,2,
0.024087,0.061091,0.009770,0.123649,0.003203,0.678122,0.001537,0.043459,0.027311,0.027771,5,
0.014152,0.097615,0.132345,0.031173,0.147158,0.462976,0.071197,0.022032,0.005119,0.016233,4,
0.003537,0.562280,0.017675,0.011472,0.228496,0.068123,0.037161,0.012330,0.008562,0.050363,4,
0.000052,0.985348,0.001374,0.001960,0.001056,0.003087,0.000683,0.005533,0.000194,0.000712,1,
0.003832,0.401064,0.013068,0.057053,0.020629,0.384864,0.004770,0.085579,0.004420,0.024722,5,
0.001497,0.592907,0.005062,0.009457,0.171260,0.043898,0.003285,0.087430,0.002820,0.082384,9,
0.148318,0.003098,0.003711,0.004271,0.000453,0.822241,0.001103,0.006369,0.008717,0.001720,0,
0.001399,0.200208,0.003485,0.016070,0.024708,0.006351,0.001125,0.652533,0.002530,0.091592,7,
0.002628,0.905971,0.006103,0.006869,0.002409,0.049406,0.007128,0.002663,0.010745,0.006078,8,
0.003381,0.019470,0.050469,0.002517,0.195591,0.050077,0.665459,0.002789,0.002924,0.007324,6,
0.101142,0.010473,0.006112,0.015662,0.000784,0.850520,0.001104,0.006897,0.004604,0.002702,0,
0.005376,0.514883,0.037432,0.041435,0.081845,0.076770,0.012494,0.171402,0.006173,0.052190,4,
0.046868,0.240605,0.013618,0.136804,0.007623,0.345263,0.006679,0.034963,0.140046,0.027531,3,
0.000063,0.992288,0.001292,0.001238,0.000351,0.001702,0.000361,0.001805,0.000307,0.000593,1,
0.001037,0.119891,0.003240,0.009686,0.044351,0.024153,0.000801,0.720343,0.001504,0.074993,7,
0.000493,0.956640,0.015538,0.008933,0.001481,0.005185,0.003592,0.004705,0.001577,0.001856,2,
0.002194,0.611343,0.005664,0.018292,0.017039,0.294817,0.007767,0.023397,0.005304,0.014183,5,
0.015304,0.016480,0.049370,0.815274,0.000233,0.089027,0.000575,0.010131,0.002901,0.000706,3,
0.000072,0.960111,0.000312,0.010450,0.000313,0.002801,0.000024,0.019182,0.001325,0.005411,7,
0.011127,0.494579,0.008964,0.024313,0.060419,0.096011,0.006133,0.050879,0.042948,0.204627,8,
0.007586,0.162376,0.017161,0.013648,0.235656,0.133926,0.009469,0.278261,0.007250,0.134666,9,
0.001496,0.918516,0.017559,0.023423,0.003167,0.008892,0.002637,0.009844,0.007298,0.007167,2,
0.101093,0.034943,0.084829,0.079068,0.012572,0.603429,0.019390,0.036548,0.012325,0.015803,0,
0.010969,0.758346,0.029232,0.003853,0.014484,0.032000,0.115767,0.003705,0.021071,0.010572,6,
0.028517,0.178755,0.032667,0.020965,0.078004,0.386982,0.027714,0.075036,0.055896,0.115463,9,
0.012345,0.005699,0.015250,0.001735,0.076051,0.852435,0.016737,0.008151,0.002139,0.009458,0,
0.003215,0.306421,0.018877,0.025692,0.171254,0.016971,0.003380,0.240649,0.007117,0.206424,2,
0.017181,0.041451,0.082846,0.006015,0.131377,0.128368,0.566348,0.009371,0.006817,0.010225,6,
0.001634,0.036652,0.019877,0.006183,0.578108,0.070066,0.256525,0.006234,0.003999,0.020723,6,
0.000888,0.809516,0.004777,0.025504,0.009910,0.069175,0.001683,0.061433,0.003291,0.013821,5,
0.000931,0.010887,0.007642,0.000968,0.567006,0.076079,0.323166,0.001129,0.001401,0.010790,6,
0.007394,0.504223,0.012384,0.035182,0.014237,0.275685,0.005327,0.086442,0.017959,0.041168,9,
0.000746,0.007537,0.014345,0.003739,0.702260,0.009762,0.001909,0.135028,0.001027,0.123647,9,
0.003960,0.466054,0.067868,0.013308,0.065938,0.059049,0.283961,0.019951,0.007449,0.012461,6,
0.009884,0.393729,0.052748,0.027344,0.273363,0.053798,0.025117,0.051510,0.010568,0.101938,2,
0.000140,0.974309,0.001597,0.001446,0.001816,0.002294,0.000397,0.014935,0.000493,0.002573,1,
0.005458,0.438270,0.026146,0.024647,0.136317,0.117641,0.171769,0.017027,0.012323,0.050401,6,
0.008743,0.000180,0.000704,0.001995,0.000792,0.904431,0.000234,0.056888,0.022908,0.003125,8,
0.000145,0.989549,0.001303,0.001224,0.000275,0.003865,0.000410,0.002213,0.000483,0.000534,1,
0.018657,0.008264,0.005632,0.004526,0.004427,0.876380,0.003597,0.026416,0.046018,0.006084,8,
0.000112,0.985142,0.001259,0.001760,0.000453,0.005854,0.000474,0.003936,0.000358,0.000652,1,
0.007918,0.006546,0.014625,0.251777,0.007548,0.595391,0.002016,0.084799,0.010901,0.018480,3,
0.002597,0.053770,0.061145,0.006148,0.195298,0.054262,0.608734,0.007377,0.002738,0.007931,6,
0.011600,0.185868,0.015657,0.017474,0.299634,0.230245,0.010584,0.074407,0.008810,0.145722,4,
0.001943,0.190633,0.004523,0.020468,0.022358,0.103915,0.000913,0.594022,0.003846,0.057380,7,
0.000411,0.954910,0.001345,0.005774,0.003039,0.004832,0.000344,0.006798,0.003379,0.019169,9,
0.005555,0.527745,0.174690,0.079029,0.039355,0.029127,0.032702,0.087715,0.007397,0.016685,4,
0.000025,0.991091,0.000590,0.000600,0.000795,0.001119,0.000277,0.004501,0.000104,0.000898,1,
0.005450,0.622096,0.009472,0.005027,0.032069,0.056986,0.002847,0.177222,0.015220,0.073611,8,
0.003594,0.106480,0.005241,0.011944,0.165863,0.045079,0.002642,0.294859,0.007290,0.357008,9,
0.006999,0.522139,0.006786,0.022943,0.029041,0.261743,0.004924,0.069387,0.019033,0.057005,0,
0.003435,0.760656,0.016063,0.047147,0.013005,0.069534,0.007399,0.055398,0.008551,0.018812,7,
0.001712,0.272509,0.005187,0.025868,0.051169,0.009242,0.001742,0.532814,0.003226,0.096532,7,
0.006208,0.084563,0.010889,0.010831,0.403995,0.178932,0.010765,0.096786,0.008442,0.188589,7,
0.003117,0.015026,0.001841,0.011244,0.008545,0.508320,0.000893,0.427390,0.008851,0.014773,5,
0.010162,0.812599,0.043928,0.027229,0.000553,0.048422,0.003517,0.001629,0.050591,0.001369,2,
0.288251,0.004471,0.012750,0.021708,0.000147,0.663270,0.001995,0.000575,0.006548,0.000286,0,
0.083410,0.017753,0.015055,0.006907,0.001893,0.806084,0.018799,0.004390,0.041253,0.004456,0,
0.000069,0.993752,0.001063,0.000735,0.000291,0.001446,0.000441,0.001403,0.000273,0.000528,1,
0.057041,0.002234,0.001477,0.006125,0.000231,0.928978,0.000209,0.000969,0.001558,0.001177,0,
0.004112,0.014331,0.003195,0.006643,0.082459,0.225419,0.001326,0.503808,0.006826,0.151879,7,
0.007324,0.424221,0.051415,0.012942,0.032610,0.090666,0.342053,0.008507,0.015852,0.014411,5,
0.005072,0.532959,0.004644,0.027204,0.013633,0.143802,0.001601,0.187075,0.015337,0.068672,5,
0.020155,0.278769,0.209554,0.169882,0.046987,0.105830,0.057129,0.037067,0.036237,0.038391,7,
0.003120,0.497266,0.005268,0.024982,0.081611,0.053540,0.002904,0.114254,0.011051,0.206004,4,
0.050326,0.004962,0.023727,0.080558,0.022942,0.728803,0.001951,0.067540,0.001864,0.017327,0,
0.019737,0.144100,0.029451,0.021444,0.046297,0.519055,0.111040,0.022237,0.034886,0.051752,8,
0.002628,0.017567,0.002194,0.010221,0.005776,0.817459,0.000962,0.127364,0.007183,0.008645,5,
0.122890,0.002198,0.009568,0.011263,0.000295,0.852082,0.000269,0.000462,0.000757,0.000215,0,
0.003349,0.206725,0.006586,0.052107,0.022050,0.574572,0.003726,0.096494,0.006892,0.027498,5,
0.023189,0.432035,0.030542,0.176168,0.002296,0.218848,0.003116,0.019450,0.082931,0.011425,3,
0.002377,0.649335,0.006038,0.012853,0.032144,0.056470,0.002332,0.173221,0.004179,0.061051,4,
0.000226,0.967105,0.002709,0.001194,0.004648,0.008468,0.010937,0.002069,0.000543,0.002100,6,
0.220213,0.007202,0.009182,0.023225,0.000233,0.733904,0.001551,0.000625,0.003484,0.000382,0,
0.004782,0.040891,0.007871,0.014544,0.070136,0.728472,0.004907,0.094746,0.004208,0.029443,5,
0.001830,0.903280,0.004662,0.006475,0.009229,0.040473,0.005969,0.008950,0.006217,0.012915,0,
0.000116,0.965762,0.001129,0.001718,0.007059,0.010671,0.001890,0.006804,0.000231,0.004621,1,
0.004016,0.310553,0.016736,0.479348,0.003179,0.043989,0.001794,0.104717,0.010786,0.024881,3,
0.001506,0.877627,0.006576,0.044383,0.002055,0.043946,0.002651,0.008121,0.007018,0.006117,5,
0.000452,0.817915,0.002603,0.009132,0.004674,0.011770,0.000263,0.135730,0.001871,0.015588,9,
0.000090,0.985177,0.002674,0.001850,0.000876,0.003304,0.001018,0.003998,0.000327,0.000686,1,
0.029302,0.011799,0.013918,0.003936,0.009276,0.845207,0.030513,0.005257,0.044842,0.005950,8,
0.003629,0.661248,0.018531,0.008114,0.053292,0.079681,0.142225,0.009738,0.006924,0.016617,6,
0.000708,0.041998,0.001650,0.008273,0.022363,0.026084,0.000299,0.803401,0.001301,0.093923,7,
0.017184,0.000108,0.000244,0.003333,0.000798,0.959449,0.000066,0.005462,0.009150,0.004206,5,
0.003402,0.320736,0.072423,0.019623,0.137435,0.039278,0.355773,0.022430,0.006160,0.022740,6,
0.001725,0.066952,0.002195,0.034203,0.010670,0.241887,0.000371,0.589399,0.005201,0.047394,5,
0.000838,0.667416,0.088756,0.193614,0.001230,0.008143,0.002782,0.033741,0.001786,0.001693,7,
0.027661,0.131323,0.045416,0.100140,0.130764,0.343879,0.067484,0.037081,0.048895,0.067356,3,
0.000620,0.207738,0.002848,0.053224,0.002853,0.020526,0.000213,0.690860,0.001957,0.019160,7,
0.003977,0.357352,0.008827,0.011399,0.178653,0.074255,0.004717,0.193115,0.005563,0.162141,9,
0.000449,0.009202,0.031177,0.000541,0.096034,0.010722,0.848461,0.000696,0.000853,0.001864,6,
0.000050,0.987059,0.000719,0.002839,0.000240,0.001074,0.000085,0.006856,0.000284,0.000794,1,
0.002035,0.131221,0.003111,0.051626,0.011176,0.173776,0.000466,0.560917,0.006462,0.059210,3,
0.002758,0.066678,0.003441,0.010995,0.065246,0.197869,0.001533,0.548403,0.003705,0.099371,7,
0.002381,0.764072,0.004462,0.006523,0.032419,0.042666,0.002441,0.063817,0.004267,0.076952,9,
0.007262,0.136614,0.047267,0.021632,0.480739,0.099650,0.064657,0.067238,0.008906,0.066035,4,
0.002311,0.659972,0.007694,0.008277,0.084686,0.048452,0.004258,0.102574,0.003598,0.078176,9,
0.003199,0.068275,0.062975,0.010774,0.098205,0.079658,0.650100,0.011235,0.004835,0.010744,6,
0.005198,0.018017,0.002468,0.004140,0.002792,0.839496,0.000969,0.103592,0.017113,0.006214,5,
0.010684,0.371573,0.068992,0.009713,0.198967,0.049255,0.232734,0.014258,0.013051,0.030772,6,
0.015252,0.002362,0.006125,0.019409,0.027984,0.865731,0.000724,0.048417,0.001076,0.012921,0,
0.009344,0.014099,0.002627,0.050387,0.003478,0.603183,0.000937,0.229572,0.052237,0.034136,5,
0.042125,0.153573,0.242062,0.061908,0.012871,0.188150,0.239756,0.011989,0.037808,0.009759,6,
0.006646,0.015206,0.465136,0.481490,0.000245,0.017739,0.001541,0.004029,0.007593,0.000375,2,
0.022313,0.336219,0.035145,0.196995,0.006210,0.277783,0.006231,0.022513,0.079280,0.017310,3,
0.022905,0.019754,0.026449,0.061961,0.000693,0.845984,0.006399,0.002913,0.011710,0.001233,5,
0.001443,0.052023,0.040637,0.313305,0.001834,0.013717,0.000477,0.571082,0.001416,0.004066,2,
0.049649,0.004230,0.054536,0.019552,0.004573,0.762962,0.061086,0.000931,0.040026,0.002454,8,
0.018124,0.030610,0.046221,0.006043,0.246369,0.211050,0.389030,0.009221,0.009644,0.033688,6,
0.000116,0.006509,0.001722,0.020110,0.004468,0.002503,0.000040,0.945390,0.000462,0.018679,7,
0.002153,0.184414,0.003407,0.021618,0.026809,0.067894,0.001223,0.575845,0.004210,0.112427,9,
0.007458,0.838953,0.018198,0.027242,0.001232,0.060394,0.008505,0.003304,0.029831,0.004882,8,
0.070841,0.066329,0.060553,0.005341,0.006759,0.448266,0.240652,0.001656,0.095806,0.003798,0,
0.002125,0.336861,0.006566,0.021930,0.026922,0.066322,0.001446,0.485061,0.003777,0.048990,7,
0.002450,0.021185,0.003784,0.013314,0.052066,0.276804,0.001095,0.553827,0.005486,0.069989,7,
0.008438,0.237451,0.007374,0.034169,0.026708,0.091446,0.001732,0.338919,0.029057,0.224705,8,
0.001703,0.037173,0.819648,0.038000,0.007065,0.006755,0.067996,0.018142,0.001633,0.001884,2,
0.007103,0.002063,0.005827,0.003997,0.114636,0.784665,0.003044,0.062798,0.001507,0.014360,0,
0.007120,0.654960,0.035667,0.197505,0.001118,0.050496,0.002505,0.011308,0.031454,0.007866,3,
0.007339,0.112488,0.008001,0.051281,0.028889,0.623831,0.003819,0.092606,0.021471,0.050277,5,
0.001991,0.032502,0.010086,0.017613,0.546708,0.089003,0.002430,0.141850,0.001886,0.155931,4,
0.005928,0.829209,0.022505,0.045559,0.006827,0.017032,0.006554,0.015429,0.034265,0.016692,8,
0.004967,0.782034,0.010786,0.010929,0.003726,0.147910,0.007713,0.006287,0.018342,0.007307,6,
0.013374,0.164846,0.023750,0.021292,0.016559,0.664555,0.014020,0.030305,0.031316,0.019983,0,
0.010157,0.239953,0.008999,0.056998,0.020762,0.077018,0.001466,0.329200,0.057215,0.198232,5,
0.006024,0.205343,0.030981,0.020711,0.313575,0.059416,0.011835,0.202407,0.006996,0.142713,4,
0.000052,0.994090,0.000821,0.000306,0.000415,0.001832,0.000680,0.001232,0.000153,0.000419,1,
0.005512,0.031133,0.059141,0.003933,0.159767,0.056572,0.659146,0.003450,0.006975,0.014371,6,
0.001186,0.007571,0.257203,0.008178,0.047770,0.012844,0.655693,0.007890,0.000617,0.001048,6,
0.005932,0.211683,0.589725,0.096389,0.008679,0.016616,0.018522,0.041554,0.005219,0.005681,2,
0.303758,0.017940,0.188410,0.033675,0.009802,0.313358,0.100208,0.007883,0.016343,0.008624,2,
0.001119,0.740329,0.025027,0.166675,0.001840,0.036455,0.001511,0.018689,0.004267,0.004087,3,
0.002266,0.617022,0.006704,0.010526,0.066242,0.058260,0.003080,0.153082,0.004217,0.078602,4,
0.004881,0.044143,0.716887,0.119934,0.003346,0.011966,0.083512,0.007437,0.005143,0.002751,2,
0.000839,0.590081,0.002807,0.007276,0.011925,0.036760,0.000470,0.319930,0.001626,0.028286,7,
0.007319,0.236157,0.033125,0.007390,0.434889,0.107779,0.090541,0.029495,0.012995,0.040310,4,
0.641840,0.005144,0.020820,0.015085,0.000532,0.285492,0.014563,0.001262,0.013478,0.001785,8,
0.000073,0.983592,0.000957,0.000569,0.001827,0.002041,0.000400,0.008706,0.000208,0.001628,1,
0.002716,0.425328,0.004312,0.010902,0.018933,0.073674,0.001292,0.400085,0.004971,0.057787,7,
0.024431,0.160516,0.016173,0.009174,0.018880,0.636202,0.016578,0.018751,0.071765,0.027532,0,
0.003009,0.698961,0.004696,0.017730,0.025286,0.133724,0.003253,0.045512,0.010294,0.057534,8,
0.002160,0.130162,0.008910,0.020441,0.283466,0.105431,0.004375,0.314618,0.003958,0.126478,9,
0.023182,0.027345,0.055316,0.006400,0.092842,0.430729,0.318555,0.008899,0.023994,0.012739,0,
0.002623,0.307844,0.005917,0.039811,0.031085,0.013115,0.002428,0.482055,0.006097,0.109024,7,
0.011285,0.003394,0.001126,0.000227,0.004979,0.948207,0.001300,0.005388,0.020004,0.004090,8,
0.025017,0.321763,0.035694,0.229273,0.004913,0.137142,0.003656,0.024909,0.189969,0.027663,8,
0.012192,0.081864,0.008380,0.064877,0.001382,0.789063,0.002412,0.006316,0.026114,0.007399,5,
0.004093,0.208596,0.013543,0.010592,0.267412,0.039948,0.004219,0.215993,0.006579,0.229026,9,
0.004625,0.680638,0.086567,0.031548,0.014228,0.032660,0.115905,0.020103,0.005272,0.008452,6,
0.002656,0.902853,0.018285,0.005938,0.008474,0.019715,0.023926,0.004787,0.008132,0.005234,0,
0.017039,0.006458,0.141974,0.012403,0.008106,0.051270,0.755656,0.002627,0.003686,0.000782,6,
0.011415,0.022946,0.024363,0.003871,0.050633,0.797647,0.057444,0.013054,0.007130,0.011498,2,
0.061449,0.054765,0.054381,0.009384,0.025621,0.611915,0.139646,0.014666,0.020784,0.007390,6,
0.005456,0.046791,0.367445,0.010720,0.440626,0.056315,0.041188,0.019152,0.002652,0.009656,2,
0.002398,0.753078,0.005763,0.003423,0.079387,0.091953,0.015049,0.008934,0.009226,0.030789,9,
0.007240,0.039929,0.013404,0.002063,0.036261,0.849126,0.022109,0.010670,0.010748,0.008449,4,
0.000157,0.982180,0.002388,0.003906,0.000588,0.002853,0.000501,0.005392,0.000764,0.001273,1,
0.000170,0.027604,0.002745,0.014426,0.023075,0.006430,0.000153,0.898460,0.000352,0.026585,7,
0.002141,0.614218,0.026719,0.267824,0.002271,0.046197,0.003602,0.025716,0.006146,0.005165,3,
0.015181,0.025184,0.192451,0.029502,0.081518,0.290625,0.279160,0.062159,0.012286,0.011933,4,
0.000113,0.981594,0.000783,0.000760,0.001320,0.002224,0.000263,0.010265,0.000315,0.002363,1,
0.000312,0.025767,0.002238,0.037720,0.007342,0.001962,0.000200,0.884550,0.002341,0.037568,7,
0.005944,0.054835,0.066259,0.010803,0.639732,0.044057,0.047595,0.066183,0.006247,0.058345,2,
0.001398,0.002209,0.804288,0.003603,0.006388,0.005423,0.174538,0.001184,0.000672,0.000297,2,
0.808020,0.000124,0.001152,0.004068,0.000013,0.183573,0.000080,0.000427,0.002465,0.000079,0,
0.013100,0.257647,0.051696,0.014214,0.032275,0.228165,0.360407,0.009345,0.018414,0.014737,6,
0.069254,0.027844,0.140706,0.050457,0.002480,0.562808,0.060597,0.003659,0.078633,0.003563,3,
0.002900,0.094406,0.043599,0.004841,0.498536,0.056848,0.267803,0.010867,0.004774,0.015427,4,
0.039742,0.080403,0.145697,0.038697,0.007758,0.556503,0.090377,0.005520,0.029046,0.006257,3,
0.000215,0.053402,0.002060,0.022295,0.004391,0.005713,0.000077,0.889688,0.000733,0.021426,7,
0.008538,0.026686,0.009256,0.033172,0.000624,0.907003,0.002860,0.002255,0.007704,0.001903,5,
0.011194,0.070097,0.024918,0.047294,0.088322,0.397669,0.008740,0.254782,0.021297,0.075687,8,
0.001175,0.005605,0.022415,0.000272,0.010552,0.011182,0.946055,0.000124,0.001551,0.001069,6,
0.001421,0.897121,0.008285,0.010524,0.017898,0.019215,0.016526,0.004432,0.008716,0.015862,9,
0.000045,0.983063,0.000936,0.001602,0.000784,0.002897,0.000245,0.009182,0.000221,0.001025,1,
0.004091,0.158062,0.023803,0.008522,0.068650,0.667289,0.028584,0.025676,0.004503,0.010821,4,
0.014601,0.078056,0.024295,0.521561,0.001607,0.290603,0.002165,0.020502,0.039476,0.007134,3,
0.007931,0.389176,0.298785,0.193146,0.002463,0.058207,0.016332,0.008847,0.021949,0.003163,2,
0.001162,0.898904,0.002446,0.005774,0.001622,0.076216,0.003066,0.003061,0.003826,0.003924,5,
0.000054,0.009652,0.000981,0.012244,0.005379,0.000570,0.000018,0.942162,0.000259,0.028681,7,
0.003306,0.544064,0.008270,0.019620,0.111128,0.056091,0.002726,0.088090,0.005418,0.161285,4,
0.010282,0.260810,0.010651,0.017410,0.195094,0.079641,0.009968,0.026950,0.042396,0.346797,9,
0.005896,0.096969,0.030502,0.014758,0.538192,0.060575,0.016680,0.088844,0.008326,0.139258,4,
0.001503,0.015415,0.904246,0.043371,0.001518,0.004695,0.024816,0.002378,0.001349,0.000708,2,
0.038843,0.145722,0.009820,0.058889,0.005995,0.399873,0.003102,0.027905,0.223619,0.086233,8,
0.006013,0.349340,0.018854,0.019621,0.062770,0.327893,0.163407,0.012692,0.015016,0.024395,5,
0.551025,0.001239,0.007309,0.004080,0.000085,0.427074,0.000755,0.000123,0.008187,0.000123,0,
0.039004,0.366490,0.038795,0.128983,0.003779,0.282216,0.015211,0.006636,0.108244,0.010643,5,
0.000555,0.777217,0.004134,0.069362,0.001618,0.007247,0.000323,0.130157,0.001914,0.007472,3,
0.006215,0.143325,0.069787,0.012478,0.434647,0.051641,0.210508,0.023027,0.011694,0.036677,0,
0.000032,0.992991,0.000733,0.000870,0.000636,0.001809,0.000418,0.001464,0.000187,0.000858,1,
0.040347,0.012483,0.074562,0.039926,0.003818,0.724057,0.017425,0.021986,0.059676,0.005719,8,
0.001273,0.047967,0.002518,0.018856,0.065067,0.045871,0.000644,0.603821,0.003779,0.210205,9,
0.001409,0.175199,0.003773,0.021722,0.034032,0.064593,0.000910,0.610341,0.002819,0.085201,7,
