0, 1, 2, 3, 4, 5, 6, 7, 8, 9, True
0.052410,0.000004,0.000980,0.000256,0.301630,0.065459,0.048103,0.001838,0.124850,0.404471,4,
0.216783,0.000002,0.033873,0.017294,0.027430,0.215055,0.018957,0.000110,0.458384,0.012113,0,
0.402485,0.000000,0.341362,0.049162,0.001427,0.112567,0.009212,0.000001,0.083727,0.000057,0,
0.035778,0.043801,0.011246,0.111058,0.120440,0.146524,0.002823,0.144031,0.099533,0.284766,0,
0.002597,0.762890,0.024830,0.033363,0.075253,0.008934,0.006153,0.054119,0.001465,0.030396,1,
0.007163,0.168555,0.034405,0.028074,0.364918,0.018341,0.024537,0.224251,0.001911,0.127846,1,
0.021198,0.000380,0.764915,0.016220,0.008347,0.016243,0.155298,0.000002,0.017160,0.000237,2,
0.003409,0.875562,0.030727,0.040328,0.012023,0.013341,0.003710,0.001112,0.013614,0.006172,1,
0.387528,0.000000,0.056626,0.049171,0.004456,0.227661,0.003735,0.000023,0.269751,0.001050,8,
0.075934,0.000021,0.264397,0.004491,0.049679,0.046316,0.493333,0.000009,0.063127,0.002693,2,
0.000699,0.955845,0.020264,0.004084,0.005183,0.002221,0.007480,0.000053,0.003028,0.001143,1,
0.635085,0.000000,0.019070,0.035334,0.066784,0.201235,0.002964,0.019006,0.007664,0.012858,0,
0.005064,0.061871,0.001987,0.109429,0.026966,0.030752,0.000122,0.651752,0.007923,0.104134,7,
0.159736,0.000003,0.042946,0.006942,0.405954,0.116932,0.141576,0.004488,0.035389,0.086034,5,
0.023497,0.000101,0.011354,0.848432,0.001346,0.074195,0.000028,0.006980,0.031928,0.002139,3,
0.058057,0.006531,0.011612,0.023286,0.185716,0.161675,0.015354,0.017552,0.221969,0.298248,4,
0.002881,0.001411,0.880971,0.076940,0.013686,0.002387,0.020616,0.000877,0.000054,0.000176,2,
0.297159,0.000000,0.007649,0.087190,0.016014,0.355135,0.000597,0.005049,0.209544,0.021663,5,
0.045936,0.001307,0.002113,0.084364,0.015570,0.211462,0.000251,0.017104,0.516807,0.105086,8,
0.034236,0.006223,0.006254,0.017549,0.244749,0.100462,0.009411,0.074219,0.070431,0.436466,9,
0.000281,0.978904,0.009093,0.003676,0.003241,0.001028,0.002047,0.000144,0.000748,0.000838,1,
0.080307,0.010181,0.118278,0.351956,0.052944,0.197901,0.008083,0.008718,0.139079,0.032551,8,
0.220287,0.000000,0.013073,0.205578,0.056248,0.245184,0.000652,0.190721,0.020498,0.047758,3,
0.815280,0.000000,0.008430,0.002602,0.049909,0.107424,0.006850,0.001177,0.004011,0.004317,0,
0.002729,0.054940,0.000974,0.014963,0.068696,0.014086,0.000427,0.633706,0.003142,0.206336,7,
0.001586,0.313436,0.213459,0.001653,0.031550,0.002144,0.433543,0.000013,0.001605,0.001011,6,
0.022307,0.000003,0.007501,0.893323,0.000361,0.055137,0.000007,0.002525,0.018341,0.000496,3,
0.000224,0.000081,0.011747,0.000003,0.014110,0.000107,0.973514,0.000000,0.000069,0.000143,6,
0.035088,0.000000,0.374352,0.010297,0.345711,0.008932,0.207768,0.014380,0.000050,0.003423,6,
0.037895,0.000001,0.000100,0.000814,0.090695,0.081253,0.000787,0.036043,0.099143,0.653268,8,
0.002387,0.001517,0.000056,0.007239,0.016583,0.016247,0.000019,0.700503,0.007428,0.248020,7,
0.072470,0.002244,0.396999,0.033926,0.090159,0.082938,0.231881,0.000193,0.079256,0.009933,4,
0.003779,0.007810,0.000438,0.013472,0.048440,0.019552,0.000177,0.659258,0.005522,0.241552,7,
0.043030,0.000434,0.447366,0.125337,0.228840,0.040418,0.064983,0.032990,0.001748,0.014855,4,
0.049697,0.000357,0.003270,0.003363,0.237936,0.105699,0.020514,0.009670,0.160594,0.408899,4,
0.005624,0.000096,0.905580,0.047160,0.008969,0.003472,0.028721,0.000127,0.000149,0.000101,1,
0.209627,0.000000,0.014016,0.096928,0.096951,0.125762,0.001022,0.420952,0.002328,0.032413,8,
0.114588,0.000351,0.221568,0.358985,0.059998,0.165567,0.011725,0.008776,0.042815,0.015628,2,
0.003785,0.000010,0.023880,0.000025,0.015334,0.001846,0.949325,0.000000,0.005372,0.000423,6,
0.660831,0.000000,0.020913,0.043995,0.021623,0.224222,0.001740,0.002713,0.019372,0.004589,0,
0.026626,0.073977,0.007124,0.157950,0.067848,0.136410,0.000969,0.185690,0.103184,0.240223,3,
0.000783,0.000747,0.000084,0.021362,0.003737,0.004965,0.000003,0.940156,0.000575,0.027587,7,
0.030316,0.043425,0.014075,0.498831,0.014685,0.155495,0.000346,0.033031,0.166515,0.043281,9,
0.704573,0.000000,0.081592,0.007089,0.056775,0.101695,0.040785,0.000284,0.005268,0.001940,0,
0.153223,0.000001,0.004114,0.002106,0.199795,0.167907,0.032390,0.002141,0.236247,0.202077,4,
0.008814,0.000000,0.476063,0.000220,0.005815,0.000771,0.508281,0.000000,0.000031,0.000006,2,
0.014345,0.000001,0.000023,0.000087,0.083309,0.032837,0.000989,0.010735,0.076436,0.781239,7,
0.000638,0.953654,0.003159,0.024337,0.003244,0.003940,0.000183,0.003945,0.002711,0.004189,1,
0.001563,0.002932,0.000195,0.039990,0.006395,0.010399,0.000008,0.889459,0.001806,0.047253,7,
0.006322,0.008150,0.815539,0.014571,0.006898,0.006210,0.137264,0.000003,0.004885,0.000157,2,
0.010211,0.008212,0.000493,0.017809,0.057597,0.057305,0.000270,0.330817,0.044893,0.472393,7,
0.068788,0.000145,0.064583,0.002649,0.225385,0.063568,0.457798,0.000197,0.079698,0.037189,6,
0.339333,0.000000,0.264252,0.085512,0.040770,0.185109,0.031397,0.000439,0.049183,0.004006,4,
0.048153,0.000274,0.054595,0.005133,0.486755,0.049404,0.249128,0.004685,0.015855,0.086017,4,
0.005131,0.000000,0.167160,0.000167,0.032227,0.001029,0.794081,0.000003,0.000070,0.000132,6,
0.031141,0.021347,0.012621,0.473617,0.028097,0.143878,0.000386,0.139387,0.074301,0.075225,9,
0.000610,0.002963,0.000071,0.016826,0.004229,0.004508,0.000004,0.933102,0.000681,0.037007,7,
0.686215,0.000000,0.041775,0.022529,0.033143,0.185150,0.007956,0.000814,0.018694,0.003724,0,
0.064608,0.010103,0.014367,0.079900,0.106075,0.214321,0.005212,0.031501,0.257597,0.216317,0,
0.000162,0.989477,0.001999,0.002907,0.001952,0.000829,0.000379,0.000376,0.000676,0.001241,1,
0.012676,0.000003,0.519268,0.001728,0.013524,0.004294,0.447178,0.000001,0.001218,0.000110,5,
0.075650,0.011385,0.027292,0.104181,0.119287,0.224914,0.008561,0.024934,0.234575,0.169221,4,
0.032749,0.002405,0.117392,0.004132,0.227624,0.035920,0.522917,0.000312,0.029926,0.026624,6,
0.019852,0.000373,0.000604,0.049357,0.033757,0.089299,0.000094,0.505937,0.040446,0.260281,9,
0.061905,0.000004,0.377602,0.471707,0.001022,0.057773,0.001336,0.000022,0.028532,0.000096,3,
0.230592,0.000003,0.038142,0.007708,0.114632,0.198440,0.086559,0.000307,0.285065,0.038553,4,
0.031360,0.008909,0.006492,0.018361,0.248154,0.094832,0.009404,0.081558,0.064011,0.436919,7,
0.081239,0.003677,0.024491,0.245230,0.044931,0.254116,0.002112,0.022816,0.244031,0.077359,0,
0.134282,0.000574,0.083559,0.151205,0.185824,0.224853,0.018666,0.034507,0.072799,0.093732,4,
0.000630,0.893522,0.004574,0.063663,0.004138,0.003828,0.000111,0.024057,0.000961,0.004516,1,
0.024849,0.002205,0.007516,0.002215,0.463837,0.046227,0.077447,0.011491,0.035045,0.329168,4,
0.061196,0.000000,0.000088,0.000111,0.000303,0.043408,0.000172,0.000000,0.894069,0.000653,8,
0.043065,0.000038,0.000796,0.025828,0.004661,0.156839,0.000121,0.001580,0.733148,0.033923,8,
0.007201,0.002166,0.000128,0.002108,0.068165,0.036845,0.000434,0.103983,0.055184,0.723786,9,
0.036182,0.000935,0.001900,0.012378,0.147040,0.113506,0.002814,0.079889,0.103759,0.501598,3,
0.000570,0.000000,0.551705,0.000096,0.002467,0.000066,0.445093,0.000000,0.000001,0.000001,6,
0.016757,0.201790,0.013864,0.389733,0.029917,0.091608,0.000509,0.132640,0.049943,0.073239,7,
0.020056,0.000451,0.000438,0.032596,0.037621,0.095012,0.000111,0.397047,0.060841,0.355826,7,
0.737192,0.000000,0.022346,0.002093,0.106122,0.088849,0.034555,0.000865,0.003060,0.004918,0,
0.007510,0.000000,0.129757,0.000214,0.042529,0.002028,0.817316,0.000004,0.000295,0.000346,6,
0.133220,0.000000,0.002167,0.011190,0.000122,0.107228,0.000063,0.000001,0.745886,0.000123,5,
0.045496,0.000000,0.396065,0.000619,0.026330,0.004073,0.527226,0.000003,0.000122,0.000066,6,
0.000270,0.968755,0.001193,0.010719,0.003195,0.001807,0.000102,0.008350,0.000827,0.004782,1,
0.023748,0.003387,0.001614,0.300579,0.013331,0.142593,0.000044,0.304457,0.096075,0.114172,3,
0.062072,0.000009,0.000403,0.007670,0.053583,0.174204,0.000504,0.039550,0.262064,0.399940,8,
0.030877,0.002115,0.001363,0.008683,0.111475,0.112217,0.002666,0.035658,0.194083,0.500863,9,
0.036337,0.000001,0.009927,0.842853,0.000364,0.076266,0.000010,0.001166,0.032641,0.000436,3,
0.006623,0.000001,0.905336,0.007085,0.003990,0.001968,0.074850,0.000003,0.000128,0.000017,2,
0.184455,0.000000,0.000721,0.002098,0.094542,0.212277,0.003180,0.006365,0.250783,0.245579,5,
0.514958,0.000000,0.287201,0.015260,0.022983,0.089501,0.059612,0.000033,0.009929,0.000523,0,
0.249007,0.000000,0.416984,0.159899,0.002626,0.114138,0.006054,0.000011,0.051126,0.000155,2,
0.061795,0.037498,0.169084,0.358182,0.062720,0.157965,0.012338,0.008758,0.100934,0.030726,3,
0.003121,0.005897,0.020299,0.936037,0.001173,0.011910,0.000026,0.019392,0.001370,0.000776,3,
0.027259,0.137122,0.068804,0.294949,0.126540,0.088448,0.006395,0.140379,0.021845,0.088258,1,
0.172245,0.000000,0.094602,0.000735,0.209137,0.022444,0.496919,0.000178,0.000879,0.002862,0,
0.139393,0.000000,0.090744,0.000188,0.017810,0.020378,0.712875,0.000000,0.018346,0.000266,0,
0.058375,0.000010,0.000663,0.019912,0.007491,0.184466,0.000154,0.002819,0.671394,0.054715,8,
0.048424,0.000329,0.007199,0.011821,0.341302,0.093302,0.014528,0.081800,0.034279,0.367016,9,
0.001427,0.298941,0.348046,0.341860,0.003044,0.003430,0.001619,0.001110,0.000321,0.000202,2,
0.000201,0.978147,0.002716,0.008889,0.003037,0.001058,0.000228,0.003414,0.000336,0.001975,1,
0.281713,0.000000,0.002046,0.010562,0.061432,0.303819,0.001836,0.009488,0.212614,0.116489,5,
0.011227,0.001824,0.000403,0.003823,0.114566,0.045375,0.001088,0.136892,0.040121,0.644681,4,
0.001073,0.523515,0.162462,0.001963,0.038881,0.001602,0.268434,0.000053,0.000657,0.001361,2,
0.009853,0.028217,0.212292,0.709145,0.005310,0.024791,0.001207,0.002544,0.005538,0.001103,3,
0.792268,0.000000,0.010903,0.005496,0.041308,0.132938,0.004947,0.001493,0.006153,0.004494,0,
0.000464,0.000004,0.975281,0.001660,0.000060,0.000151,0.022330,0.000000,0.000049,0.000000,2,
0.071829,0.000056,0.004041,0.034721,0.009838,0.188780,0.000771,0.000909,0.661552,0.027503,8,
0.346654,0.000000,0.021463,0.190772,0.052238,0.254616,0.000965,0.094140,0.014670,0.024482,0,
0.046487,0.000004,0.048115,0.811067,0.001550,0.073148,0.000114,0.001670,0.017179,0.000666,3,
0.046292,0.000001,0.818619,0.086365,0.003305,0.023465,0.016447,0.000010,0.005418,0.000078,2,
0.001721,0.000001,0.026450,0.000017,0.025475,0.000563,0.945279,0.000001,0.000222,0.000270,6,
0.012858,0.000000,0.095011,0.000063,0.033673,0.001355,0.856865,0.000002,0.000067,0.000106,6,
0.128647,0.000018,0.448353,0.051577,0.120857,0.086042,0.138945,0.001009,0.016730,0.007822,4,
0.011718,0.000056,0.022658,0.926601,0.000642,0.029029,0.000025,0.002835,0.006033,0.000403,3,
0.022762,0.039634,0.433679,0.104548,0.225060,0.034435,0.096838,0.017731,0.003885,0.021429,4,
0.076008,0.000000,0.108519,0.001152,0.186094,0.022623,0.596785,0.000123,0.003423,0.005273,4,
0.014249,0.004962,0.056020,0.855699,0.003665,0.043552,0.000237,0.006645,0.012825,0.002148,3,
0.012927,0.043076,0.069145,0.002285,0.261066,0.019618,0.532133,0.000429,0.019903,0.039417,6,
0.269778,0.000000,0.009025,0.012504,0.189160,0.249373,0.012794,0.014009,0.099170,0.144186,4,
0.033545,0.000000,0.401740,0.006718,0.273515,0.007349,0.269726,0.005283,0.000046,0.002077,2,
0.017203,0.000717,0.003159,0.781471,0.002079,0.088276,0.000012,0.050197,0.047049,0.009839,3,
0.011813,0.000000,0.203848,0.000183,0.012153,0.002182,0.769203,0.000000,0.000558,0.000060,6,
0.016734,0.000001,0.000379,0.008424,0.062891,0.033545,0.000184,0.702875,0.003263,0.171703,9,
0.040571,0.150011,0.095526,0.034718,0.252606,0.097154,0.109548,0.005013,0.104482,0.110369,1,
0.041607,0.002301,0.004811,0.034412,0.164353,0.129430,0.003209,0.145653,0.074330,0.399895,4,
0.006312,0.035837,0.729796,0.019688,0.022869,0.007255,0.174629,0.000038,0.002905,0.000671,2,
0.118970,0.000011,0.341732,0.313834,0.003984,0.120878,0.004804,0.000052,0.095172,0.000562,5,
0.046660,0.000013,0.000315,0.004117,0.071931,0.130243,0.000733,0.041338,0.191795,0.512856,9,
0.001358,0.747759,0.030159,0.094040,0.026134,0.005018,0.001325,0.085366,0.000380,0.008461,1,
0.672469,0.000000,0.020760,0.035856,0.005121,0.214392,0.001069,0.000152,0.049151,0.001030,0,
0.003636,0.285585,0.010416,0.024059,0.181856,0.012919,0.005333,0.346732,0.001612,0.127853,1,
0.059641,0.015763,0.031212,0.075684,0.035200,0.183220,0.007769,0.001456,0.545150,0.044907,8,
0.012649,0.000305,0.000375,0.002913,0.136869,0.040735,0.001191,0.175449,0.023006,0.606507,9,
0.073281,0.000003,0.193932,0.003583,0.147006,0.035077,0.529482,0.000112,0.011228,0.006296,2,
0.041905,0.000196,0.746540,0.092992,0.003849,0.039960,0.027488,0.000005,0.046852,0.000214,2,
0.000222,0.003102,0.000073,0.009229,0.003669,0.001420,0.000004,0.965659,0.000094,0.016529,7,
0.106062,0.004379,0.067369,0.081229,0.174839,0.220358,0.031153,0.010503,0.188464,0.115644,0,
0.003809,0.009250,0.251409,0.002038,0.099249,0.003314,0.627790,0.000111,0.000696,0.002334,6,
0.145551,0.000080,0.048348,0.052452,0.302857,0.192086,0.029688,0.037309,0.051570,0.140057,4,
0.057085,0.000006,0.670709,0.055665,0.085080,0.029407,0.096722,0.001533,0.001518,0.002275,4,
0.163900,0.000004,0.006471,0.200836,0.020666,0.339620,0.000315,0.033482,0.184312,0.050393,5,
0.003757,0.000634,0.000268,0.043892,0.010321,0.020316,0.000014,0.844271,0.003915,0.072611,7,
0.026970,0.005190,0.002778,0.245084,0.025743,0.141387,0.000129,0.324103,0.079696,0.148920,5,
0.092617,0.000003,0.000875,0.004403,0.106501,0.175627,0.002466,0.019298,0.218662,0.379547,5,
0.000754,0.924515,0.045256,0.013957,0.005797,0.002225,0.005329,0.000221,0.001084,0.000863,1,
0.461982,0.000000,0.033061,0.018337,0.156039,0.227319,0.024015,0.005568,0.037681,0.035997,5,
0.289985,0.000000,0.028038,0.002299,0.488784,0.057485,0.094132,0.011793,0.001264,0.026220,0,
0.043812,0.002851,0.177144,0.606929,0.007666,0.095712,0.002141,0.001105,0.059942,0.002698,3,
0.002794,0.000000,0.967490,0.001420,0.000036,0.000584,0.027085,0.000000,0.000591,0.000000,2,
0.194190,0.000004,0.092071,0.393203,0.023176,0.225949,0.002357,0.006533,0.053964,0.008552,2,
0.006197,0.446459,0.073623,0.403724,0.014088,0.023923,0.001226,0.017921,0.006178,0.006662,3,
0.011227,0.206399,0.008452,0.018054,0.244180,0.042410,0.010902,0.105722,0.021999,0.330656,1,
0.916271,0.000000,0.005266,0.000094,0.013252,0.038638,0.023443,0.000003,0.002743,0.000290,2,
0.071151,0.000004,0.000839,0.005677,0.140540,0.139697,0.001878,0.071644,0.090319,0.478250,8,
0.018738,0.000050,0.000172,0.001044,0.107217,0.055549,0.001333,0.038402,0.081001,0.696494,9,
0.028221,0.000204,0.019646,0.001513,0.549339,0.029929,0.233561,0.004641,0.010673,0.122274,5,
0.013647,0.192732,0.086501,0.599568,0.013442,0.051267,0.001286,0.011516,0.021895,0.008145,3,
0.000978,0.938784,0.014371,0.026534,0.006760,0.004147,0.001163,0.002150,0.001962,0.003151,1,
0.024114,0.000053,0.000117,0.003187,0.041221,0.096854,0.000253,0.043997,0.223046,0.567158,8,
0.010739,0.068324,0.001979,0.016070,0.136534,0.051885,0.002082,0.183047,0.038693,0.490645,9,
0.004651,0.000003,0.800851,0.006524,0.030060,0.001444,0.156176,0.000152,0.000020,0.000119,2,
0.001891,0.000001,0.389130,0.000448,0.031282,0.000429,0.576728,0.000015,0.000008,0.000069,2,
0.006966,0.583161,0.116404,0.027499,0.145651,0.016236,0.065881,0.007445,0.004672,0.026085,6,
0.003022,0.000172,0.000053,0.003694,0.025520,0.014863,0.000035,0.677242,0.004726,0.270673,7,
0.000093,0.989041,0.002917,0.004174,0.001613,0.000435,0.000270,0.000707,0.000141,0.000609,1,
0.000706,0.000153,0.001004,0.016453,0.013716,0.001783,0.000052,0.957355,0.000025,0.008751,7,
0.129103,0.000000,0.020180,0.639602,0.004356,0.165919,0.000099,0.012355,0.025198,0.003188,3,
0.002960,0.655804,0.047694,0.069413,0.082444,0.009243,0.006147,0.101932,0.000835,0.023529,1,
0.478963,0.000000,0.103637,0.028777,0.131421,0.180642,0.042096,0.002767,0.018657,0.013041,6,
0.000057,0.987352,0.002776,0.005092,0.001626,0.000263,0.000166,0.002129,0.000037,0.000502,1,
0.088448,0.000001,0.200216,0.004275,0.206526,0.034163,0.454274,0.000357,0.004689,0.007050,4,
0.032432,0.000483,0.009932,0.002689,0.514603,0.048700,0.081990,0.015174,0.022902,0.271096,4,
0.700935,0.000000,0.082362,0.011963,0.002504,0.129692,0.007688,0.000002,0.064725,0.000129,0,
0.048224,0.000000,0.007921,0.000068,0.190156,0.021981,0.677567,0.000021,0.030586,0.023475,4,
0.031425,0.014112,0.029784,0.016570,0.468820,0.065551,0.059804,0.041577,0.025152,0.247204,0,
0.003071,0.003859,0.000121,0.022841,0.012553,0.022736,0.000015,0.751062,0.010133,0.173611,7,
0.066115,0.000019,0.031310,0.651327,0.001755,0.139196,0.000142,0.000930,0.107630,0.001575,3,
0.051338,0.000501,0.001808,0.021503,0.086903,0.171048,0.001428,0.057729,0.213790,0.393951,0,
0.007702,0.000113,0.000215,0.000258,0.246091,0.018062,0.006107,0.036509,0.013505,0.671440,9,
0.852580,0.000000,0.003533,0.000078,0.070567,0.035433,0.035304,0.000099,0.000715,0.001691,0,
0.018531,0.033165,0.205264,0.007785,0.194058,0.024948,0.480524,0.000426,0.016650,0.018651,6,
0.313599,0.000000,0.013866,0.005624,0.288452,0.183806,0.040023,0.007015,0.047106,0.100508,5,
0.040235,0.000004,0.009425,0.756379,0.004703,0.085955,0.000036,0.088522,0.008884,0.005858,3,
0.013022,0.000118,0.001393,0.163920,0.013568,0.048211,0.000033,0.705070,0.006329,0.048335,7,
0.012794,0.000050,0.736895,0.015755,0.049143,0.006575,0.177549,0.000241,0.000363,0.000635,6,
0.737300,0.000000,0.095772,0.007740,0.007262,0.108583,0.018886,0.000006,0.024198,0.000252,8,
0.079710,0.000001,0.000852,0.014406,0.003544,0.171892,0.000160,0.000409,0.713253,0.015775,8,
0.000980,0.943428,0.015789,0.022662,0.005734,0.004042,0.001395,0.001066,0.002440,0.002465,1,
0.002801,0.895045,0.023900,0.023098,0.019468,0.010505,0.005419,0.001822,0.008505,0.009435,1,
0.005878,0.130444,0.016296,0.031193,0.248823,0.017872,0.008248,0.396448,0.001891,0.142906,1,
0.039258,0.000001,0.000797,0.014878,0.089519,0.072447,0.000376,0.543761,0.009516,0.229448,8,
0.015750,0.055743,0.013061,0.004810,0.441880,0.039416,0.073653,0.018334,0.028843,0.308509,4,
0.860256,0.000000,0.006318,0.001107,0.032267,0.086064,0.007566,0.000266,0.003966,0.002191,0,
0.034366,0.002011,0.002274,0.012089,0.154001,0.111977,0.003738,0.060917,0.120255,0.498373,9,
0.021253,0.031682,0.034313,0.733679,0.010762,0.086878,0.000400,0.024585,0.042861,0.013588,3,
0.037014,0.005938,0.002590,0.016067,0.061621,0.146549,0.002734,0.009943,0.457196,0.260348,8,
0.001591,0.906532,0.044022,0.011300,0.012837,0.004670,0.012439,0.000264,0.003739,0.002606,1,
0.230674,0.000000,0.240761,0.001227,0.083220,0.019584,0.423488,0.000038,0.000519,0.000489,4,
0.041757,0.000970,0.002661,0.379190,0.007987,0.212445,0.000053,0.063024,0.235234,0.056680,5,
0.172465,0.000000,0.104204,0.528110,0.005797,0.156274,0.000787,0.001568,0.029381,0.001413,3,
0.117233,0.000003,0.002157,0.010529,0.028764,0.218684,0.001761,0.001896,0.540971,0.078001,0,
0.020459,0.006830,0.320063,0.016336,0.252459,0.021876,0.340389,0.002159,0.004013,0.015415,6,
0.117476,0.000914,0.035742,0.192459,0.080679,0.274484,0.004788,0.027059,0.175694,0.090706,3,
0.069385,0.005596,0.028791,0.011944,0.213555,0.142454,0.078446,0.002221,0.288765,0.158844,8,
0.000468,0.000344,0.033028,0.000019,0.017107,0.000260,0.948415,0.000000,0.000164,0.000194,6,
0.015011,0.000000,0.720300,0.003202,0.008861,0.004185,0.247730,0.000002,0.000656,0.000053,4,
0.005789,0.000572,0.764361,0.217488,0.001086,0.006240,0.003271,0.000022,0.001139,0.000031,3,
0.042032,0.000030,0.017476,0.105614,0.134531,0.064418,0.001991,0.558115,0.003123,0.072670,7,
0.287658,0.000000,0.001291,0.003142,0.009609,0.217187,0.001163,0.000133,0.465971,0.013847,8,
0.738389,0.000000,0.014605,0.014701,0.003221,0.176383,0.001126,0.000033,0.051019,0.000522,0,
0.013610,0.000314,0.362006,0.598193,0.001463,0.019250,0.000965,0.000181,0.003891,0.000128,3,
0.349484,0.000000,0.000169,0.000035,0.009122,0.104099,0.004747,0.000003,0.523638,0.008705,8,
0.001868,0.122090,0.000613,0.004200,0.112954,0.009749,0.001025,0.401986,0.003066,0.342449,7,
0.059346,0.000275,0.002335,0.204014,0.010450,0.254528,0.000095,0.035180,0.362921,0.070856,8,
0.004004,0.000120,0.000343,0.042718,0.010313,0.016739,0.000016,0.876992,0.001849,0.046906,7,
0.091863,0.000292,0.008583,0.011673,0.148974,0.186382,0.017392,0.005594,0.315896,0.213352,4,
0.763856,0.000000,0.009851,0.005011,0.000779,0.131551,0.000842,0.000001,0.088011,0.000097,0,
0.046890,0.001873,0.002849,0.020984,0.042212,0.169925,0.001954,0.006698,0.536178,0.170436,9,
0.041318,0.009475,0.388645,0.401101,0.041432,0.073282,0.014335,0.004951,0.018274,0.007187,2,
0.029474,0.007010,0.014312,0.009211,0.439943,0.063562,0.045145,0.037330,0.031497,0.322518,4,
0.001053,0.000008,0.000135,0.013788,0.004843,0.003314,0.000005,0.964344,0.000106,0.012405,7,
0.010270,0.002261,0.000248,0.005339,0.070016,0.050932,0.000406,0.168325,0.056402,0.635801,9,
0.051214,0.000011,0.588230,0.296752,0.011826,0.038893,0.008273,0.000722,0.003486,0.000594,2,
0.712216,0.000000,0.118145,0.003002,0.018158,0.072630,0.067218,0.000008,0.008297,0.000327,0,
0.013980,0.000082,0.039396,0.000349,0.169769,0.009776,0.748771,0.000058,0.006570,0.011250,4,
0.125744,0.000330,0.022070,0.066153,0.065322,0.267017,0.007080,0.005438,0.360783,0.080065,5,
0.010574,0.028296,0.001294,0.020067,0.099292,0.053238,0.000882,0.293146,0.033740,0.459471,3,
0.209829,0.000001,0.004967,0.011805,0.150698,0.253321,0.007138,0.016186,0.151651,0.194405,5,
0.002024,0.312708,0.065859,0.590795,0.003651,0.007939,0.000251,0.014645,0.000947,0.001181,2,
0.037977,0.002752,0.014664,0.115681,0.153720,0.103808,0.002762,0.358384,0.020457,0.189794,4,
0.195495,0.000000,0.003973,0.001925,0.004117,0.128628,0.003914,0.000004,0.659435,0.002510,8,
0.046975,0.000581,0.023029,0.006942,0.513028,0.066895,0.090688,0.018684,0.024568,0.208610,4,
0.044643,0.001389,0.370333,0.034735,0.248091,0.044096,0.227400,0.003464,0.007529,0.018320,6,
0.087481,0.000347,0.087249,0.394120,0.006564,0.181181,0.001684,0.000538,0.236887,0.003949,3,
0.023671,0.002227,0.045643,0.813257,0.004110,0.071307,0.000249,0.005761,0.030555,0.003219,3,
0.407289,0.000000,0.006085,0.028337,0.064102,0.326378,0.002070,0.015741,0.089936,0.060062,0,
0.058694,0.000000,0.000457,0.005050,0.003202,0.125173,0.000192,0.000169,0.791316,0.015747,8,
0.158683,0.000087,0.025559,0.046020,0.076395,0.269519,0.011601,0.003428,0.338220,0.070488,8,
0.018750,0.055252,0.658900,0.060132,0.038549,0.027783,0.120600,0.000165,0.017107,0.002761,2,
0.066729,0.005911,0.126982,0.098772,0.350005,0.115164,0.050317,0.051601,0.024892,0.109626,7,
0.121396,0.000501,0.038257,0.038473,0.067356,0.222683,0.021141,0.001171,0.437916,0.051106,0,
0.081579,0.000000,0.001939,0.008218,0.001076,0.113700,0.000296,0.000011,0.791333,0.001849,8,
0.002298,0.000308,0.000041,0.003365,0.021664,0.012624,0.000027,0.688888,0.004403,0.266382,7,
0.009995,0.000086,0.021751,0.932408,0.000720,0.025798,0.000024,0.004170,0.004594,0.000453,3,
0.096079,0.000116,0.013498,0.032507,0.020875,0.198565,0.004373,0.000542,0.606125,0.027319,8,
0.007007,0.005279,0.000482,0.002822,0.150681,0.028105,0.001732,0.164716,0.018374,0.620801,9,
0.002579,0.015253,0.023791,0.921268,0.001419,0.010291,0.000033,0.023432,0.001085,0.000850,3,
0.004464,0.035786,0.030331,0.000412,0.218442,0.006257,0.672214,0.000164,0.006313,0.025617,6,
0.094944,0.000000,0.520305,0.014928,0.093083,0.032297,0.239698,0.000268,0.002585,0.001893,6,
0.076218,0.001085,0.008220,0.047768,0.133810,0.210028,0.004458,0.051786,0.180164,0.286464,4,
0.075046,0.000962,0.009021,0.071644,0.028776,0.229730,0.001819,0.005028,0.507354,0.070621,0,
0.046860,0.000161,0.030822,0.739202,0.005012,0.117590,0.000203,0.008402,0.046868,0.004879,8,
0.015814,0.001311,0.256110,0.686543,0.002639,0.028584,0.000982,0.000585,0.007033,0.000399,2,
0.003510,0.003847,0.000313,0.019703,0.026471,0.019493,0.000063,0.753793,0.005174,0.167635,9,
0.219405,0.000026,0.060384,0.075620,0.160317,0.269080,0.021702,0.012313,0.106850,0.074303,0,
0.001029,0.007842,0.000075,0.013606,0.008397,0.008237,0.000009,0.860179,0.002356,0.098268,7,
0.001544,0.261811,0.184366,0.001819,0.078897,0.002009,0.466351,0.000117,0.000591,0.002495,6,
0.022878,0.035943,0.027816,0.011084,0.478317,0.050579,0.079834,0.027869,0.023597,0.242084,4,
0.000294,0.973809,0.003907,0.001497,0.010508,0.001117,0.003431,0.000679,0.000694,0.004064,1,
0.483431,0.000000,0.003619,0.008072,0.034712,0.286132,0.002499,0.001556,0.151526,0.028453,5,
0.008028,0.012313,0.000842,0.105220,0.019263,0.052549,0.000050,0.630536,0.022322,0.148875,7,
0.013876,0.013625,0.093659,0.002862,0.287768,0.017422,0.530377,0.000685,0.009401,0.030325,6,
0.490537,0.000000,0.140703,0.118405,0.020498,0.197123,0.006350,0.000829,0.023441,0.002113,0,
0.074279,0.000069,0.006840,0.005970,0.028721,0.136776,0.010786,0.000173,0.699665,0.036721,0,
0.771304,0.000000,0.045750,0.009014,0.006365,0.131044,0.007304,0.000014,0.028820,0.000385,0,
0.084113,0.000042,0.002024,0.017653,0.099016,0.205142,0.001882,0.045190,0.202535,0.342403,4,
0.002803,0.010781,0.143051,0.000800,0.087026,0.002542,0.749679,0.000044,0.000897,0.002376,6,
0.022353,0.000570,0.142334,0.772247,0.002511,0.044210,0.000526,0.000935,0.013661,0.000652,3,
0.030565,0.000813,0.278549,0.610182,0.003777,0.052216,0.001787,0.000398,0.021042,0.000671,2,
0.032881,0.001622,0.002049,0.065409,0.067053,0.134434,0.000466,0.293270,0.077364,0.325452,3,
0.000338,0.000096,0.009765,0.000005,0.028417,0.000177,0.960684,0.000001,0.000095,0.000422,6,
0.000646,0.000000,0.840961,0.000249,0.000340,0.000099,0.157695,0.000000,0.000010,0.000000,2,
0.001253,0.642713,0.004705,0.092923,0.014355,0.007402,0.000171,0.215533,0.001106,0.019838,9,
0.130109,0.000005,0.225169,0.330870,0.002159,0.141407,0.002322,0.000029,0.167506,0.000424,2,
0.226254,0.000000,0.000886,0.003425,0.039854,0.248255,0.001705,0.002207,0.377737,0.099677,5,
0.002696,0.004343,0.000221,0.014673,0.024272,0.015762,0.000051,0.763346,0.004304,0.170330,7,
0.168012,0.000001,0.008664,0.026754,0.247234,0.182802,0.005935,0.135451,0.026449,0.198698,9,
0.009414,0.047249,0.774299,0.049359,0.015365,0.012899,0.083536,0.000044,0.007147,0.000688,2,
0.014640,0.201118,0.036650,0.417119,0.047318,0.060846,0.001336,0.157871,0.014894,0.048207,3,
0.334008,0.000000,0.060831,0.022019,0.259648,0.187645,0.052425,0.008382,0.027810,0.047234,4,
0.054162,0.000304,0.001231,0.083238,0.022520,0.236183,0.000157,0.070943,0.339461,0.191800,9,
0.026178,0.013404,0.055598,0.002000,0.186061,0.039072,0.532460,0.000113,0.103815,0.041299,6,
0.014300,0.000111,0.000092,0.003347,0.046969,0.063319,0.000171,0.134906,0.084054,0.652732,8,
0.070900,0.004977,0.021371,0.018250,0.211598,0.161807,0.038964,0.006300,0.253163,0.212671,4,
0.001216,0.873827,0.008055,0.051249,0.012905,0.006167,0.000500,0.033520,0.001518,0.011043,1,
0.088171,0.000000,0.030092,0.716243,0.001305,0.123031,0.000078,0.001221,0.039083,0.000776,3,
0.029858,0.000002,0.012736,0.867638,0.000424,0.063859,0.000014,0.001326,0.023718,0.000426,3,
0.005347,0.035110,0.002918,0.001208,0.449840,0.014396,0.036534,0.041320,0.006910,0.406417,9,
0.482788,0.000000,0.046696,0.001945,0.302266,0.050434,0.105081,0.003473,0.000585,0.006731,0,
0.001763,0.033662,0.000397,0.046736,0.011806,0.013027,0.000024,0.812840,0.003099,0.076645,7,
0.000055,0.000035,0.000006,0.001169,0.001247,0.000291,0.000000,0.990278,0.000009,0.006910,7,
0.009894,0.013696,0.001470,0.008159,0.177672,0.038543,0.002587,0.217747,0.019266,0.510966,9,
0.740074,0.000000,0.015955,0.018021,0.008997,0.186026,0.001679,0.000245,0.027516,0.001486,5,
0.007824,0.066876,0.673657,0.042771,0.060578,0.010240,0.133189,0.000686,0.001750,0.002429,6,
0.008034,0.088334,0.003015,0.037424,0.103586,0.039146,0.001112,0.422252,0.013795,0.283301,7,
0.002180,0.887718,0.046055,0.022598,0.016757,0.006852,0.008613,0.000928,0.004029,0.004270,1,
0.000817,0.903933,0.048081,0.003647,0.011330,0.001984,0.027344,0.000065,0.001565,0.001234,6,
0.050553,0.000021,0.009808,0.002439,0.555123,0.053377,0.076273,0.018579,0.014357,0.219470,4,
0.004990,0.001526,0.000294,0.018021,0.030414,0.025498,0.000072,0.706713,0.007450,0.205023,7,
0.137441,0.000000,0.002708,0.007848,0.242291,0.075338,0.002346,0.416840,0.001900,0.113288,3,
0.191551,0.000000,0.000329,0.000719,0.056362,0.189025,0.002651,0.001390,0.390577,0.167395,8,
0.174050,0.000000,0.003152,0.001309,0.000004,0.039260,0.000062,0.000000,0.782163,0.000001,8,
0.348734,0.000000,0.025547,0.239329,0.001229,0.249399,0.000173,0.000134,0.134899,0.000556,3,
0.035903,0.014474,0.255339,0.024956,0.286248,0.048347,0.280123,0.002774,0.017572,0.034265,6,
0.010480,0.000027,0.009181,0.937398,0.000451,0.030172,0.000008,0.005316,0.006469,0.000499,3,
0.008142,0.000457,0.097278,0.000763,0.140488,0.005874,0.739623,0.000082,0.002033,0.005259,6,
0.000937,0.022693,0.000281,0.016580,0.015563,0.005992,0.000035,0.866245,0.000908,0.070765,7,
0.010926,0.068067,0.002062,0.005816,0.195691,0.045945,0.006636,0.057969,0.053071,0.553817,9,
0.006435,0.301103,0.039377,0.568221,0.009260,0.029531,0.000403,0.029390,0.008675,0.007606,7,
0.069596,0.000208,0.032999,0.614445,0.010835,0.170882,0.000436,0.013733,0.075299,0.011566,5,
0.230153,0.000000,0.001706,0.011106,0.075317,0.290034,0.001659,0.018338,0.196532,0.175154,5,
0.060176,0.000000,0.000328,0.003209,0.002207,0.112285,0.000155,0.000077,0.811031,0.010532,0,
0.001104,0.942100,0.017622,0.020796,0.005785,0.004434,0.001793,0.000704,0.003264,0.002398,1,
0.079768,0.000593,0.045310,0.480072,0.012092,0.201215,0.000956,0.004955,0.162824,0.012214,9,
0.055170,0.005282,0.549159,0.153159,0.060468,0.075809,0.062186,0.001033,0.030804,0.006929,0,
0.725618,0.000000,0.011187,0.006648,0.095675,0.131346,0.006316,0.008977,0.003356,0.010877,0,
0.001256,0.059756,0.000254,0.046579,0.007838,0.011061,0.000012,0.801437,0.003147,0.068660,7,
0.025049,0.000350,0.001161,0.059021,0.047210,0.096826,0.000188,0.491549,0.034683,0.243962,3,
0.032734,0.016280,0.020632,0.018575,0.401816,0.077990,0.037059,0.050469,0.037451,0.306995,7,
0.000294,0.978661,0.002881,0.007108,0.003739,0.001519,0.000391,0.001918,0.000791,0.002696,1,
0.131680,0.000072,0.010563,0.046367,0.054447,0.273218,0.003875,0.006231,0.382428,0.091119,0,
0.004929,0.000000,0.179754,0.000103,0.061600,0.000414,0.753102,0.000026,0.000002,0.000071,2,
0.005459,0.021350,0.269623,0.682975,0.003491,0.012184,0.000963,0.001992,0.001533,0.000430,3,
0.014350,0.178261,0.019062,0.043823,0.257185,0.048711,0.011439,0.173772,0.014703,0.238694,7,
0.014797,0.015906,0.004805,0.058021,0.116094,0.057346,0.001296,0.468004,0.015076,0.248655,9,
0.006188,0.011740,0.001573,0.005894,0.213307,0.021334,0.003124,0.326535,0.005622,0.404683,4,
0.055324,0.003133,0.013498,0.014505,0.302293,0.124765,0.029736,0.021868,0.109746,0.325132,4,
0.060088,0.000000,0.000938,0.007989,0.000512,0.097113,0.000094,0.000009,0.831932,0.001325,5,
0.003803,0.290000,0.002025,0.109791,0.022296,0.027337,0.000122,0.439490,0.009891,0.095246,7,
0.193055,0.000024,0.037712,0.085336,0.182169,0.261688,0.012007,0.039108,0.075663,0.113237,0,
0.151338,0.000004,0.006365,0.054529,0.016568,0.282471,0.000980,0.002397,0.452475,0.032873,8,
0.021774,0.000083,0.004679,0.829570,0.001175,0.083573,0.000011,0.015337,0.040281,0.003516,3,
0.053192,0.025930,0.020633,0.059983,0.193013,0.165836,0.012406,0.042680,0.149549,0.276776,4,
0.011230,0.050013,0.002469,0.071583,0.063046,0.061099,0.000451,0.451254,0.027490,0.261366,9,
0.005172,0.062050,0.110254,0.002057,0.223682,0.006747,0.572078,0.000522,0.002515,0.014923,6,
0.324637,0.000000,0.002936,0.014993,0.041098,0.321208,0.001582,0.005271,0.224448,0.063827,5,
0.037626,0.000017,0.004623,0.000212,0.413532,0.035901,0.293277,0.000503,0.050729,0.163581,5,
0.064399,0.009080,0.297233,0.076916,0.246887,0.094391,0.131394,0.006425,0.031746,0.041528,5,
0.007943,0.000050,0.000152,0.007514,0.038984,0.029561,0.000079,0.636639,0.007769,0.271309,7,
0.027019,0.032184,0.002811,0.091035,0.052451,0.151337,0.000557,0.139162,0.186825,0.316619,9,
0.010980,0.000076,0.000056,0.000555,0.063967,0.041635,0.000562,0.028179,0.101579,0.752411,9,
0.064402,0.000029,0.003864,0.295920,0.002141,0.216281,0.000046,0.002910,0.405459,0.008947,9,
0.045554,0.002797,0.016659,0.003209,0.060310,0.089937,0.076039,0.000072,0.660940,0.044483,8,
0.000675,0.000523,0.000019,0.002453,0.009475,0.004402,0.000007,0.858149,0.001012,0.123285,7,
0.759013,0.000000,0.014730,0.010859,0.038215,0.157782,0.004104,0.002044,0.008364,0.004888,0,
0.058295,0.000397,0.003004,0.072344,0.013311,0.216545,0.000372,0.006512,0.565866,0.063355,0,
0.012979,0.000287,0.000644,0.001059,0.265037,0.031373,0.006776,0.059696,0.019163,0.602987,9,
0.003100,0.029462,0.001059,0.003690,0.195494,0.011863,0.002580,0.376933,0.002748,0.373071,7,
0.096672,0.000005,0.022354,0.622659,0.005044,0.178902,0.000161,0.008256,0.060846,0.005100,5,
0.101018,0.000371,0.035214,0.013630,0.056532,0.162964,0.043509,0.000205,0.553063,0.033494,8,
0.737339,0.000000,0.014605,0.014748,0.003123,0.176440,0.001108,0.000031,0.052097,0.000508,0,
0.001464,0.046815,0.000314,0.026152,0.015843,0.010829,0.000035,0.792611,0.002772,0.103165,7,
0.004010,0.603360,0.026727,0.006150,0.209367,0.010720,0.059360,0.011004,0.004059,0.065242,1,
0.016359,0.000303,0.000571,0.000597,0.236646,0.039700,0.011388,0.014180,0.057952,0.622303,9,
0.136857,0.000017,0.008436,0.039408,0.027727,0.261215,0.002417,0.002187,0.474818,0.046917,8,
0.066307,0.000000,0.790842,0.009014,0.007892,0.013173,0.111269,0.000003,0.001444,0.000056,6,
0.012023,0.215876,0.016970,0.003891,0.352666,0.032194,0.110751,0.006286,0.036353,0.212989,4,
0.000061,0.000089,0.000006,0.001478,0.001272,0.000364,0.000000,0.988152,0.000015,0.008562,7,
0.005907,0.000304,0.000062,0.003631,0.036355,0.030962,0.000071,0.378274,0.022319,0.522115,7,
0.151685,0.000001,0.003234,0.062522,0.006387,0.280704,0.000241,0.001680,0.476185,0.017362,8,
0.017134,0.000000,0.022717,0.000123,0.205255,0.006677,0.738048,0.000070,0.001725,0.008251,6,
0.046719,0.050580,0.037382,0.175993,0.162848,0.152581,0.007445,0.108749,0.070954,0.186748,3,
0.237891,0.000000,0.001777,0.006845,0.182382,0.207153,0.002956,0.070161,0.043914,0.246919,9,
0.001178,0.001774,0.000027,0.004011,0.012336,0.008776,0.000011,0.759482,0.003586,0.208818,7,
0.065653,0.000397,0.006783,0.010185,0.262759,0.135076,0.017177,0.025109,0.114145,0.362716,4,
0.017872,0.412436,0.037924,0.025286,0.209910,0.055283,0.043214,0.012716,0.048461,0.136898,6,
0.016100,0.000101,0.092594,0.852490,0.001043,0.029902,0.000155,0.000785,0.006563,0.000266,3,
0.001991,0.466062,0.142522,0.372100,0.004472,0.006364,0.000920,0.003932,0.000882,0.000754,2,
0.057033,0.000001,0.694822,0.181273,0.000745,0.036728,0.004427,0.000002,0.024938,0.000030,2,
0.019984,0.000062,0.147300,0.001641,0.151366,0.011934,0.658711,0.000113,0.003395,0.005494,6,
0.061345,0.000671,0.018668,0.066455,0.253587,0.126999,0.007584,0.207444,0.026597,0.230651,7,
0.012822,0.076373,0.040725,0.008978,0.525290,0.026122,0.119779,0.028285,0.007296,0.154329,4,
0.009632,0.000005,0.922926,0.007984,0.000484,0.004384,0.048836,0.000000,0.005745,0.000005,2,
0.000238,0.000545,0.000017,0.003935,0.002973,0.001651,0.000002,0.961443,0.000179,0.029018,7,
0.002326,0.224652,0.002384,0.040408,0.046576,0.012808,0.000369,0.569103,0.002265,0.099108,7,
0.000525,0.001786,0.076155,0.000064,0.019190,0.000328,0.901611,0.000001,0.000148,0.000192,6,
0.046761,0.000014,0.007157,0.716828,0.001485,0.135669,0.000024,0.006571,0.082026,0.003465,3,
0.774487,0.000000,0.013785,0.011151,0.012360,0.164999,0.002310,0.000288,0.018882,0.001737,0,
0.124236,0.000002,0.002429,0.020601,0.017182,0.241696,0.000844,0.001993,0.541555,0.049460,8,
0.003011,0.047744,0.000594,0.090485,0.011727,0.023600,0.000025,0.726178,0.007801,0.088836,7,
0.007434,0.634967,0.006401,0.040354,0.058764,0.039662,0.002131,0.047704,0.035458,0.127125,7,
0.072438,0.000105,0.005837,0.001820,0.251115,0.111357,0.067829,0.001620,0.241261,0.246619,9,
0.026277,0.000034,0.043150,0.752401,0.012116,0.045316,0.000234,0.113841,0.001990,0.004640,3,
0.002064,0.004855,0.000123,0.030918,0.007917,0.016065,0.000008,0.833153,0.005367,0.099531,7,
0.121181,0.000001,0.001790,0.013812,0.016817,0.226985,0.000841,0.001580,0.565459,0.051533,5,
0.681761,0.000000,0.014290,0.016421,0.000975,0.174858,0.000599,0.000005,0.110917,0.000174,0,
0.007077,0.099121,0.032397,0.776645,0.006102,0.031930,0.000193,0.032518,0.008349,0.005668,3,
0.006273,0.000007,0.000014,0.000139,0.062111,0.020596,0.000311,0.041397,0.033120,0.836032,7,
0.013730,0.562948,0.060939,0.101796,0.098477,0.046617,0.012239,0.026981,0.020641,0.055632,8,
0.001074,0.931093,0.005557,0.016454,0.014506,0.005243,0.001035,0.009899,0.002436,0.012703,1,
0.015882,0.000167,0.166827,0.782712,0.001257,0.026514,0.000335,0.000466,0.005630,0.000211,3,
0.000580,0.965954,0.011095,0.004549,0.007471,0.002079,0.003963,0.000317,0.001654,0.002337,1,
0.220953,0.000000,0.002714,0.026518,0.017356,0.308727,0.000658,0.002907,0.381019,0.039148,5,
0.000190,0.967411,0.001533,0.004668,0.007169,0.001010,0.000327,0.011691,0.000248,0.005752,1,
0.119689,0.000002,0.019941,0.009139,0.006206,0.129483,0.008770,0.000008,0.703718,0.003045,8,
0.152399,0.000000,0.000773,0.000613,0.154253,0.151071,0.012701,0.002088,0.248259,0.277842,9,
0.365690,0.000000,0.008361,0.056913,0.077938,0.318023,0.001641,0.051263,0.051388,0.068783,7,
0.009742,0.000368,0.000104,0.001137,0.076017,0.040508,0.000623,0.056673,0.069899,0.744929,7,
0.522238,0.000000,0.026648,0.049156,0.015487,0.279733,0.002653,0.000614,0.098452,0.005018,0,
0.017215,0.000724,0.000280,0.021007,0.036198,0.091039,0.000107,0.297843,0.086450,0.449138,9,
0.000584,0.006823,0.000078,0.008094,0.009218,0.004078,0.000012,0.903048,0.000675,0.067391,7,
0.193266,0.000000,0.006522,0.002854,0.015797,0.159418,0.010799,0.000027,0.601001,0.010317,8,
0.023489,0.000872,0.012246,0.805027,0.002884,0.089242,0.000055,0.014736,0.045835,0.005615,3,
0.026520,0.025938,0.008758,0.013664,0.296561,0.080008,0.018736,0.047711,0.064344,0.417761,4,
0.058214,0.000059,0.003306,0.283631,0.002551,0.215947,0.000046,0.004273,0.419497,0.012476,9,
0.012582,0.000009,0.005339,0.928607,0.000348,0.037346,0.000004,0.005838,0.009369,0.000558,3,
0.135814,0.000087,0.023203,0.065799,0.213589,0.225949,0.010160,0.065706,0.074322,0.185370,4,
0.005555,0.196668,0.638088,0.070155,0.023332,0.009129,0.053248,0.000326,0.002335,0.001165,2,
0.051450,0.000122,0.002967,0.005921,0.260718,0.104199,0.009951,0.043702,0.069635,0.451334,4,
0.033687,0.030333,0.296945,0.483129,0.014872,0.078669,0.006636,0.001209,0.050543,0.003978,2,
0.012364,0.000000,0.924094,0.001993,0.000216,0.002090,0.058045,0.000000,0.001197,0.000001,2,
0.046971,0.000028,0.000417,0.004358,0.029499,0.143207,0.000720,0.004839,0.556141,0.213820,0,
0.029903,0.000148,0.001090,0.005122,0.187209,0.076094,0.003029,0.103354,0.045418,0.548633,9,
0.061874,0.008440,0.015355,0.233563,0.059348,0.228772,0.001525,0.069276,0.182155,0.139692,8,
0.132216,0.000000,0.609087,0.005379,0.012390,0.024408,0.211391,0.000002,0.005008,0.000118,6,
0.005538,0.002292,0.002259,0.056819,0.039578,0.020128,0.000204,0.798936,0.001929,0.072318,7,
0.001223,0.936409,0.006518,0.010166,0.017275,0.005460,0.002184,0.004211,0.003597,0.012958,1,
0.061476,0.001533,0.013632,0.010288,0.318061,0.123175,0.040944,0.013624,0.117398,0.299871,9,
0.001337,0.000135,0.000177,0.032023,0.004499,0.006211,0.000005,0.935346,0.000445,0.019823,7,
0.114470,0.001749,0.063422,0.034862,0.186236,0.198428,0.062705,0.003281,0.235454,0.099394,6,
0.093581,0.000008,0.024475,0.005002,0.519422,0.080521,0.107982,0.011937,0.019171,0.137901,5,
0.091008,0.000173,0.044445,0.315134,0.005465,0.202992,0.000955,0.000590,0.334244,0.004994,8,
0.090251,0.000027,0.003305,0.003071,0.179134,0.149364,0.019734,0.004029,0.268354,0.282731,8,
0.004933,0.164274,0.001507,0.130539,0.019548,0.037415,0.000079,0.509555,0.016319,0.115833,9,
0.001582,0.932998,0.014114,0.012660,0.014773,0.006176,0.003971,0.001410,0.004948,0.007366,1,
0.084411,0.002535,0.018559,0.036701,0.169292,0.203819,0.016028,0.015135,0.236747,0.216773,9,
0.040815,0.034357,0.022004,0.317252,0.071245,0.160858,0.001664,0.142688,0.078468,0.130648,3,
0.654246,0.000000,0.011832,0.010882,0.000372,0.151181,0.000424,0.000001,0.171001,0.000062,0,
0.001111,0.010839,0.000164,0.016349,0.012041,0.007648,0.000019,0.866913,0.001539,0.083376,7,
