0, 1, 2, 3, 4, 5, 6, 7, 8, 9, True
0.002871,0.088250,0.008480,0.009050,0.625452,0.060581,0.015109,0.014547,0.011914,0.163747,4,
0.014869,0.028087,0.012915,0.007273,0.004586,0.869862,0.026539,0.005678,0.022454,0.007738,0,
0.120467,0.025531,0.102348,0.035181,0.001660,0.632099,0.053157,0.002311,0.025287,0.001959,0,
0.002129,0.748965,0.007175,0.011857,0.022523,0.043322,0.002438,0.122646,0.004816,0.034129,0,
0.000104,0.965811,0.001672,0.005841,0.003020,0.006334,0.000832,0.014098,0.000345,0.001944,1,
0.000132,0.908059,0.002397,0.007026,0.019371,0.013917,0.001830,0.040116,0.000385,0.006765,1,
0.008261,0.393676,0.220046,0.042895,0.015144,0.077477,0.202438,0.009447,0.019989,0.010628,2,
0.000088,0.990172,0.001176,0.001373,0.000455,0.001345,0.000324,0.003576,0.000415,0.001075,1,
0.058377,0.078286,0.077453,0.049728,0.006241,0.580788,0.039020,0.014365,0.082356,0.013386,8,
0.014851,0.236768,0.170830,0.006143,0.038229,0.271919,0.230932,0.004136,0.017306,0.008885,2,
0.000122,0.991377,0.001540,0.000876,0.000134,0.003601,0.000979,0.000496,0.000495,0.000381,1,
0.041844,0.007343,0.018196,0.008369,0.006678,0.902085,0.005388,0.004653,0.001873,0.003571,0,
0.001306,0.517828,0.004673,0.020162,0.013694,0.061690,0.000965,0.355161,0.002127,0.022394,7,
0.006168,0.125867,0.041693,0.012285,0.181739,0.496008,0.026073,0.068956,0.007200,0.034010,5,
0.006381,0.259691,0.031102,0.555565,0.001879,0.061692,0.002102,0.039013,0.029570,0.013005,3,
0.000401,0.905059,0.004502,0.009285,0.023070,0.006771,0.001221,0.016042,0.004188,0.029461,4,
0.002324,0.623889,0.180291,0.056220,0.016935,0.014827,0.021942,0.073353,0.003116,0.007103,2,
0.002354,0.006181,0.001745,0.005841,0.001165,0.902783,0.000514,0.072453,0.004829,0.002135,5,
0.002428,0.829452,0.005780,0.026837,0.005676,0.015683,0.000591,0.058383,0.016119,0.039050,8,
0.002993,0.615911,0.004608,0.009539,0.042891,0.201018,0.005193,0.047782,0.006029,0.064035,9,
0.000102,0.990047,0.001405,0.000966,0.000247,0.004422,0.000815,0.001233,0.000336,0.000428,1,
0.001971,0.814313,0.012540,0.045181,0.006872,0.067117,0.005040,0.026584,0.007298,0.013084,8,
0.018000,0.115232,0.035355,0.075946,0.056434,0.180698,0.006545,0.347182,0.021112,0.143496,3,
0.079230,0.000719,0.001199,0.003249,0.001319,0.908062,0.000124,0.002589,0.000413,0.003096,0,
0.000304,0.723628,0.002128,0.010738,0.027777,0.010995,0.000434,0.181163,0.000761,0.042071,7,
0.001398,0.852498,0.014226,0.004178,0.002237,0.037576,0.080383,0.002058,0.002654,0.002792,6,
0.011889,0.059306,0.124370,0.613718,0.005289,0.062980,0.004501,0.050270,0.050852,0.016826,3,
0.001205,0.030238,0.051154,0.002064,0.168243,0.023948,0.711147,0.002779,0.002192,0.007031,6,
0.004528,0.044106,0.499521,0.063154,0.067352,0.019998,0.123409,0.160197,0.004830,0.012905,6,
0.003803,0.011350,0.002373,0.005707,0.134246,0.229600,0.001142,0.299451,0.007947,0.304381,8,
0.000684,0.055711,0.001357,0.021102,0.015945,0.006254,0.000438,0.777544,0.002074,0.118891,7,
0.001187,0.926459,0.017413,0.011287,0.004407,0.007561,0.017328,0.004078,0.004790,0.005489,4,
0.000499,0.722144,0.001933,0.019350,0.027058,0.008591,0.000604,0.164922,0.001298,0.053601,7,
0.007735,0.373785,0.142832,0.038726,0.160482,0.102355,0.049978,0.056591,0.011576,0.055941,4,
0.004025,0.199935,0.015553,0.013481,0.410169,0.039988,0.007207,0.050614,0.009229,0.249801,4,
0.016506,0.535798,0.208707,0.021299,0.008983,0.108753,0.057413,0.024881,0.011334,0.006326,1,
0.014781,0.036994,0.046381,0.060979,0.059017,0.040560,0.005248,0.557796,0.011627,0.166616,8,
0.003241,0.785756,0.051343,0.046803,0.017063,0.050296,0.005064,0.010848,0.006568,0.023019,2,
0.012265,0.084739,0.028986,0.002222,0.010422,0.175950,0.668175,0.000932,0.009726,0.006582,6,
0.064842,0.002490,0.008577,0.006080,0.002392,0.905746,0.000907,0.005744,0.001328,0.001895,0,
0.000800,0.810342,0.004563,0.012481,0.009793,0.018715,0.000684,0.114782,0.003189,0.024651,3,
0.000085,0.026145,0.001176,0.007865,0.017492,0.003980,0.000043,0.905436,0.000159,0.037618,7,
0.002063,0.869205,0.004858,0.024903,0.002218,0.020175,0.000699,0.058962,0.005794,0.011123,9,
0.056855,0.018703,0.079761,0.008573,0.090725,0.654693,0.047446,0.013974,0.005999,0.023272,0,
0.006179,0.150126,0.015620,0.023574,0.375585,0.067284,0.011785,0.032105,0.018661,0.299081,4,
0.009966,0.017795,0.680504,0.004813,0.140983,0.047742,0.088471,0.002807,0.002666,0.004254,2,
0.004466,0.039808,0.005203,0.011896,0.349254,0.097411,0.005501,0.052758,0.016086,0.417618,7,
0.000097,0.981069,0.000794,0.002166,0.000431,0.002539,0.000145,0.011027,0.000400,0.001330,1,
0.000380,0.144665,0.002277,0.017984,0.014095,0.031115,0.000244,0.756481,0.000670,0.032090,7,
0.006727,0.553644,0.259392,0.018155,0.005795,0.047487,0.082925,0.005381,0.016016,0.004477,2,
0.004252,0.300656,0.008025,0.010155,0.074411,0.076761,0.002689,0.368855,0.006763,0.147432,7,
0.005505,0.229394,0.046750,0.018799,0.375052,0.067544,0.159718,0.022932,0.012011,0.062294,6,
0.015542,0.077189,0.045502,0.028703,0.016763,0.762107,0.024259,0.009360,0.009582,0.010993,4,
0.004954,0.457816,0.024810,0.008853,0.234392,0.157038,0.042692,0.020708,0.005916,0.042822,4,
0.001576,0.030987,0.046611,0.009244,0.055826,0.039901,0.802728,0.004136,0.002612,0.006379,6,
0.003158,0.586268,0.005274,0.054652,0.006036,0.209163,0.001785,0.103018,0.006347,0.024298,9,
0.000692,0.581998,0.003198,0.041424,0.012401,0.005576,0.000674,0.292187,0.002433,0.059416,7,
0.017580,0.029679,0.032836,0.008914,0.016448,0.775121,0.017194,0.083473,0.008839,0.009916,0,
0.001532,0.821300,0.007389,0.012282,0.023460,0.010014,0.001639,0.067893,0.005563,0.048927,0,
0.000063,0.992727,0.002157,0.001375,0.000215,0.001503,0.000263,0.000999,0.000344,0.000352,1,
0.011583,0.080386,0.080477,0.019873,0.019796,0.388838,0.375793,0.003564,0.008073,0.011617,5,
0.000742,0.934473,0.002640,0.015730,0.004498,0.009635,0.000903,0.013690,0.004727,0.012962,4,
0.004832,0.792539,0.012083,0.004078,0.026963,0.064946,0.064271,0.005427,0.004901,0.019961,6,
0.001822,0.015497,0.001507,0.016845,0.017966,0.142605,0.000206,0.699124,0.003413,0.101014,9,
0.039020,0.178573,0.256216,0.321198,0.005990,0.119636,0.018504,0.006858,0.045131,0.008875,3,
0.009682,0.107611,0.024518,0.015879,0.034255,0.685627,0.051063,0.020409,0.023543,0.027413,4,
0.003387,0.461253,0.011905,0.012224,0.178144,0.066715,0.006177,0.124430,0.005620,0.130144,7,
0.002220,0.756758,0.012579,0.027941,0.016581,0.033712,0.002909,0.109250,0.007609,0.030441,0,
0.003320,0.532257,0.030921,0.013475,0.061336,0.266082,0.011922,0.057862,0.004595,0.018229,4,
0.000029,0.938796,0.000522,0.004730,0.000893,0.000424,0.000022,0.051813,0.000067,0.002703,1,
0.002932,0.257150,0.015299,0.010041,0.483379,0.059555,0.014120,0.038021,0.005501,0.114001,4,
0.052699,0.001324,0.001257,0.001813,0.000729,0.849855,0.002108,0.000343,0.084779,0.005093,8,
0.011463,0.721085,0.011240,0.054388,0.003926,0.089060,0.002378,0.013782,0.071249,0.021429,8,
0.003457,0.389920,0.006461,0.014214,0.104715,0.049796,0.002599,0.138543,0.011213,0.279081,9,
0.005005,0.498330,0.018248,0.018044,0.128638,0.067524,0.008217,0.069714,0.030306,0.155974,3,
0.001937,0.014710,0.210089,0.005396,0.010867,0.025342,0.726489,0.001787,0.001524,0.001858,6,
0.001324,0.843963,0.002612,0.023954,0.002761,0.049504,0.000679,0.061560,0.002905,0.010737,7,
0.005930,0.184027,0.006352,0.015796,0.040664,0.464686,0.003275,0.205589,0.011201,0.062481,7,
0.009912,0.002797,0.016665,0.001740,0.159002,0.782232,0.012921,0.005564,0.001200,0.007968,0,
0.012717,0.102216,0.152550,0.007546,0.257961,0.158614,0.275684,0.008065,0.008367,0.016282,6,
0.049293,0.002642,0.016810,0.003430,0.000798,0.891282,0.007474,0.000589,0.026866,0.000817,5,
0.008355,0.039496,0.268186,0.014819,0.073752,0.059659,0.497176,0.025457,0.004967,0.008133,6,
0.000121,0.963715,0.001104,0.002063,0.001031,0.003968,0.000196,0.025452,0.000353,0.001995,1,
0.001529,0.681708,0.003674,0.108633,0.003844,0.054961,0.000496,0.113754,0.008360,0.023042,3,
0.007498,0.129088,0.006354,0.033278,0.058687,0.303627,0.002507,0.242015,0.034149,0.182797,8,
0.003369,0.592984,0.005916,0.012641,0.058543,0.035155,0.002113,0.062282,0.010904,0.216094,9,
0.003059,0.055866,0.015213,0.837350,0.000186,0.060113,0.000276,0.008980,0.015453,0.003504,3,
0.012985,0.106734,0.596327,0.051577,0.019747,0.079100,0.106578,0.013282,0.006494,0.007175,2,
0.005564,0.016118,0.003357,0.001129,0.034245,0.900966,0.002791,0.013897,0.004287,0.017645,5,
0.046928,0.015579,0.047329,0.010449,0.011632,0.765770,0.085897,0.003363,0.007236,0.005817,0,
0.046946,0.019304,0.347438,0.192560,0.006612,0.324391,0.044008,0.005630,0.008513,0.004599,2,
0.001337,0.898199,0.011328,0.035516,0.003765,0.021989,0.003412,0.012930,0.005471,0.006052,3,
0.014872,0.280010,0.067147,0.343224,0.007727,0.169689,0.011276,0.076710,0.017725,0.011619,3,
0.000552,0.880680,0.004886,0.025328,0.008311,0.018937,0.001681,0.050319,0.001666,0.007639,1,
0.014696,0.041156,0.109533,0.011356,0.301097,0.272352,0.109674,0.085209,0.010561,0.044367,0,
0.038170,0.010617,0.030526,0.002020,0.009738,0.356028,0.529257,0.001305,0.016967,0.005371,0,
0.017932,0.441665,0.006434,0.051409,0.009182,0.260194,0.002459,0.039294,0.075894,0.095538,8,
0.008567,0.244841,0.020991,0.021001,0.355143,0.133813,0.012276,0.052076,0.010068,0.141225,9,
0.000622,0.807081,0.082870,0.084078,0.000841,0.005484,0.001788,0.013128,0.002539,0.001569,2,
0.000093,0.976721,0.001162,0.002702,0.000668,0.007413,0.000382,0.009612,0.000291,0.000956,1,
0.007845,0.066529,0.018003,0.016280,0.124407,0.294875,0.006570,0.369867,0.010615,0.085008,5,
0.002548,0.512449,0.005820,0.016676,0.101708,0.052561,0.002688,0.121110,0.008086,0.176354,4,
0.000352,0.917617,0.013182,0.003582,0.011545,0.006462,0.037181,0.005939,0.000817,0.003324,2,
0.002112,0.676904,0.048883,0.220573,0.001007,0.024952,0.003158,0.011324,0.008166,0.002922,3,
0.034183,0.003987,0.013362,0.005697,0.027645,0.879270,0.005911,0.019787,0.002325,0.007832,0,
0.001731,0.027200,0.747168,0.021199,0.002264,0.015827,0.175482,0.002680,0.005547,0.000901,2,
0.013669,0.747555,0.008500,0.040673,0.005110,0.072885,0.003723,0.015776,0.062888,0.029222,8,
0.003203,0.008492,0.005592,0.006257,0.025752,0.928961,0.001419,0.014642,0.000766,0.004917,0,
0.011842,0.375206,0.041483,0.310611,0.005273,0.094245,0.005495,0.114314,0.020558,0.020972,3,
0.030757,0.250250,0.251766,0.085888,0.010281,0.186339,0.123273,0.016431,0.035223,0.009793,2,
0.002103,0.034482,0.022035,0.003001,0.030402,0.049432,0.846765,0.002160,0.003124,0.006494,6,
0.009231,0.022687,0.095088,0.003875,0.168448,0.039107,0.641222,0.005553,0.005267,0.009524,6,
0.009554,0.633039,0.126149,0.038375,0.040496,0.055664,0.039049,0.018824,0.014638,0.024212,4,
0.006774,0.219277,0.055983,0.624063,0.001182,0.041366,0.002082,0.030947,0.013407,0.004920,3,
0.000973,0.647468,0.051066,0.014323,0.188624,0.011831,0.014797,0.036987,0.002460,0.031471,4,
0.008292,0.061660,0.076372,0.013155,0.601085,0.092886,0.080217,0.011019,0.006818,0.048496,4,
0.001068,0.697163,0.026933,0.196000,0.001961,0.045106,0.001657,0.021037,0.004478,0.004597,3,
0.002728,0.763022,0.017323,0.004952,0.093939,0.031639,0.048755,0.009406,0.004090,0.024145,6,
0.001925,0.012074,0.005041,0.004244,0.027760,0.917688,0.004683,0.018325,0.002668,0.005592,4,
0.011124,0.094181,0.207813,0.028793,0.354635,0.119792,0.054540,0.082510,0.005572,0.041040,2,
0.005199,0.269211,0.013560,0.452468,0.004232,0.029080,0.002076,0.153258,0.031734,0.039182,3,
0.013524,0.056618,0.137081,0.005413,0.030627,0.072234,0.665143,0.002848,0.009157,0.007355,6,
0.004185,0.011306,0.006109,0.011484,0.173215,0.070716,0.003012,0.557527,0.006976,0.155470,9,
0.000493,0.973873,0.002969,0.002594,0.002114,0.008117,0.002853,0.002080,0.001861,0.003046,1,
0.006772,0.452223,0.009775,0.014997,0.063898,0.240344,0.008269,0.125706,0.010017,0.068000,4,
0.001402,0.665757,0.172615,0.014891,0.018520,0.012847,0.079060,0.024537,0.003976,0.006396,2,
0.052675,0.341543,0.121459,0.136002,0.009343,0.198267,0.041312,0.011998,0.075755,0.011645,5,
0.004368,0.120418,0.015966,0.028005,0.198265,0.034954,0.004479,0.099544,0.026612,0.467390,9,
0.000034,0.911292,0.002065,0.009495,0.004385,0.000675,0.000186,0.069525,0.000095,0.002248,1,
0.091648,0.020292,0.040437,0.053043,0.001217,0.745407,0.010847,0.005613,0.027266,0.004231,0,
0.000076,0.908063,0.001539,0.006952,0.013647,0.013925,0.000706,0.047262,0.000300,0.007530,1,
0.002751,0.924538,0.004841,0.006081,0.001409,0.037804,0.002581,0.004548,0.010032,0.005415,8,
0.002327,0.097770,0.007044,0.013218,0.341475,0.063956,0.003188,0.240631,0.004384,0.226007,9,
0.007299,0.168125,0.107198,0.007979,0.082640,0.497834,0.092664,0.015780,0.006606,0.013874,2,
0.008761,0.480546,0.290043,0.083426,0.003527,0.058385,0.027428,0.006518,0.035735,0.005630,2,
0.001190,0.410058,0.005420,0.032001,0.030338,0.008683,0.001257,0.431808,0.002656,0.076589,7,
0.003150,0.748147,0.013126,0.016535,0.031310,0.106064,0.015026,0.031321,0.008133,0.027187,0,
0.003428,0.236813,0.093612,0.020238,0.357003,0.024310,0.182730,0.053441,0.004911,0.023513,6,
0.005551,0.608733,0.016497,0.022188,0.087994,0.058245,0.005957,0.058876,0.006764,0.129195,4,
0.005265,0.522036,0.127865,0.069449,0.062014,0.084311,0.052799,0.045517,0.007529,0.023216,4,
0.002920,0.004462,0.000466,0.008602,0.000727,0.972812,0.000099,0.003946,0.002325,0.003641,5,
0.000241,0.033400,0.001643,0.013700,0.019098,0.016365,0.000116,0.866692,0.000451,0.048294,7,
0.000677,0.753973,0.003462,0.071902,0.005548,0.018393,0.000332,0.119679,0.004771,0.021264,5,
0.003701,0.084792,0.004841,0.005751,0.049330,0.761720,0.004714,0.040464,0.011487,0.033199,5,
0.000185,0.972582,0.003428,0.003501,0.000474,0.013552,0.002420,0.002446,0.000641,0.000772,1,
0.009774,0.025692,0.037013,0.009436,0.123696,0.734452,0.009582,0.020900,0.003720,0.025735,5,
0.012532,0.010975,0.030417,0.004401,0.532783,0.293509,0.020899,0.030718,0.003279,0.060487,0,
0.008261,0.431314,0.287086,0.148137,0.005226,0.049127,0.013913,0.018118,0.033118,0.005701,3,
0.002300,0.001955,0.963094,0.010519,0.000090,0.002250,0.018584,0.000127,0.001046,0.000035,2,
0.018676,0.743493,0.090568,0.039135,0.004120,0.036103,0.005122,0.026012,0.022879,0.013891,2,
0.000190,0.930751,0.003122,0.021509,0.001856,0.004329,0.000489,0.033459,0.000621,0.003675,3,
0.000252,0.936854,0.001610,0.003874,0.010600,0.011875,0.000838,0.018657,0.001087,0.014352,1,
0.070497,0.007260,0.072180,0.003533,0.113393,0.657123,0.048921,0.005698,0.005225,0.016171,2,
0.005138,0.196011,0.008590,0.029907,0.229543,0.251468,0.006711,0.128183,0.014068,0.130382,8,
0.009834,0.059052,0.010236,0.008265,0.325372,0.157240,0.008285,0.095177,0.011810,0.314728,9,
0.007500,0.147049,0.038958,0.009985,0.454490,0.189034,0.039070,0.053425,0.009394,0.051095,5,
0.000478,0.909225,0.007776,0.045107,0.001156,0.013773,0.000953,0.016009,0.002200,0.003322,3,
0.000046,0.987675,0.001409,0.003311,0.000451,0.002120,0.000275,0.003563,0.000290,0.000860,1,
0.012769,0.212431,0.011058,0.024872,0.094922,0.144448,0.006051,0.158163,0.044826,0.290461,8,
0.000832,0.738496,0.004718,0.007872,0.050278,0.021836,0.001140,0.102647,0.002918,0.069264,9,
0.019075,0.288490,0.234993,0.051096,0.040035,0.114446,0.183878,0.040078,0.011799,0.016109,2,
0.006428,0.125610,0.266571,0.021741,0.285120,0.031018,0.176807,0.056905,0.006849,0.022951,2,
0.000279,0.939562,0.005320,0.003506,0.010119,0.017290,0.008857,0.010632,0.000699,0.003737,6,
0.001094,0.042396,0.002247,0.013656,0.072803,0.068414,0.000668,0.670310,0.001915,0.126497,7,
0.000027,0.990992,0.000687,0.002136,0.000302,0.002149,0.000197,0.002810,0.000139,0.000563,1,
0.000867,0.080872,0.010692,0.013944,0.110117,0.005690,0.001255,0.707439,0.001380,0.067744,7,
0.002009,0.011405,0.036829,0.901806,0.000541,0.033539,0.001075,0.009094,0.002433,0.001269,3,
0.000044,0.943530,0.002130,0.008408,0.005128,0.002457,0.000570,0.035206,0.000181,0.002345,1,
0.021798,0.297756,0.067602,0.038035,0.127804,0.177547,0.042565,0.129967,0.017455,0.079471,6,
0.000007,0.987988,0.000669,0.002828,0.000425,0.000542,0.000078,0.006964,0.000045,0.000455,1,
0.013674,0.394941,0.043881,0.022472,0.160875,0.137502,0.112401,0.022789,0.009658,0.081808,4,
0.004888,0.155759,0.019146,0.010355,0.529153,0.125240,0.019980,0.041253,0.006635,0.087590,4,
0.102856,0.010766,0.012360,0.004961,0.000902,0.812343,0.028585,0.001146,0.024155,0.001925,0,
0.008362,0.055878,0.035554,0.005345,0.545168,0.165989,0.111289,0.009010,0.012493,0.050912,4,
0.001382,0.553178,0.015136,0.010419,0.247478,0.033795,0.010525,0.071305,0.002927,0.053855,0,
0.000825,0.240354,0.002279,0.025299,0.015078,0.018576,0.000471,0.604650,0.002371,0.090096,7,
0.017749,0.277746,0.034475,0.322341,0.005684,0.238154,0.006700,0.034971,0.039479,0.022701,3,
0.006523,0.546298,0.008529,0.017796,0.046419,0.192731,0.005199,0.077978,0.020520,0.078008,0,
0.002283,0.050717,0.005498,0.006696,0.574530,0.074375,0.005284,0.065256,0.004043,0.211319,9,
0.123661,0.009943,0.114569,0.017219,0.071337,0.566922,0.049865,0.024574,0.004360,0.017551,0,
0.003651,0.644074,0.032936,0.008273,0.039428,0.081819,0.157543,0.012816,0.006710,0.012752,6,
0.003319,0.019335,0.015666,0.004925,0.233857,0.639902,0.014027,0.045061,0.002714,0.021194,5,
0.006212,0.097928,0.014085,0.177025,0.017246,0.225610,0.002292,0.405357,0.006884,0.047360,3,
0.000567,0.011105,0.001625,0.024016,0.007406,0.074219,0.000140,0.851300,0.001335,0.028287,7,
0.004628,0.696752,0.089629,0.030462,0.013133,0.033004,0.099284,0.017969,0.005872,0.009267,6,
0.242641,0.052791,0.204772,0.058593,0.003594,0.290252,0.112215,0.006126,0.024308,0.004708,8,
0.022971,0.122384,0.012724,0.020155,0.006770,0.674642,0.005642,0.030042,0.076028,0.028644,8,
0.000046,0.990299,0.000946,0.002042,0.000397,0.001338,0.000234,0.003535,0.000254,0.000909,1,
0.000157,0.984692,0.002205,0.001177,0.000869,0.004212,0.000931,0.004175,0.000548,0.001034,1,
0.000078,0.843513,0.002546,0.008645,0.035222,0.007152,0.000761,0.089248,0.000302,0.012534,1,
0.012261,0.169793,0.018239,0.065511,0.073430,0.124224,0.007855,0.291951,0.029129,0.207607,8,
0.000633,0.821160,0.005722,0.005639,0.089540,0.024821,0.006012,0.015898,0.002586,0.027989,4,
0.117370,0.009784,0.031054,0.011675,0.039446,0.732121,0.011916,0.023917,0.004378,0.018339,0,
0.004121,0.297759,0.016554,0.015339,0.251862,0.058238,0.006293,0.170169,0.009456,0.170209,9,
0.000939,0.824834,0.005269,0.080338,0.002569,0.021227,0.000794,0.049215,0.003504,0.011310,3,
0.008544,0.712285,0.005104,0.006061,0.017338,0.050834,0.003441,0.035050,0.016195,0.145147,8,
0.000178,0.983685,0.002071,0.001474,0.000415,0.007396,0.001940,0.001493,0.000596,0.000753,1,
0.029497,0.026550,0.180631,0.013941,0.319120,0.222877,0.138149,0.022486,0.010193,0.036556,4,
0.006962,0.577042,0.010113,0.156145,0.005301,0.094619,0.001812,0.096471,0.025800,0.025734,5,
0.012646,0.014771,0.222160,0.632328,0.001938,0.084502,0.011628,0.010404,0.007519,0.002104,3,
0.025010,0.264555,0.011991,0.022623,0.055541,0.359584,0.014998,0.043098,0.056691,0.145910,0,
0.001188,0.810445,0.034311,0.006250,0.065671,0.009342,0.031836,0.028313,0.002204,0.010441,6,
0.004817,0.550604,0.014843,0.053148,0.031557,0.192837,0.008416,0.086913,0.012161,0.044704,3,
0.002553,0.871270,0.012577,0.003739,0.031556,0.027907,0.018312,0.007580,0.008666,0.015840,8,
0.004791,0.109338,0.079452,0.003991,0.058233,0.048236,0.676312,0.004606,0.006152,0.008889,6,
0.014262,0.422661,0.184530,0.034176,0.021388,0.083976,0.204505,0.007873,0.010968,0.015662,4,
0.005156,0.150996,0.484098,0.281564,0.001250,0.036228,0.013929,0.012382,0.012718,0.001679,3,
0.004963,0.197343,0.016849,0.029456,0.070631,0.228979,0.005895,0.383486,0.004234,0.058165,7,
0.017475,0.005414,0.009307,0.001450,0.005487,0.929959,0.003722,0.002098,0.020889,0.004200,8,
0.098616,0.004716,0.003134,0.003501,0.001517,0.873323,0.002178,0.001039,0.006992,0.004984,0,
0.005990,0.416335,0.121978,0.330885,0.004395,0.067596,0.009411,0.025857,0.009831,0.007722,3,
0.015989,0.000673,0.000771,0.000166,0.005708,0.954511,0.001350,0.001955,0.015505,0.003372,8,
0.001007,0.672977,0.003488,0.006831,0.064900,0.030824,0.001408,0.141654,0.001736,0.075174,7,
0.008002,0.540526,0.011960,0.091203,0.007849,0.164464,0.001927,0.107095,0.029134,0.037841,8,
0.001198,0.133856,0.004846,0.056977,0.038568,0.034680,0.000863,0.630818,0.002808,0.095387,7,
0.009125,0.390377,0.021811,0.015861,0.223119,0.063935,0.015820,0.058804,0.015641,0.185506,4,
0.126025,0.001859,0.003120,0.001332,0.000303,0.844840,0.006913,0.000181,0.014688,0.000739,0,
0.002164,0.896485,0.002552,0.011467,0.003298,0.030594,0.000918,0.008552,0.014606,0.029363,9,
0.001163,0.916819,0.017495,0.025495,0.001469,0.021015,0.002894,0.007565,0.003036,0.003049,2,
0.002433,0.664014,0.007606,0.008998,0.125986,0.076682,0.006968,0.027435,0.003847,0.076031,4,
0.000348,0.006601,0.002032,0.006623,0.040884,0.012082,0.000254,0.898044,0.000566,0.032567,7,
0.003666,0.139225,0.008882,0.008369,0.197287,0.049125,0.002294,0.284596,0.005830,0.300726,9,
0.010161,0.599846,0.148385,0.102084,0.016032,0.022424,0.011049,0.060975,0.008711,0.020332,2,
0.126983,0.069485,0.095103,0.025001,0.021440,0.427347,0.169787,0.011139,0.032563,0.021151,0,
0.003915,0.185353,0.046523,0.011456,0.488662,0.057457,0.146527,0.012310,0.007780,0.040017,4,
0.006486,0.353574,0.008066,0.035596,0.008612,0.531492,0.008894,0.008948,0.022301,0.016032,5,
0.001813,0.600782,0.005679,0.010639,0.051200,0.048206,0.001748,0.190893,0.004209,0.084833,3,
0.003984,0.047987,0.009182,0.004771,0.062943,0.772863,0.006854,0.064024,0.004888,0.022505,5,
0.000602,0.819491,0.039692,0.112997,0.000398,0.007054,0.000758,0.015047,0.002646,0.001315,2,
0.004607,0.282690,0.030660,0.021804,0.206191,0.028603,0.005461,0.109328,0.015030,0.295626,4,
0.043668,0.037183,0.017213,0.012304,0.006425,0.711608,0.035520,0.004993,0.113367,0.017720,8,
0.003322,0.302716,0.012336,0.002256,0.129279,0.492929,0.020664,0.014016,0.002832,0.019649,4,
0.003134,0.457927,0.021448,0.013333,0.050627,0.374979,0.054040,0.008167,0.002661,0.013683,6,
0.019530,0.507657,0.071546,0.137485,0.005068,0.165760,0.015666,0.015838,0.051814,0.009635,3,
0.004756,0.605762,0.023934,0.241440,0.001711,0.052639,0.002300,0.040866,0.015881,0.010710,3,
0.010817,0.045948,0.013912,0.019656,0.032871,0.787109,0.007763,0.039279,0.016386,0.026259,0,
0.038595,0.340118,0.018563,0.037507,0.019081,0.264545,0.010052,0.023720,0.151217,0.096603,8,
0.006797,0.113247,0.011589,0.011124,0.012900,0.788463,0.016467,0.012775,0.014736,0.011901,8,
0.000344,0.966903,0.011440,0.004861,0.001510,0.006057,0.004326,0.001691,0.000912,0.001956,2,
0.000804,0.879876,0.015793,0.011166,0.020628,0.018106,0.005274,0.033733,0.002574,0.012047,7,
0.003726,0.812967,0.025157,0.017447,0.025214,0.040788,0.019626,0.016356,0.016944,0.021776,0,
0.022204,0.181030,0.015313,0.103201,0.003253,0.473132,0.007194,0.005388,0.159017,0.030267,8,
0.002682,0.064352,0.003261,0.011963,0.062449,0.183755,0.001492,0.560869,0.003616,0.105559,7,
0.006460,0.340375,0.024313,0.292302,0.004625,0.242805,0.002257,0.063676,0.004930,0.018257,3,
0.016007,0.522078,0.014838,0.024640,0.006405,0.326717,0.014551,0.007499,0.049702,0.017564,8,
0.002832,0.601807,0.005714,0.012823,0.090581,0.067266,0.003853,0.075355,0.008779,0.130990,9,
0.001601,0.521204,0.067300,0.361325,0.000632,0.011813,0.001015,0.026176,0.006741,0.002193,3,
0.004417,0.485226,0.039282,0.005144,0.253310,0.060225,0.106141,0.012333,0.006634,0.027288,6,
0.022927,0.259143,0.143909,0.021823,0.072234,0.170282,0.249466,0.024187,0.018117,0.017913,6,
0.001650,0.840282,0.003965,0.013681,0.010400,0.035014,0.001076,0.036576,0.006771,0.050585,4,
0.008732,0.723591,0.011825,0.020341,0.005917,0.167385,0.005778,0.014865,0.028788,0.012779,0,
0.003375,0.730621,0.016910,0.102935,0.007301,0.053820,0.001332,0.055233,0.005274,0.023198,8,
0.011727,0.327129,0.251044,0.267284,0.002886,0.076130,0.013360,0.017012,0.029293,0.004135,2,
0.000595,0.208619,0.003455,0.014478,0.052566,0.026347,0.000505,0.607030,0.001172,0.085234,9,
0.008407,0.570306,0.022307,0.023264,0.028573,0.248596,0.014898,0.037393,0.014819,0.031437,0,
0.000539,0.278387,0.002052,0.014101,0.017399,0.019968,0.000336,0.601553,0.001097,0.064566,7,
0.000807,0.815226,0.020658,0.007162,0.025249,0.020723,0.090153,0.010765,0.001592,0.007666,6,
0.000705,0.735896,0.007200,0.009652,0.137647,0.025227,0.005317,0.032216,0.002045,0.044095,4,
0.000116,0.986266,0.001321,0.000413,0.000873,0.006444,0.001407,0.002111,0.000313,0.000735,1,
0.002994,0.001464,0.001222,0.003448,0.013028,0.927135,0.000510,0.038545,0.004359,0.007295,5,
0.002588,0.363857,0.005728,0.021889,0.015908,0.090613,0.001311,0.455082,0.004403,0.038619,7,
0.002825,0.563949,0.027103,0.008604,0.157807,0.067463,0.123902,0.017062,0.004713,0.026571,6,
0.030321,0.027581,0.029524,0.031634,0.005765,0.831765,0.015857,0.009702,0.009024,0.008827,0,
0.012256,0.722480,0.010858,0.010601,0.007032,0.144492,0.018118,0.003194,0.050661,0.020306,0,
0.111152,0.018096,0.049631,0.027914,0.007341,0.719384,0.035518,0.008972,0.012552,0.009440,0,
0.009533,0.191350,0.011080,0.019526,0.146871,0.288120,0.008502,0.126478,0.015304,0.183236,4,
0.003629,0.321915,0.063083,0.021001,0.112072,0.064522,0.364337,0.020832,0.006615,0.021994,6,
0.012154,0.494744,0.085704,0.199184,0.003426,0.107106,0.009302,0.057625,0.023664,0.007091,3,
0.007743,0.732150,0.076835,0.094023,0.001133,0.055035,0.005973,0.008941,0.015299,0.002869,2,
0.003241,0.349398,0.007358,0.026518,0.054242,0.112855,0.002198,0.319595,0.006586,0.118009,3,
0.000894,0.022876,0.043807,0.001524,0.414651,0.024485,0.480278,0.002931,0.001647,0.006907,6,
0.002200,0.013510,0.842832,0.044715,0.002393,0.004781,0.084235,0.002180,0.001915,0.001241,2,
0.000076,0.905301,0.001622,0.013595,0.001995,0.006716,0.000175,0.067203,0.000270,0.003046,9,
0.033259,0.196912,0.214522,0.190191,0.007647,0.165486,0.036336,0.018619,0.121131,0.015897,2,
0.004631,0.005573,0.001088,0.003498,0.007628,0.773487,0.000479,0.166348,0.015812,0.021457,5,
0.001775,0.192690,0.004660,0.012805,0.050503,0.060262,0.001303,0.592301,0.002361,0.081340,7,
0.015514,0.224128,0.026845,0.041105,0.118966,0.105667,0.009246,0.219249,0.016503,0.222777,9,
0.000954,0.776578,0.131664,0.016984,0.008792,0.009151,0.029020,0.018205,0.004061,0.004591,2,
0.000416,0.874191,0.006251,0.034663,0.004734,0.015358,0.000990,0.056230,0.001589,0.005578,3,
0.023933,0.274811,0.031395,0.018879,0.147588,0.360986,0.021980,0.016764,0.011966,0.091699,4,
0.006124,0.378697,0.006436,0.026096,0.024506,0.100331,0.001426,0.284249,0.014767,0.157368,9,
0.008921,0.625534,0.022899,0.002214,0.020848,0.127096,0.167157,0.003050,0.014173,0.008108,6,
0.010559,0.103057,0.007597,0.017567,0.092250,0.228175,0.004809,0.266133,0.023552,0.246302,8,
0.001189,0.923131,0.002751,0.006382,0.007794,0.024313,0.002967,0.005324,0.006304,0.019845,4,
0.000041,0.926668,0.001393,0.004046,0.003612,0.000999,0.000109,0.058269,0.000142,0.004721,1,
0.007514,0.008917,0.069564,0.880720,0.000236,0.012648,0.000599,0.014049,0.004175,0.001579,3,
0.035896,0.089959,0.185588,0.516846,0.003419,0.103935,0.005120,0.020792,0.032088,0.006357,3,
0.002841,0.398047,0.010891,0.007480,0.357067,0.078415,0.010964,0.050679,0.004583,0.079034,9,
0.034802,0.018694,0.151670,0.027899,0.132504,0.321613,0.068164,0.189805,0.008937,0.045912,0,
0.000755,0.370043,0.002867,0.015494,0.012120,0.046498,0.000460,0.521041,0.001274,0.029448,7,
0.001696,0.017492,0.006017,0.010349,0.138642,0.008639,0.001505,0.700523,0.002718,0.112419,7,
0.003370,0.363037,0.008951,0.010357,0.177874,0.074852,0.004307,0.198022,0.004728,0.154501,9,
0.054652,0.006486,0.020524,0.030912,0.003536,0.856292,0.010842,0.003863,0.007850,0.005044,5,
0.000561,0.892667,0.047478,0.013021,0.005099,0.007030,0.018622,0.010273,0.001761,0.003489,6,
0.001095,0.713645,0.004175,0.010244,0.025117,0.055357,0.001532,0.154895,0.002262,0.031677,7,
0.000217,0.975529,0.003842,0.002222,0.000908,0.010052,0.002429,0.003146,0.000719,0.000937,1,
0.000126,0.987505,0.001893,0.000914,0.000377,0.003951,0.003262,0.000925,0.000404,0.000643,6,
0.002464,0.119351,0.007147,0.002767,0.218827,0.599508,0.012799,0.007734,0.001953,0.027448,4,
0.000811,0.540253,0.002838,0.035519,0.026773,0.033330,0.000820,0.292415,0.002432,0.064809,7,
0.007218,0.010173,0.019214,0.011976,0.444698,0.095808,0.011381,0.131132,0.009685,0.258715,3,
0.005986,0.021705,0.006972,0.003042,0.113376,0.731284,0.007300,0.048080,0.015492,0.046763,8,
0.207919,0.007296,0.061010,0.016720,0.003320,0.258584,0.025300,0.003173,0.412739,0.003939,8,
0.024763,0.008472,0.010041,0.159653,0.001523,0.750803,0.000767,0.013353,0.019303,0.011321,3,
0.001715,0.721161,0.021114,0.016855,0.064462,0.061320,0.065623,0.023617,0.003738,0.020395,6,
0.017625,0.108197,0.058289,0.436869,0.003835,0.308680,0.006357,0.029333,0.024367,0.006448,3,
0.004446,0.467364,0.035759,0.006378,0.077643,0.144766,0.229069,0.012036,0.005262,0.017279,6,
0.000518,0.391692,0.002917,0.013889,0.025398,0.027420,0.000507,0.489170,0.000977,0.047511,7,
0.001012,0.772235,0.005661,0.006222,0.073553,0.020545,0.001897,0.044766,0.004034,0.070076,9,
0.001776,0.852236,0.009350,0.049050,0.002962,0.019414,0.001714,0.054420,0.003083,0.005995,7,
0.006418,0.182974,0.013769,0.141398,0.007177,0.577609,0.005261,0.037167,0.014222,0.014005,5,
0.002112,0.009521,0.001414,0.012971,0.018578,0.331616,0.000370,0.569696,0.006974,0.046747,5,
0.048469,0.102889,0.020699,0.037884,0.019048,0.498833,0.008337,0.020730,0.175257,0.067855,0,
0.000095,0.989383,0.001227,0.001835,0.000342,0.002791,0.000397,0.002789,0.000388,0.000753,1,
0.006311,0.295380,0.013265,0.124048,0.006359,0.437755,0.004976,0.059962,0.015493,0.036451,9,
0.004956,0.731622,0.086608,0.029018,0.012295,0.070578,0.031896,0.012126,0.011895,0.009006,0,
0.010697,0.001822,0.010296,0.003749,0.122130,0.826527,0.002758,0.011961,0.000769,0.009292,0,
0.000351,0.305348,0.002012,0.009108,0.009632,0.011280,0.000126,0.626087,0.000616,0.035440,7,
0.002526,0.334843,0.006947,0.053746,0.046819,0.089918,0.001875,0.372990,0.005970,0.084365,3,
0.004568,0.416810,0.023490,0.007553,0.281303,0.085937,0.022683,0.071054,0.008553,0.078049,7,
0.000040,0.983682,0.000670,0.001077,0.000841,0.001300,0.000179,0.010340,0.000189,0.001682,1,
0.011161,0.500731,0.024814,0.037051,0.041274,0.248415,0.018572,0.040889,0.037304,0.039790,0,
0.010512,0.023002,0.586021,0.021297,0.150479,0.043719,0.104977,0.041723,0.004330,0.013941,2,
0.001285,0.598881,0.062996,0.252184,0.004324,0.027702,0.006661,0.037381,0.003952,0.004633,3,
0.000242,0.883356,0.003028,0.007516,0.022663,0.021154,0.001506,0.044669,0.000943,0.014924,7,
0.001366,0.375673,0.008312,0.016051,0.085715,0.061644,0.002433,0.387503,0.002297,0.059005,9,
0.002854,0.282438,0.008980,0.009447,0.252505,0.107487,0.005591,0.228777,0.003571,0.098349,4,
0.001881,0.892874,0.004340,0.006951,0.019577,0.024799,0.004653,0.015874,0.005725,0.023325,4,
0.030693,0.039912,0.017950,0.038882,0.002232,0.775941,0.009553,0.002213,0.073875,0.008748,5,
0.000527,0.680857,0.002615,0.010404,0.007015,0.017971,0.000292,0.258467,0.001102,0.020751,7,
0.003035,0.363292,0.027685,0.023978,0.121072,0.125689,0.009517,0.268063,0.005983,0.051685,0,
0.009189,0.797421,0.034010,0.043561,0.006400,0.020826,0.003192,0.020707,0.040726,0.023968,8,
0.008805,0.147670,0.017910,0.371650,0.004186,0.329585,0.001867,0.085677,0.018624,0.014027,3,
0.003034,0.808718,0.006476,0.006351,0.020164,0.073694,0.005525,0.043993,0.005925,0.026121,4,
0.001287,0.523933,0.004407,0.012545,0.029316,0.034850,0.000885,0.313823,0.002296,0.076658,9,
0.002391,0.600757,0.029967,0.007441,0.103484,0.062793,0.157291,0.016014,0.003995,0.015869,6,
0.005400,0.029654,0.007982,0.011513,0.023702,0.809494,0.003912,0.082390,0.007995,0.017959,5,
0.006930,0.172904,0.021192,0.003215,0.161238,0.527028,0.050912,0.018327,0.009257,0.028996,5,
0.003254,0.486348,0.040903,0.037899,0.050832,0.236674,0.089796,0.028206,0.009815,0.016272,5,
0.000461,0.011887,0.001513,0.011367,0.080428,0.053092,0.000194,0.711652,0.000874,0.128532,7,
0.002673,0.612111,0.008996,0.008351,0.024198,0.034351,0.001664,0.244317,0.006963,0.056375,9,
0.009453,0.457161,0.008641,0.021859,0.075671,0.119869,0.007805,0.052035,0.039997,0.207508,9,
0.015924,0.246595,0.023279,0.464001,0.005090,0.107967,0.004424,0.026587,0.088112,0.018020,9,
0.003544,0.879785,0.018531,0.003011,0.004158,0.040938,0.028979,0.000906,0.015810,0.004339,8,
0.002598,0.139762,0.004516,0.021191,0.053476,0.022114,0.002113,0.614242,0.004788,0.135200,7,
0.023791,0.006260,0.016710,0.003579,0.060664,0.855382,0.009258,0.010914,0.002413,0.011029,0,
0.011629,0.619150,0.006536,0.027492,0.006332,0.201371,0.002565,0.045018,0.033021,0.046887,0,
0.003903,0.075353,0.009263,0.009264,0.507829,0.090108,0.006643,0.070957,0.005433,0.221247,9,
0.002331,0.451352,0.007077,0.009588,0.188982,0.071476,0.004434,0.158251,0.003543,0.102966,7,
0.008336,0.543294,0.016634,0.223548,0.001812,0.154797,0.002135,0.017721,0.022366,0.009357,5,
0.010761,0.662004,0.023384,0.010870,0.011870,0.171301,0.056346,0.004933,0.033674,0.014857,8,
0.165575,0.005351,0.004901,0.006491,0.001179,0.793059,0.001462,0.004698,0.011685,0.005598,0,
0.000409,0.286646,0.002606,0.008210,0.023110,0.015348,0.000266,0.608414,0.000706,0.054285,7,
0.000245,0.943102,0.001628,0.002122,0.003593,0.039566,0.004458,0.002338,0.000766,0.002181,1,
0.004911,0.072953,0.010303,0.007957,0.476695,0.071994,0.007825,0.047379,0.007657,0.292325,9,
0.013268,0.604507,0.016303,0.046121,0.022112,0.151582,0.009948,0.039887,0.050111,0.046160,8,
0.025272,0.117760,0.358186,0.105948,0.017988,0.100642,0.218482,0.014841,0.025996,0.014885,6,
0.000847,0.887776,0.005730,0.002182,0.051008,0.016592,0.006084,0.007990,0.002156,0.019635,4,
0.002521,0.089832,0.008074,0.024831,0.068102,0.019546,0.002320,0.699583,0.005034,0.080158,7,
0.004269,0.258099,0.006325,0.036632,0.073100,0.029064,0.003824,0.365361,0.008891,0.214435,7,
0.009745,0.021755,0.005742,0.021465,0.003397,0.866866,0.002296,0.033599,0.023806,0.011329,8,
0.008334,0.076011,0.020739,0.002929,0.212215,0.387213,0.258873,0.005550,0.004400,0.023736,6,
0.001233,0.819567,0.004441,0.018938,0.010998,0.077170,0.002420,0.045187,0.003407,0.016640,3,
0.003677,0.012310,0.007304,0.009125,0.252748,0.346873,0.003333,0.222667,0.004693,0.137271,9,
0.001311,0.047179,0.002238,0.006411,0.041680,0.041410,0.000616,0.734176,0.001740,0.123238,7,
0.004740,0.307406,0.017248,0.015923,0.316345,0.034680,0.007966,0.082293,0.007750,0.205648,4,
0.000589,0.929001,0.005744,0.001607,0.020736,0.011872,0.004140,0.017092,0.001460,0.007759,6,
0.005346,0.057102,0.079984,0.803095,0.000365,0.034237,0.001271,0.006186,0.011387,0.001026,3,
0.000860,0.814140,0.069195,0.083377,0.000835,0.012486,0.002350,0.012035,0.003207,0.001515,2,
0.042422,0.090490,0.400454,0.107850,0.002561,0.244714,0.025668,0.003643,0.079166,0.003032,2,
0.004369,0.166319,0.095075,0.012327,0.390635,0.073352,0.188210,0.036687,0.006943,0.026083,6,
0.002168,0.506964,0.014321,0.031789,0.110120,0.091354,0.006536,0.175283,0.004730,0.056734,7,
0.001949,0.776386,0.010557,0.003760,0.108058,0.053270,0.009640,0.013074,0.002125,0.021182,4,
0.010676,0.149023,0.618793,0.034135,0.002908,0.026834,0.120891,0.003597,0.030096,0.003047,2,
0.000663,0.088607,0.002444,0.012690,0.043992,0.003942,0.000582,0.765264,0.001152,0.080664,7,
0.000235,0.788269,0.002042,0.011623,0.009856,0.021292,0.000415,0.152089,0.000612,0.013566,7,
0.003065,0.133708,0.070025,0.010175,0.038614,0.052259,0.665961,0.008148,0.005299,0.012745,6,
0.010459,0.138462,0.021409,0.498655,0.008271,0.134528,0.004484,0.121811,0.030601,0.031321,3,
0.058342,0.009319,0.032482,0.014371,0.007522,0.830383,0.004952,0.028950,0.006041,0.007637,0,
0.022016,0.235689,0.015589,0.042337,0.042415,0.410040,0.012437,0.049546,0.061041,0.108891,8,
0.000890,0.459210,0.002645,0.018105,0.008000,0.041616,0.000344,0.438067,0.001639,0.029484,7,
0.000407,0.904540,0.002735,0.002783,0.009273,0.004994,0.000490,0.052249,0.001150,0.021378,7,
0.010915,0.342747,0.009674,0.003016,0.089652,0.414875,0.031945,0.014452,0.015894,0.066830,9,
0.013466,0.229798,0.140804,0.304534,0.022919,0.065525,0.012474,0.150323,0.022803,0.037353,3,
0.000333,0.027487,0.000986,0.008145,0.008923,0.014717,0.000075,0.878901,0.000686,0.059748,7,
0.013045,0.250572,0.007121,0.060915,0.017511,0.492946,0.005846,0.018799,0.060945,0.072300,5,
0.180393,0.000889,0.003232,0.003132,0.000139,0.805247,0.000412,0.000443,0.005499,0.000614,0,
0.000971,0.789840,0.011821,0.127402,0.002114,0.017877,0.001230,0.040249,0.003061,0.005433,3,
0.007396,0.073953,0.006708,0.014311,0.256537,0.146080,0.006585,0.100857,0.016928,0.370645,7,
0.000678,0.912539,0.003783,0.006128,0.003807,0.049628,0.002883,0.015027,0.001498,0.004028,8,
0.000106,0.975846,0.001261,0.001620,0.000829,0.008915,0.000402,0.009509,0.000384,0.001128,1,
0.007512,0.138920,0.273028,0.503184,0.002396,0.041029,0.006416,0.010977,0.013361,0.003178,3,
0.000090,0.991511,0.001392,0.000630,0.000459,0.002514,0.000835,0.001670,0.000299,0.000599,1,
0.012930,0.290510,0.039567,0.092747,0.008090,0.469260,0.007465,0.013834,0.051585,0.014013,5,
0.000027,0.983670,0.000677,0.002282,0.000828,0.002334,0.000171,0.008785,0.000164,0.001062,1,
0.030252,0.111934,0.024954,0.014826,0.003489,0.680658,0.051799,0.001577,0.073882,0.006630,8,
0.007254,0.019739,0.009131,0.006134,0.447792,0.265328,0.014431,0.036430,0.009706,0.184054,9,
0.001459,0.003328,0.001715,0.010047,0.025038,0.369466,0.000331,0.563114,0.001759,0.023742,7,
0.004749,0.187745,0.006826,0.013156,0.174065,0.067981,0.003355,0.119303,0.012386,0.410434,7,
0.016142,0.011381,0.012804,0.012364,0.011119,0.895540,0.010482,0.012825,0.007864,0.009479,0,
0.001142,0.027875,0.002548,0.010210,0.050897,0.017049,0.000190,0.601079,0.003186,0.285826,9,
0.001269,0.505309,0.003655,0.022261,0.025975,0.011977,0.001196,0.338759,0.002713,0.086886,7,
0.021077,0.035402,0.005376,0.008433,0.007670,0.822018,0.024429,0.003000,0.049860,0.022735,8,
0.003706,0.611581,0.017307,0.245847,0.002290,0.049130,0.001290,0.044574,0.012016,0.012259,3,
0.000482,0.912437,0.003269,0.005501,0.022548,0.013299,0.001820,0.016846,0.002750,0.021048,4,
0.016209,0.325350,0.013314,0.296000,0.004889,0.180765,0.003670,0.051590,0.074698,0.033515,9,
0.002531,0.012850,0.020184,0.924285,0.000103,0.027148,0.000153,0.003954,0.008182,0.000611,3,
0.005746,0.237786,0.010097,0.020177,0.035354,0.515705,0.007708,0.115697,0.007875,0.043856,4,
0.000748,0.824722,0.108746,0.016904,0.006829,0.007087,0.012936,0.014085,0.003184,0.004759,2,
0.004162,0.192504,0.012079,0.010476,0.346752,0.214940,0.012815,0.099227,0.007662,0.099384,4,
0.017979,0.525767,0.220777,0.089894,0.003675,0.073033,0.015680,0.007003,0.041332,0.004860,2,
0.006442,0.024644,0.855221,0.046993,0.002645,0.013479,0.039378,0.001269,0.007898,0.002033,2,
0.014104,0.685151,0.010894,0.013903,0.024649,0.095924,0.006747,0.026642,0.055842,0.066144,0,
0.008886,0.169531,0.015603,0.018810,0.290488,0.126488,0.009242,0.074136,0.013825,0.272990,9,
0.001259,0.841529,0.004325,0.037828,0.007598,0.021493,0.000895,0.056007,0.006188,0.022880,8,
0.052680,0.118298,0.173705,0.015179,0.017997,0.266849,0.322092,0.003486,0.020346,0.009368,6,
0.000901,0.530805,0.010297,0.030929,0.049323,0.010448,0.001290,0.284709,0.003051,0.078248,7,
0.000166,0.979115,0.001385,0.001058,0.001639,0.004371,0.000613,0.009131,0.000444,0.002079,1,
0.001607,0.725186,0.008509,0.014264,0.094898,0.067906,0.012087,0.021391,0.008232,0.045919,9,
0.000058,0.002690,0.000652,0.010934,0.009926,0.001981,0.000016,0.935416,0.000193,0.038135,7,
0.001415,0.929230,0.005641,0.010523,0.008096,0.013576,0.005240,0.006601,0.006848,0.012831,6,
0.003503,0.035795,0.034505,0.008176,0.716021,0.069504,0.011452,0.048660,0.004238,0.068148,5,
0.007106,0.589599,0.031226,0.142794,0.005161,0.129758,0.006431,0.033315,0.031309,0.023302,8,
0.008787,0.162015,0.017531,0.013987,0.387721,0.135139,0.023421,0.040129,0.018548,0.192721,8,
0.000446,0.538596,0.002842,0.010053,0.009258,0.010349,0.000196,0.391766,0.001094,0.035400,9,
0.000097,0.987847,0.001449,0.000793,0.000901,0.002337,0.000613,0.004454,0.000362,0.001147,1,
0.007025,0.696230,0.006731,0.007316,0.027542,0.146833,0.007200,0.024073,0.008840,0.068210,9,
0.000616,0.822042,0.004149,0.028610,0.008732,0.020854,0.000729,0.091026,0.002628,0.020614,3,
0.220813,0.000806,0.006394,0.012949,0.000290,0.747118,0.000850,0.000399,0.009384,0.000997,0,
0.001104,0.379104,0.003302,0.017893,0.020104,0.064776,0.000796,0.461865,0.002033,0.049024,7,
