0, 1, 2, 3, 4, 5, 6, 7, 8, 9, True
0.062676,0.036645,0.339177,0.024715,0.022658,0.098783,0.292725,0.001203,0.114841,0.006577,8,
0.091003,0.001347,0.078054,0.003013,0.003777,0.080412,0.659081,0.001047,0.080755,0.001510,0,
0.004356,0.017489,0.094292,0.819787,0.004139,0.030985,0.004931,0.017156,0.004920,0.001944,3,
0.000054,0.988000,0.003827,0.001831,0.001949,0.000602,0.000733,0.002411,0.000098,0.000494,1,
0.000180,0.000071,0.004167,0.000079,0.008543,0.001197,0.985314,0.000042,0.000068,0.000339,6,
0.010361,0.326397,0.035340,0.010549,0.414415,0.024531,0.046726,0.036839,0.012948,0.081892,1,
0.426166,0.003147,0.141413,0.006668,0.231901,0.091302,0.018895,0.005723,0.020902,0.053882,5,
0.129146,0.102671,0.099824,0.214264,0.036476,0.100931,0.012294,0.041766,0.183236,0.079393,0,
0.011229,0.000315,0.004722,0.000309,0.063206,0.014600,0.890804,0.000482,0.003603,0.010731,6,
0.016476,0.000127,0.010124,0.000289,0.012797,0.009028,0.941604,0.000139,0.005832,0.003584,6,
0.002635,0.001966,0.054946,0.922162,0.000135,0.011778,0.000439,0.001720,0.004105,0.000114,3,
0.054669,0.003119,0.011110,0.029447,0.013713,0.472944,0.001205,0.004971,0.367755,0.041068,5,
0.144844,0.000194,0.029969,0.010805,0.004926,0.055060,0.020537,0.000334,0.724702,0.008629,8,
0.178134,0.005381,0.125700,0.071815,0.017538,0.283176,0.255611,0.004615,0.053505,0.004523,5,
0.001601,0.000056,0.969459,0.009356,0.000090,0.000241,0.018795,0.000015,0.000373,0.000015,2,
0.000683,0.971909,0.007676,0.002651,0.005420,0.000849,0.000999,0.005657,0.001086,0.003069,1,
0.022329,0.003340,0.460386,0.020096,0.224622,0.006539,0.224227,0.016635,0.004798,0.017028,2,
0.208487,0.003083,0.084435,0.573941,0.002756,0.057410,0.001198,0.012550,0.048459,0.007682,8,
0.003597,0.000065,0.940606,0.001050,0.044510,0.000381,0.009433,0.000076,0.000041,0.000241,2,
0.013736,0.413467,0.017792,0.007441,0.305762,0.062861,0.076148,0.034837,0.010736,0.057219,4,
0.007843,0.144079,0.017313,0.158333,0.059512,0.068183,0.000907,0.450888,0.005030,0.087911,3,
0.007177,0.001395,0.005144,0.023211,0.148492,0.010999,0.000892,0.300646,0.011521,0.490523,9,
0.000873,0.405731,0.007115,0.027931,0.012581,0.004488,0.000274,0.518569,0.001144,0.021294,7,
0.003815,0.000021,0.001011,0.939141,0.000025,0.044615,0.000008,0.000702,0.010219,0.000443,3,
0.185449,0.002312,0.144435,0.038359,0.007562,0.180785,0.015715,0.002499,0.418033,0.004851,8,
0.004722,0.010782,0.009631,0.020982,0.344575,0.013809,0.003566,0.316181,0.005335,0.270416,9,
0.000289,0.915043,0.003030,0.002939,0.031372,0.004844,0.001269,0.028186,0.000641,0.012387,1,
0.006097,0.000032,0.219144,0.000657,0.010156,0.002129,0.758713,0.000029,0.002752,0.000291,6,
0.035219,0.002854,0.008218,0.126732,0.002436,0.788597,0.002012,0.003972,0.025380,0.004580,5,
0.016071,0.000285,0.938906,0.033750,0.000342,0.003243,0.002223,0.000209,0.004697,0.000275,2,
0.006616,0.000824,0.058139,0.890196,0.000264,0.006952,0.000201,0.001380,0.034261,0.001168,3,
0.143832,0.001162,0.338008,0.331995,0.005565,0.033971,0.009132,0.001176,0.126202,0.008957,3,
0.119488,0.038961,0.386598,0.166458,0.013047,0.026156,0.017933,0.005834,0.204133,0.021392,3,
0.086019,0.010708,0.022992,0.014178,0.016498,0.038890,0.001494,0.013079,0.611357,0.184784,8,
0.000095,0.993046,0.002053,0.001395,0.000819,0.000541,0.000666,0.000927,0.000135,0.000323,1,
0.133778,0.000459,0.006071,0.002006,0.498378,0.080820,0.173731,0.002266,0.030532,0.071959,9,
0.504766,0.000665,0.014105,0.076267,0.001113,0.063093,0.001416,0.001174,0.335284,0.002117,8,
0.000492,0.000041,0.139074,0.000245,0.001423,0.000336,0.858321,0.000033,0.000028,0.000008,6,
0.008373,0.000017,0.013132,0.970077,0.000023,0.008042,0.000036,0.000025,0.000255,0.000019,2,
0.157289,0.000062,0.002636,0.004275,0.002233,0.043267,0.001408,0.000195,0.774700,0.013936,8,
0.002294,0.000245,0.017522,0.000133,0.027251,0.002232,0.946981,0.000108,0.000988,0.002245,6,
0.009919,0.000792,0.798750,0.037934,0.031329,0.001178,0.109070,0.007191,0.001796,0.002042,2,
0.242059,0.002312,0.073111,0.009882,0.129253,0.028830,0.202186,0.003930,0.204738,0.103699,0,
0.000526,0.981706,0.002425,0.004911,0.001126,0.002099,0.000269,0.005468,0.000491,0.000980,1,
0.085854,0.215001,0.057116,0.042809,0.137636,0.141150,0.026208,0.033228,0.146524,0.114474,8,
0.008395,0.020093,0.197330,0.127197,0.563477,0.012714,0.020785,0.021221,0.003656,0.025131,4,
0.033481,0.315800,0.477014,0.017549,0.025897,0.021776,0.011512,0.004583,0.072130,0.020257,2,
0.243167,0.000702,0.027157,0.045546,0.019776,0.042781,0.005409,0.007360,0.504883,0.103217,9,
0.001819,0.000024,0.006959,0.982069,0.000011,0.003597,0.000011,0.000210,0.005219,0.000080,3,
0.001698,0.023120,0.006094,0.031392,0.268279,0.021042,0.001327,0.456922,0.005302,0.184823,9,
0.003174,0.000244,0.037661,0.939213,0.000028,0.010342,0.000180,0.000162,0.008955,0.000042,3,
0.012695,0.055682,0.008873,0.002799,0.613238,0.093891,0.120810,0.007024,0.023858,0.061130,1,
0.000109,0.995339,0.001234,0.000819,0.000317,0.000304,0.000116,0.001196,0.000239,0.000326,1,
0.059526,0.000378,0.005726,0.048648,0.100731,0.084609,0.001556,0.104896,0.125465,0.468465,9,
0.000978,0.002190,0.000749,0.007751,0.073685,0.026759,0.000282,0.697045,0.005538,0.185024,4,
0.021291,0.073018,0.127839,0.018966,0.206419,0.044089,0.460265,0.011386,0.013518,0.023208,6,
0.694144,0.000422,0.003171,0.082656,0.000567,0.055158,0.000469,0.001256,0.158278,0.003879,5,
0.003359,0.000157,0.000336,0.033545,0.008147,0.048803,0.000116,0.806402,0.006627,0.092508,7,
0.004083,0.000065,0.000945,0.942182,0.000051,0.027000,0.000053,0.000124,0.025364,0.000133,3,
0.006454,0.000395,0.004535,0.002517,0.461390,0.006042,0.004323,0.017325,0.009031,0.487989,9,
0.007485,0.019866,0.008906,0.727635,0.001877,0.119173,0.000202,0.087285,0.013226,0.014344,3,
0.019251,0.001779,0.003342,0.018955,0.144627,0.046040,0.001446,0.296586,0.030676,0.437297,9,
0.009275,0.126135,0.010988,0.177198,0.043611,0.306674,0.002428,0.279483,0.007033,0.037174,5,
0.000768,0.980449,0.006861,0.002915,0.002080,0.001396,0.001499,0.001833,0.001078,0.001121,1,
0.001937,0.001521,0.001883,0.070520,0.038105,0.043773,0.000655,0.549908,0.022964,0.268734,7,
0.000517,0.000832,0.008812,0.001172,0.029252,0.006698,0.950077,0.001177,0.000173,0.001288,6,
0.285557,0.001262,0.017682,0.006070,0.047441,0.473954,0.003676,0.032494,0.097160,0.034705,5,
0.028954,0.698196,0.112064,0.024680,0.018762,0.008263,0.005177,0.011730,0.061083,0.031091,1,
0.406071,0.001294,0.006250,0.030805,0.014193,0.357449,0.002050,0.008143,0.126898,0.046846,0,
0.124597,0.027061,0.020449,0.039145,0.006903,0.143385,0.001649,0.054877,0.526856,0.055079,7,
0.948264,0.000097,0.013297,0.000695,0.000128,0.019095,0.001040,0.000086,0.017193,0.000106,0,
0.006215,0.006182,0.006823,0.005673,0.440667,0.016934,0.004486,0.051719,0.014100,0.447202,9,
0.035723,0.000252,0.001462,0.002953,0.052200,0.075648,0.000444,0.035712,0.263516,0.532089,8,
0.033237,0.715868,0.085478,0.026841,0.012135,0.045813,0.040615,0.003688,0.030330,0.005996,1,
0.049012,0.001079,0.003646,0.022587,0.063567,0.519739,0.001113,0.240908,0.026355,0.071994,7,
0.241605,0.000755,0.010120,0.051162,0.010206,0.155737,0.002003,0.006208,0.466176,0.056031,0,
0.427728,0.000279,0.097893,0.000386,0.057290,0.010349,0.396325,0.000413,0.007593,0.001745,0,
0.064751,0.000931,0.010716,0.065504,0.017775,0.100814,0.003122,0.008007,0.685994,0.042386,8,
0.065057,0.023460,0.138376,0.078450,0.038065,0.286819,0.307131,0.003545,0.051540,0.007556,5,
0.037995,0.000659,0.005648,0.008517,0.013749,0.020507,0.000311,0.006539,0.585407,0.320668,8,
0.006395,0.001045,0.006606,0.031203,0.188682,0.021718,0.002023,0.062084,0.032273,0.647972,9,
0.073167,0.012822,0.032963,0.156441,0.041965,0.127520,0.002879,0.033473,0.330292,0.188476,0,
0.000557,0.000078,0.000237,0.023225,0.003047,0.004816,0.000025,0.882953,0.005210,0.079852,7,
0.003936,0.000448,0.002079,0.014896,0.081161,0.010647,0.000726,0.118458,0.034722,0.732926,9,
0.000397,0.980248,0.010962,0.002525,0.001501,0.000783,0.000464,0.000936,0.001153,0.001031,1,
0.021448,0.011946,0.006254,0.081921,0.124883,0.260269,0.004033,0.284855,0.054777,0.149615,4,
0.273095,0.000570,0.007576,0.004547,0.030068,0.125670,0.003842,0.012098,0.456897,0.085636,9,
0.004704,0.000071,0.017089,0.000723,0.248514,0.004896,0.708662,0.000451,0.002162,0.012728,6,
0.053740,0.000550,0.005539,0.012172,0.029413,0.763214,0.035170,0.000889,0.088109,0.011204,5,
0.024377,0.008085,0.005948,0.002217,0.568429,0.078315,0.021381,0.042308,0.025036,0.223904,4,
0.000509,0.001809,0.000640,0.055724,0.001952,0.006479,0.000018,0.905701,0.001628,0.025541,7,
0.006869,0.000020,0.580600,0.000137,0.003715,0.000435,0.407626,0.000014,0.000492,0.000091,2,
0.001313,0.965184,0.006680,0.014070,0.000790,0.001924,0.000194,0.004929,0.002919,0.001997,1,
0.000554,0.000520,0.699500,0.000137,0.001158,0.000089,0.297992,0.000026,0.000019,0.000006,2,
0.003273,0.000517,0.001709,0.788387,0.001466,0.062748,0.000205,0.123579,0.006822,0.011294,3,
0.904105,0.000161,0.001003,0.025651,0.000369,0.043405,0.000210,0.000285,0.022414,0.002397,5,
0.136814,0.001377,0.003078,0.006488,0.012093,0.548963,0.001766,0.063756,0.186459,0.039208,5,
0.004338,0.151967,0.034764,0.452244,0.028802,0.030395,0.002803,0.260336,0.008506,0.025845,7,
0.004245,0.119942,0.012994,0.030927,0.416812,0.034123,0.006141,0.223880,0.010790,0.140145,4,
0.022179,0.088463,0.068268,0.029577,0.220462,0.045499,0.003461,0.319864,0.011121,0.191105,5,
0.037259,0.000143,0.001636,0.005296,0.057303,0.020865,0.001951,0.000844,0.613609,0.261094,9,
0.292803,0.003569,0.122187,0.301968,0.026952,0.075350,0.003122,0.012711,0.072694,0.088643,3,
0.009612,0.000105,0.001584,0.005489,0.187921,0.017364,0.001083,0.014665,0.042639,0.719538,7,
0.876549,0.000014,0.001183,0.004609,0.000016,0.116727,0.000017,0.000037,0.000831,0.000015,0,
0.493372,0.000178,0.027292,0.032414,0.001377,0.066608,0.009072,0.000347,0.366392,0.002948,0,
0.000000,0.998781,0.000466,0.000141,0.000157,0.000043,0.000054,0.000277,0.000013,0.000068,1,
0.012220,0.002123,0.197067,0.003296,0.057447,0.010935,0.689181,0.000651,0.019296,0.007785,2,
0.019979,0.000275,0.014649,0.012930,0.558370,0.013480,0.012895,0.009851,0.026294,0.331276,4,
0.002085,0.188634,0.020519,0.035667,0.099783,0.007836,0.001263,0.438737,0.005714,0.199761,9,
0.064052,0.000941,0.015003,0.032749,0.005575,0.607200,0.013730,0.000448,0.255510,0.004791,5,
0.162580,0.007419,0.143692,0.508735,0.004502,0.104656,0.001458,0.006042,0.050427,0.010489,5,
0.037564,0.006831,0.152859,0.041002,0.297294,0.043742,0.331682,0.009389,0.031019,0.048617,6,
0.005193,0.008665,0.241876,0.001515,0.026803,0.007664,0.702406,0.000276,0.004039,0.001563,6,
0.305018,0.000927,0.038005,0.013544,0.118708,0.063382,0.051135,0.006242,0.290307,0.112731,4,
0.026996,0.000321,0.008373,0.030841,0.171166,0.037410,0.002356,0.011954,0.254201,0.456383,9,
0.000799,0.000412,0.921562,0.000346,0.000570,0.000050,0.076167,0.000024,0.000060,0.000010,2,
0.007713,0.000607,0.023118,0.816432,0.011958,0.023571,0.001001,0.030117,0.052458,0.033026,9,
0.000010,0.991088,0.003684,0.002077,0.001055,0.000116,0.000184,0.001556,0.000025,0.000204,1,
0.762447,0.000365,0.022132,0.008643,0.000591,0.143729,0.005285,0.000474,0.055892,0.000443,0,
0.000512,0.001615,0.029805,0.954917,0.000264,0.002071,0.000205,0.009712,0.000695,0.000204,3,
0.000407,0.000106,0.000237,0.006382,0.021306,0.009123,0.000041,0.822954,0.002288,0.137155,7,
0.015299,0.002085,0.039340,0.008731,0.042295,0.133150,0.704285,0.000861,0.047298,0.006658,9,
0.003856,0.000828,0.001401,0.009563,0.159890,0.029889,0.000426,0.304517,0.013811,0.475817,7,
0.052498,0.000096,0.000980,0.036211,0.001271,0.075488,0.000219,0.000983,0.809720,0.022534,8,
0.008071,0.000276,0.000493,0.027490,0.026116,0.043480,0.000358,0.224107,0.064813,0.604796,9,
0.108195,0.001056,0.395257,0.017359,0.335693,0.013569,0.061504,0.015304,0.008264,0.043799,4,
0.002987,0.000073,0.015667,0.000427,0.018837,0.004333,0.952112,0.000106,0.002085,0.003372,6,
0.001770,0.580632,0.021973,0.092685,0.038553,0.010512,0.001761,0.221686,0.003203,0.027226,3,
0.057557,0.010883,0.061238,0.000477,0.717007,0.048479,0.077361,0.001466,0.005181,0.020351,5,
0.389367,0.001487,0.009487,0.013298,0.009785,0.430802,0.004142,0.004118,0.124761,0.012751,0,
0.044769,0.001023,0.003376,0.010379,0.163878,0.383779,0.007565,0.005460,0.213823,0.165947,8,
0.009421,0.004745,0.375280,0.540740,0.014006,0.008000,0.011012,0.021238,0.011234,0.004324,3,
0.018020,0.019139,0.677648,0.015234,0.197646,0.010485,0.044869,0.012158,0.000757,0.004043,3,
0.057458,0.000120,0.000884,0.039137,0.000974,0.092570,0.000124,0.008726,0.741699,0.058309,8,
0.000555,0.001209,0.000738,0.052972,0.006235,0.009787,0.000059,0.893259,0.002170,0.033016,7,
0.025040,0.729016,0.083740,0.039222,0.029247,0.013610,0.009901,0.014742,0.033376,0.022106,1,
0.501593,0.000843,0.307846,0.013417,0.055548,0.018244,0.043522,0.003472,0.031176,0.024339,2,
0.506749,0.000960,0.002881,0.010171,0.004076,0.395789,0.000980,0.015187,0.050772,0.012435,5,
0.002427,0.005733,0.776448,0.191408,0.000500,0.002110,0.005808,0.000196,0.015106,0.000264,2,
0.004947,0.001005,0.001941,0.005319,0.186458,0.021221,0.000904,0.086817,0.022972,0.668415,9,
0.781975,0.000052,0.004211,0.004320,0.000567,0.198574,0.000838,0.000242,0.008915,0.000307,0,
0.315440,0.001575,0.045764,0.097564,0.026178,0.333000,0.014716,0.006709,0.138500,0.020556,5,
0.027537,0.005599,0.094923,0.132225,0.383950,0.039549,0.036770,0.013445,0.097549,0.168454,4,
0.189814,0.000429,0.000733,0.001102,0.001113,0.122445,0.000625,0.001995,0.675978,0.005767,8,
0.049808,0.027515,0.195732,0.596387,0.001811,0.030830,0.002211,0.005312,0.086079,0.004315,8,
0.024983,0.046895,0.086666,0.323678,0.131767,0.133105,0.017732,0.050317,0.088156,0.096702,2,
0.077338,0.000018,0.008930,0.012186,0.000109,0.060198,0.000753,0.000038,0.840106,0.000323,8,
0.032477,0.000217,0.004367,0.000927,0.450636,0.016717,0.017002,0.003204,0.044518,0.429933,4,
0.027202,0.003510,0.063125,0.004337,0.616967,0.013850,0.068965,0.003594,0.027317,0.171134,4,
0.010207,0.000345,0.000496,0.064852,0.002711,0.322575,0.000302,0.478748,0.041960,0.077805,5,
0.000036,0.000006,0.006461,0.000042,0.001303,0.000088,0.992041,0.000004,0.000014,0.000005,6,
0.023076,0.001075,0.166560,0.013888,0.045103,0.016608,0.683230,0.001206,0.033412,0.015842,6,
0.143368,0.001000,0.002144,0.002437,0.007704,0.578648,0.003108,0.001796,0.247228,0.012567,5,
0.002591,0.026012,0.002756,0.051282,0.009057,0.022976,0.000160,0.796517,0.005995,0.082653,9,
0.036931,0.020524,0.008630,0.157598,0.019405,0.605841,0.001866,0.051703,0.053007,0.044494,5,
0.176920,0.000279,0.002146,0.011020,0.013985,0.090000,0.000482,0.084965,0.322479,0.297724,4,
0.012778,0.000119,0.000714,0.027774,0.018362,0.057039,0.000129,0.553306,0.033882,0.295897,7,
0.042158,0.000501,0.009853,0.010923,0.528548,0.070619,0.174152,0.008162,0.030706,0.124378,5,
0.006462,0.000239,0.000872,0.722523,0.000421,0.145797,0.000188,0.013113,0.091443,0.018943,3,
0.025890,0.031587,0.022431,0.015926,0.462909,0.068395,0.018917,0.032889,0.051176,0.269881,1,
0.044582,0.002777,0.016622,0.024724,0.233076,0.023642,0.004415,0.094041,0.051072,0.505048,9,
0.069161,0.000358,0.042096,0.050389,0.003933,0.013284,0.001243,0.001220,0.786253,0.032063,8,
0.011467,0.000028,0.253162,0.001082,0.000342,0.006619,0.725289,0.000013,0.001984,0.000015,2,
0.000210,0.000117,0.016463,0.000110,0.007344,0.000172,0.975363,0.000035,0.000060,0.000125,6,
0.000313,0.941088,0.002911,0.006059,0.009694,0.003484,0.001316,0.032372,0.000480,0.002283,1,
0.029980,0.002041,0.142304,0.003456,0.236861,0.014058,0.507835,0.000946,0.032541,0.029977,2,
0.117806,0.000762,0.001690,0.021496,0.043992,0.490518,0.001855,0.048658,0.165766,0.107459,5,
0.126099,0.000013,0.008043,0.004472,0.000454,0.016108,0.002876,0.000044,0.838977,0.002914,8,
0.018675,0.033819,0.015826,0.128112,0.114593,0.443581,0.011176,0.100325,0.041413,0.092479,3,
0.076228,0.000023,0.013473,0.006070,0.000446,0.015968,0.001933,0.000048,0.884351,0.001461,8,
0.000920,0.001971,0.002037,0.021900,0.104679,0.015204,0.000205,0.535179,0.005185,0.312720,4,
0.054149,0.016822,0.028364,0.513065,0.012360,0.111542,0.001939,0.091418,0.113388,0.056952,3,
0.167695,0.002533,0.446421,0.042927,0.040347,0.062193,0.158895,0.003070,0.067977,0.007944,6,
0.009294,0.000232,0.003547,0.004273,0.102777,0.004329,0.000797,0.012386,0.037033,0.825331,9,
0.203577,0.001198,0.633126,0.004979,0.024021,0.056751,0.069174,0.001358,0.003247,0.002570,0,
0.077109,0.000752,0.008326,0.001615,0.624334,0.194243,0.008141,0.010155,0.008562,0.066763,9,
0.061518,0.000066,0.003095,0.045319,0.000958,0.020409,0.000103,0.001343,0.823631,0.043559,8,
0.160586,0.000097,0.007620,0.003801,0.007142,0.020073,0.012223,0.000239,0.751615,0.036604,8,
0.005331,0.000286,0.084009,0.001105,0.026478,0.002624,0.869439,0.000336,0.005720,0.004672,6,
0.001574,0.896034,0.005142,0.002800,0.040354,0.013522,0.004398,0.017652,0.003964,0.014560,1,
0.178152,0.016231,0.300547,0.093280,0.017795,0.077290,0.009722,0.012585,0.278165,0.016233,2,
0.050095,0.008145,0.058113,0.009254,0.513615,0.079987,0.112308,0.011820,0.072883,0.083780,4,
0.009096,0.004908,0.846271,0.008363,0.022578,0.003191,0.101933,0.001303,0.001088,0.001268,2,
0.400458,0.001383,0.017464,0.070659,0.007877,0.440972,0.004895,0.003844,0.044417,0.008032,0,
0.008511,0.000541,0.000805,0.013410,0.010008,0.468632,0.000074,0.471627,0.003381,0.023010,7,
0.083656,0.002470,0.345174,0.048918,0.005108,0.053581,0.051519,0.000563,0.404341,0.004669,8,
0.000001,0.997831,0.000359,0.000438,0.000142,0.000058,0.000033,0.000989,0.000019,0.000130,1,
0.006087,0.000322,0.002057,0.009592,0.334068,0.035094,0.002839,0.048786,0.024184,0.536971,4,
0.033507,0.000723,0.048050,0.020348,0.483127,0.013294,0.027881,0.004703,0.085870,0.282498,9,
0.001974,0.000456,0.000404,0.010153,0.014190,0.014321,0.000038,0.766895,0.006109,0.185462,7,
0.015584,0.000398,0.032297,0.001214,0.424968,0.001454,0.006380,0.008532,0.006960,0.502213,3,
0.003327,0.944841,0.022211,0.000819,0.011406,0.001793,0.007797,0.001331,0.003359,0.003117,1,
0.007083,0.079592,0.020400,0.604370,0.011995,0.081453,0.001305,0.140185,0.022883,0.030734,3,
0.075131,0.000318,0.000981,0.004253,0.014458,0.628787,0.000564,0.014643,0.225917,0.034948,5,
0.007271,0.000203,0.003138,0.801943,0.002971,0.094088,0.000254,0.043925,0.025499,0.020708,3,
0.022672,0.000540,0.020505,0.003870,0.021321,0.111199,0.780816,0.000504,0.035892,0.002680,6,
0.007448,0.004535,0.908743,0.042163,0.000187,0.003802,0.007634,0.000106,0.025256,0.000127,2,
0.108265,0.029882,0.078776,0.036488,0.201052,0.196949,0.159389,0.009107,0.127826,0.052267,6,
0.001254,0.000535,0.003642,0.000644,0.011446,0.008442,0.970907,0.000894,0.000817,0.001420,6,
0.189016,0.000301,0.079403,0.016138,0.003588,0.014667,0.035549,0.000424,0.652356,0.008558,8,
0.000531,0.989551,0.002938,0.001067,0.000736,0.002086,0.001195,0.000612,0.000828,0.000457,1,
0.029016,0.007947,0.237682,0.086782,0.263680,0.016825,0.035865,0.251438,0.006282,0.064483,7,
0.024760,0.546176,0.235715,0.081507,0.017407,0.024263,0.033042,0.004444,0.023430,0.009256,3,
0.397220,0.002262,0.011229,0.004769,0.004877,0.389155,0.012502,0.002477,0.172409,0.003101,8,
0.010470,0.002338,0.005227,0.348475,0.024263,0.339478,0.002444,0.056192,0.135581,0.075531,3,
0.000658,0.000458,0.000821,0.015409,0.039080,0.019623,0.000227,0.828884,0.004473,0.090367,7,
0.201366,0.000028,0.005261,0.010931,0.000437,0.053026,0.000583,0.000280,0.725712,0.002377,8,
0.902992,0.000051,0.003693,0.000675,0.001450,0.066520,0.000126,0.001294,0.015626,0.007574,5,
0.656608,0.000487,0.017330,0.005572,0.021261,0.250230,0.009237,0.001150,0.033197,0.004928,0,
0.211707,0.000430,0.029285,0.012894,0.111100,0.340296,0.022454,0.005118,0.224890,0.041825,0,
0.004005,0.485168,0.056734,0.361275,0.011078,0.020895,0.001972,0.041537,0.007247,0.010089,3,
0.004903,0.252499,0.470496,0.219121,0.007093,0.011445,0.004016,0.014975,0.011199,0.004253,2,
0.000320,0.008063,0.002127,0.010871,0.037887,0.002838,0.000229,0.880762,0.001199,0.055704,7,
0.049637,0.005283,0.142690,0.050316,0.005592,0.268443,0.150491,0.003405,0.320170,0.003973,5,
0.028602,0.000199,0.781292,0.003448,0.004327,0.006403,0.171314,0.000174,0.003806,0.000436,2,
0.064838,0.001465,0.069710,0.317731,0.028895,0.045574,0.004446,0.013738,0.360901,0.092701,8,
0.005559,0.089144,0.165777,0.699461,0.005155,0.019246,0.001656,0.007995,0.002658,0.003348,3,
0.004881,0.000890,0.001877,0.016353,0.061297,0.011754,0.000209,0.495041,0.009874,0.397823,9,
0.000002,0.996885,0.000895,0.000050,0.000706,0.000151,0.000337,0.000646,0.000089,0.000238,1,
0.284236,0.002363,0.064698,0.057035,0.013162,0.244615,0.016393,0.002441,0.299245,0.015810,0,
0.013312,0.010430,0.024144,0.008743,0.706598,0.042562,0.032682,0.014174,0.010843,0.136512,4,
0.026187,0.005102,0.417098,0.517761,0.001494,0.009710,0.003031,0.000679,0.017030,0.001909,3,
0.024063,0.000063,0.000519,0.003140,0.059712,0.019367,0.000311,0.024566,0.100000,0.768259,8,
0.036662,0.000260,0.596511,0.003175,0.033130,0.002490,0.317085,0.001379,0.006891,0.002417,6,
0.170475,0.000274,0.010066,0.025062,0.013967,0.030893,0.002707,0.001974,0.627737,0.116846,0,
0.007738,0.000115,0.003437,0.009615,0.652913,0.032179,0.014013,0.010739,0.021412,0.247839,4,
0.004076,0.001748,0.011202,0.896088,0.000483,0.046755,0.000102,0.005905,0.030246,0.003396,3,
0.012075,0.690748,0.065520,0.006760,0.063808,0.013917,0.120873,0.006426,0.008565,0.011309,6,
0.005057,0.009717,0.035369,0.023653,0.200365,0.009829,0.009464,0.646885,0.002696,0.056965,7,
0.883490,0.000083,0.010847,0.000627,0.001557,0.092379,0.004929,0.000171,0.005748,0.000169,0,
0.024034,0.010471,0.026671,0.003158,0.153607,0.064693,0.670491,0.002500,0.017174,0.027201,6,
0.011352,0.000328,0.001380,0.227628,0.002918,0.690461,0.000253,0.016262,0.036633,0.012785,5,
0.015721,0.000133,0.001816,0.033617,0.009368,0.003466,0.000131,0.055499,0.090384,0.789865,8,
0.046391,0.006635,0.061352,0.120458,0.062287,0.089664,0.012575,0.564171,0.008967,0.027499,9,
0.105107,0.000720,0.016517,0.059700,0.027085,0.076622,0.007210,0.002611,0.622741,0.081687,8,
0.007579,0.000268,0.013541,0.016954,0.440600,0.004212,0.007209,0.008093,0.010033,0.491511,9,
0.001607,0.000032,0.898201,0.001279,0.001287,0.006256,0.091126,0.000011,0.000179,0.000021,2,
0.000851,0.949294,0.004031,0.006644,0.002128,0.002240,0.000155,0.029968,0.000979,0.003709,1,
0.000192,0.952974,0.001892,0.002672,0.016270,0.004310,0.006738,0.012776,0.000265,0.001912,1,
0.018871,0.002934,0.075107,0.001767,0.760729,0.008163,0.076108,0.018838,0.001844,0.035639,2,
0.181992,0.000898,0.259455,0.005585,0.009271,0.051975,0.419025,0.000529,0.069713,0.001556,6,
0.002736,0.000046,0.522965,0.023759,0.003696,0.002479,0.443352,0.000060,0.000854,0.000053,6,
0.004041,0.000506,0.147003,0.832470,0.000019,0.005495,0.000267,0.000035,0.010149,0.000016,3,
0.000054,0.986574,0.002720,0.003024,0.001087,0.000304,0.000047,0.004768,0.000241,0.001181,1,
0.010925,0.021058,0.105119,0.736371,0.010309,0.050799,0.005179,0.023989,0.028344,0.007906,3,
0.000046,0.995961,0.000401,0.000449,0.000414,0.000494,0.000123,0.001856,0.000055,0.000201,1,
0.001508,0.000231,0.007365,0.980894,0.000059,0.003898,0.000008,0.004804,0.000997,0.000237,3,
0.097773,0.003500,0.034930,0.257491,0.029343,0.219058,0.005366,0.017629,0.248869,0.086042,2,
0.000006,0.990475,0.000885,0.001199,0.000708,0.000123,0.000033,0.006288,0.000019,0.000263,1,
0.226979,0.000151,0.082469,0.014642,0.002716,0.044929,0.025329,0.000270,0.599166,0.003349,8,
0.032622,0.001798,0.033420,0.010696,0.641792,0.129435,0.029807,0.008813,0.038904,0.072713,4,
0.016085,0.000477,0.001147,0.002349,0.103117,0.384413,0.000656,0.387436,0.013500,0.090820,4,
0.020582,0.000402,0.001344,0.014176,0.066083,0.049567,0.000965,0.027888,0.156579,0.662414,8,
0.015272,0.025327,0.008476,0.019746,0.399963,0.092550,0.010252,0.174109,0.020887,0.233417,1,
0.013101,0.000801,0.001475,0.128394,0.000877,0.732324,0.000518,0.082957,0.034913,0.004641,5,
0.000349,0.000024,0.000309,0.003071,0.010659,0.004944,0.000024,0.918876,0.001778,0.059967,7,
0.259395,0.002213,0.008100,0.002792,0.112034,0.327743,0.011027,0.009029,0.211969,0.055698,4,
0.016442,0.453151,0.045883,0.043894,0.077543,0.016521,0.001843,0.104885,0.053602,0.186238,1,
0.000642,0.000082,0.000318,0.020858,0.008076,0.007904,0.000016,0.847738,0.002320,0.112046,7,
0.062944,0.001004,0.003156,0.383757,0.008031,0.260787,0.001085,0.130050,0.082966,0.066221,5,
0.641119,0.001619,0.034022,0.014634,0.004650,0.154651,0.009852,0.001819,0.133684,0.003951,0,
0.015055,0.000182,0.009958,0.000384,0.069920,0.020547,0.870210,0.000278,0.009005,0.004460,4,
0.008561,0.012255,0.041606,0.179982,0.420876,0.036428,0.009606,0.081037,0.050028,0.159621,4,
0.002951,0.853478,0.029475,0.000856,0.081746,0.001217,0.006905,0.005729,0.002223,0.015420,1,
0.074661,0.001437,0.064450,0.273623,0.005746,0.087409,0.005849,0.003272,0.469518,0.014036,8,
0.002786,0.001923,0.008778,0.912310,0.001358,0.039115,0.000285,0.021668,0.008253,0.003523,3,
0.000286,0.993419,0.001998,0.000387,0.000593,0.000898,0.001589,0.000302,0.000328,0.000201,1,
0.111085,0.000090,0.005705,0.077506,0.001851,0.024175,0.000336,0.001661,0.738401,0.039190,8,
0.003058,0.000445,0.000970,0.117316,0.007050,0.027236,0.000260,0.719930,0.021395,0.102342,7,
0.049605,0.000766,0.012866,0.080167,0.055567,0.024700,0.001057,0.058551,0.197128,0.519594,8,
0.394723,0.003943,0.071331,0.010756,0.293115,0.157904,0.026829,0.007083,0.007168,0.027148,0,
0.004849,0.002672,0.001059,0.018005,0.013972,0.078792,0.000100,0.789404,0.010053,0.081093,7,
0.118297,0.006854,0.016346,0.174465,0.035099,0.153657,0.009085,0.234361,0.094740,0.157095,5,
0.079151,0.001715,0.419558,0.234416,0.006326,0.043543,0.063192,0.002117,0.146518,0.003463,8,
0.003135,0.000061,0.028678,0.913058,0.003678,0.004765,0.000369,0.038646,0.003948,0.003663,8,
0.451471,0.000089,0.000492,0.001304,0.002512,0.210497,0.001399,0.000275,0.327234,0.004726,0,
0.003834,0.001810,0.854350,0.129437,0.000423,0.000730,0.007878,0.000787,0.000698,0.000052,2,
0.000563,0.195428,0.004684,0.014608,0.027108,0.004476,0.000215,0.658864,0.001714,0.092339,7,
0.000036,0.000001,0.002168,0.000004,0.000481,0.000181,0.997015,0.000000,0.000087,0.000026,6,
0.294805,0.001217,0.044992,0.352102,0.001700,0.171080,0.001351,0.006187,0.122012,0.004554,0,
0.004614,0.000052,0.003154,0.000017,0.133089,0.001649,0.855362,0.000259,0.000137,0.001666,2,
0.003573,0.026752,0.803871,0.041281,0.015521,0.002675,0.099068,0.004674,0.001232,0.001353,2,
0.076509,0.001561,0.132182,0.454533,0.003529,0.059186,0.009314,0.002706,0.255472,0.005008,3,
0.000380,0.988133,0.002767,0.001444,0.001531,0.000790,0.000494,0.002879,0.000565,0.001017,1,
0.165024,0.000330,0.001969,0.001322,0.024944,0.081927,0.001471,0.007223,0.528362,0.187428,8,
0.024579,0.001420,0.014757,0.072024,0.027654,0.008884,0.000393,0.070403,0.160502,0.619383,0,
0.018631,0.001654,0.014412,0.518962,0.004065,0.270967,0.000828,0.008626,0.137048,0.024807,5,
0.002287,0.000357,0.003659,0.865785,0.001750,0.036456,0.000364,0.044111,0.033124,0.012106,3,
0.043955,0.000321,0.565000,0.004388,0.052858,0.021968,0.308490,0.000710,0.001228,0.001082,6,
0.049355,0.001774,0.138117,0.032632,0.011200,0.091362,0.621192,0.001303,0.050905,0.002159,5,
0.008316,0.000641,0.002334,0.063341,0.083862,0.051667,0.001027,0.200357,0.049000,0.539456,7,
0.010973,0.233678,0.042146,0.145899,0.031418,0.011627,0.001915,0.428015,0.015854,0.078474,7,
0.070441,0.000346,0.003893,0.019640,0.105904,0.057827,0.001742,0.036126,0.158286,0.545796,9,
0.042586,0.017978,0.013352,0.027559,0.041727,0.139461,0.002882,0.096563,0.283099,0.334792,2,
0.000054,0.995294,0.000515,0.000274,0.000539,0.000301,0.000102,0.002469,0.000085,0.000366,1,
0.012467,0.000909,0.456155,0.001197,0.038916,0.004829,0.480355,0.000380,0.003113,0.001676,6,
0.065299,0.000162,0.437814,0.008569,0.000244,0.004316,0.046201,0.000135,0.437066,0.000195,2,
0.031742,0.000055,0.002800,0.019268,0.000463,0.024796,0.000529,0.000107,0.917989,0.002250,8,
0.000574,0.660350,0.013726,0.034164,0.035291,0.003441,0.000993,0.231589,0.001283,0.018589,7,
0.000152,0.000005,0.034358,0.000054,0.001176,0.000146,0.964084,0.000007,0.000014,0.000004,6,
0.027903,0.692685,0.043808,0.078115,0.018256,0.028892,0.004447,0.040023,0.035821,0.030051,1,
0.016262,0.206238,0.090138,0.269872,0.126925,0.051354,0.018847,0.135313,0.024784,0.060270,2,
0.089843,0.000556,0.015840,0.077313,0.016103,0.025295,0.000986,0.010860,0.525607,0.237598,0,
0.193213,0.001359,0.071126,0.001457,0.551050,0.074998,0.055874,0.004151,0.012103,0.034669,0,
0.162868,0.001377,0.029971,0.012029,0.001599,0.239232,0.009947,0.001059,0.540544,0.001372,8,
0.001608,0.978605,0.004631,0.001880,0.002806,0.003287,0.001650,0.002284,0.001882,0.001368,1,
0.293740,0.002134,0.209025,0.061472,0.028937,0.028477,0.151990,0.003913,0.200225,0.020088,8,
0.007174,0.931340,0.020749,0.006358,0.005345,0.005727,0.002634,0.004240,0.011324,0.005108,1,
0.009003,0.017560,0.052964,0.001709,0.312188,0.020411,0.560418,0.000949,0.008135,0.016663,4,
0.095826,0.006736,0.100186,0.036802,0.191395,0.056811,0.049417,0.008162,0.323206,0.131458,0,
0.033033,0.000243,0.431723,0.000815,0.053794,0.003719,0.471864,0.000302,0.003040,0.001467,6,
0.013593,0.013002,0.640479,0.219314,0.005554,0.010495,0.016209,0.001798,0.076747,0.002810,3,
0.037634,0.000758,0.655209,0.024639,0.215606,0.021068,0.039306,0.002361,0.001036,0.002383,6,
0.000258,0.001882,0.509536,0.482452,0.000300,0.001072,0.003851,0.000360,0.000256,0.000034,2,
0.025005,0.000094,0.182470,0.775058,0.000086,0.007899,0.001915,0.000077,0.007323,0.000072,2,
0.018291,0.000829,0.060772,0.022158,0.350632,0.014789,0.448091,0.007592,0.015980,0.060866,6,
0.069677,0.001696,0.064762,0.011706,0.003014,0.156177,0.459713,0.001298,0.230135,0.001822,5,
0.020875,0.003835,0.403970,0.007573,0.059004,0.017050,0.451757,0.000951,0.026713,0.008273,2,
0.291465,0.012287,0.102674,0.297543,0.017892,0.177729,0.021375,0.024543,0.035941,0.018551,5,
0.036052,0.106519,0.113967,0.074989,0.159250,0.025538,0.005079,0.058858,0.118590,0.301159,0,
0.001056,0.973326,0.002838,0.005483,0.002479,0.004663,0.000648,0.007172,0.000834,0.001500,1,
0.003661,0.003884,0.053176,0.014007,0.742272,0.018451,0.138979,0.007409,0.004913,0.013248,4,
0.844774,0.000489,0.066191,0.000913,0.002871,0.005059,0.075785,0.000561,0.002634,0.000722,6,
0.001740,0.001311,0.778535,0.203982,0.000113,0.000461,0.004225,0.000080,0.009489,0.000063,2,
0.661894,0.000181,0.013455,0.003666,0.003320,0.146762,0.001832,0.002169,0.162550,0.004172,0,
0.002943,0.000519,0.003697,0.025461,0.031198,0.003336,0.000546,0.378420,0.065609,0.488271,9,
0.007666,0.005749,0.006082,0.124390,0.012377,0.014320,0.000200,0.609862,0.022698,0.196656,7,
0.000581,0.001990,0.014648,0.000168,0.029855,0.002359,0.949076,0.000189,0.000227,0.000909,6,
0.158656,0.003016,0.012850,0.048263,0.022897,0.521367,0.004019,0.019045,0.178064,0.031822,5,
0.038697,0.001010,0.322062,0.005219,0.128007,0.007243,0.479764,0.009601,0.002749,0.005648,2,
0.035131,0.000214,0.000978,0.000770,0.324510,0.601925,0.002453,0.009402,0.004897,0.019720,4,
0.397915,0.000918,0.002198,0.039018,0.009316,0.477643,0.000902,0.036363,0.006332,0.029396,0,
0.002570,0.030682,0.077678,0.851472,0.002051,0.009004,0.000377,0.015161,0.007892,0.003114,3,
0.993675,0.000003,0.000385,0.000006,0.000006,0.003859,0.000465,0.000002,0.001599,0.000001,0,
0.109754,0.001995,0.108697,0.021078,0.420721,0.026844,0.038233,0.025153,0.050459,0.197067,4,
0.103929,0.000575,0.080096,0.002096,0.041669,0.030071,0.701271,0.000574,0.031609,0.008109,6,
0.002097,0.021695,0.004960,0.024665,0.107522,0.020758,0.000676,0.490984,0.012343,0.314299,9,
0.284810,0.000015,0.001364,0.000336,0.001784,0.015357,0.005524,0.000047,0.685467,0.005297,8,
0.000902,0.000010,0.005232,0.000058,0.045994,0.000714,0.945329,0.000083,0.000269,0.001409,6,
0.010258,0.153745,0.042846,0.377834,0.053288,0.059464,0.003985,0.218088,0.020702,0.059788,3,
0.418839,0.000348,0.006617,0.019783,0.022332,0.408781,0.010290,0.006412,0.090968,0.015630,0,
0.027152,0.018237,0.170997,0.002969,0.049919,0.026472,0.676949,0.001124,0.018083,0.008098,6,
0.143167,0.050666,0.278216,0.098239,0.019119,0.082231,0.025386,0.005765,0.275489,0.021722,8,
0.134428,0.001992,0.028442,0.344216,0.021933,0.078890,0.002752,0.120170,0.169928,0.097249,5,
0.059736,0.000979,0.028266,0.157394,0.042381,0.059437,0.005047,0.010152,0.524414,0.112195,8,
0.099898,0.002102,0.043854,0.030634,0.250751,0.042645,0.011396,0.024016,0.124403,0.370301,9,
0.000167,0.001217,0.000741,0.004979,0.025371,0.002210,0.000074,0.875552,0.001075,0.088614,7,
0.024588,0.000227,0.000577,0.010895,0.104974,0.130009,0.000950,0.028823,0.106895,0.592062,9,
0.000909,0.981217,0.003600,0.001630,0.001844,0.000887,0.000298,0.005950,0.001489,0.002177,1,
0.376992,0.000461,0.013594,0.004713,0.015745,0.200291,0.003102,0.003692,0.356626,0.024785,8,
0.172577,0.001621,0.192407,0.008329,0.483398,0.031303,0.041558,0.017485,0.004426,0.046895,2,
0.049839,0.000184,0.000515,0.020201,0.001984,0.122436,0.000256,0.003412,0.730865,0.070308,8,
0.035579,0.001017,0.006279,0.000526,0.620555,0.293325,0.006757,0.010881,0.003903,0.021179,5,
0.000306,0.000032,0.000161,0.010720,0.006916,0.005172,0.000024,0.916469,0.001656,0.058545,7,
0.000536,0.983397,0.004307,0.002165,0.002456,0.001037,0.000893,0.003137,0.000732,0.001340,1,
0.005764,0.000092,0.019676,0.892791,0.000054,0.029360,0.000049,0.000136,0.051907,0.000173,3,
0.022722,0.116418,0.766248,0.001126,0.010197,0.003056,0.076901,0.000735,0.001743,0.000853,1,
0.007889,0.003240,0.005951,0.490213,0.034468,0.253712,0.003758,0.084437,0.062613,0.053718,9,
0.012442,0.001652,0.003505,0.035898,0.109470,0.176436,0.001076,0.510389,0.015865,0.133268,4,
0.089738,0.000249,0.002846,0.032160,0.015987,0.096209,0.000801,0.006756,0.570167,0.185087,8,
0.682503,0.000120,0.000980,0.006127,0.002608,0.282949,0.000144,0.006762,0.006471,0.011337,0,
0.117871,0.005774,0.259473,0.010654,0.321632,0.025553,0.052066,0.011861,0.054227,0.140888,0,
0.001417,0.000057,0.000148,0.005874,0.006224,0.008816,0.000013,0.740324,0.006949,0.230177,7,
0.033260,0.000690,0.102199,0.001981,0.162626,0.013023,0.651076,0.000785,0.019378,0.014983,6,
0.127634,0.000681,0.011948,0.158191,0.001061,0.045067,0.001446,0.001128,0.650411,0.002433,8,
0.427805,0.009710,0.047612,0.045534,0.008070,0.226252,0.012147,0.006545,0.208463,0.007862,0,
0.041263,0.019747,0.476682,0.083303,0.054189,0.042169,0.203890,0.003389,0.059575,0.015793,2,
0.009867,0.000299,0.086305,0.000327,0.407122,0.001866,0.489073,0.001028,0.000586,0.003528,2,
0.077072,0.003615,0.352932,0.029560,0.012473,0.057914,0.294150,0.002437,0.164536,0.005311,5,
0.017296,0.002220,0.205937,0.674045,0.000881,0.024162,0.002142,0.001199,0.071279,0.000838,3,
0.000596,0.000272,0.020331,0.972716,0.000026,0.000952,0.000010,0.001279,0.003748,0.000069,3,
0.214839,0.001129,0.020092,0.061635,0.026137,0.121840,0.006987,0.012664,0.454501,0.080177,0,
0.005404,0.222272,0.019090,0.030821,0.421116,0.055979,0.144803,0.062148,0.006578,0.031789,1,
0.002050,0.018289,0.005947,0.098873,0.059998,0.030561,0.000937,0.586319,0.012834,0.184193,7,
0.060742,0.000774,0.010207,0.000720,0.091337,0.018307,0.813455,0.001393,0.001448,0.001617,2,
0.094201,0.002531,0.011385,0.244821,0.012723,0.292459,0.001627,0.122102,0.147199,0.070952,5,
0.015203,0.005372,0.148441,0.114417,0.391825,0.006325,0.005859,0.093934,0.009723,0.208900,4,
0.123425,0.000129,0.001292,0.005480,0.012944,0.106364,0.002186,0.000611,0.667425,0.080143,8,
0.000969,0.971101,0.003962,0.001605,0.003207,0.000952,0.000291,0.012622,0.001440,0.003852,1,
0.000053,0.968440,0.002884,0.005667,0.004822,0.000993,0.000397,0.015482,0.000119,0.001141,1,
0.012292,0.002427,0.016979,0.025073,0.332280,0.021371,0.002120,0.077757,0.012581,0.497119,9,
0.014435,0.069502,0.144205,0.011982,0.156740,0.032014,0.543250,0.005103,0.009791,0.012977,6,
0.136948,0.000773,0.003237,0.003922,0.096623,0.514657,0.003090,0.031968,0.143488,0.065296,5,
0.007041,0.026152,0.100539,0.002448,0.067556,0.012088,0.772109,0.001696,0.004148,0.006222,6,
0.010486,0.006804,0.029125,0.012403,0.674215,0.023964,0.029033,0.006744,0.019335,0.187890,4,
0.085597,0.001267,0.007279,0.003879,0.455008,0.067884,0.124247,0.008650,0.061558,0.184631,4,
0.001475,0.879232,0.018321,0.020069,0.031808,0.009206,0.005016,0.018116,0.003021,0.013737,1,
0.012165,0.000731,0.014575,0.000893,0.261066,0.023265,0.665951,0.002581,0.005441,0.013333,6,
0.006467,0.907954,0.047220,0.001728,0.011076,0.002356,0.006611,0.001802,0.009116,0.005672,1,
0.063570,0.018611,0.051079,0.228616,0.073205,0.358779,0.024068,0.026465,0.107055,0.048552,3,
0.008784,0.007445,0.055910,0.017826,0.195032,0.027336,0.650802,0.013753,0.005265,0.017845,6,
0.035761,0.000079,0.002962,0.010274,0.001825,0.082957,0.001271,0.000145,0.855349,0.009379,8,
0.068018,0.001418,0.671524,0.171192,0.000863,0.006836,0.008911,0.000523,0.069831,0.000884,3,
0.033733,0.045384,0.035559,0.060240,0.181358,0.042152,0.004751,0.153420,0.065413,0.377989,4,
0.033755,0.000709,0.057746,0.017915,0.094983,0.021991,0.722128,0.008272,0.023777,0.018724,6,
0.000175,0.954676,0.013422,0.014227,0.004908,0.001808,0.000657,0.007304,0.000630,0.002193,1,
0.005960,0.054030,0.203953,0.697819,0.001657,0.017117,0.001564,0.008894,0.007863,0.001141,2,
0.006438,0.342829,0.014063,0.039928,0.305819,0.072819,0.040034,0.126692,0.009827,0.041552,1,
0.000165,0.993463,0.002339,0.000317,0.000939,0.000332,0.001553,0.000440,0.000187,0.000265,1,
0.005614,0.408139,0.219062,0.039249,0.224253,0.008638,0.029471,0.033507,0.007238,0.024828,4,
0.133291,0.001100,0.002699,0.013182,0.002002,0.360031,0.002250,0.001652,0.481018,0.002774,8,
0.019116,0.002638,0.031003,0.009112,0.295296,0.041089,0.529934,0.006639,0.018154,0.047019,6,
0.000442,0.991488,0.002960,0.000865,0.000722,0.000782,0.000502,0.000989,0.000720,0.000530,1,
0.000880,0.000200,0.000355,0.006478,0.039115,0.031010,0.000149,0.637913,0.009994,0.273906,4,
0.024934,0.008210,0.029334,0.219749,0.113922,0.047369,0.002185,0.188925,0.093776,0.271595,3,
0.106312,0.005337,0.016807,0.077768,0.197963,0.213849,0.006859,0.126825,0.033465,0.214816,0,
0.000022,0.994387,0.001276,0.001648,0.000639,0.000272,0.000265,0.001228,0.000043,0.000221,1,
0.032559,0.001385,0.020457,0.010658,0.463294,0.039404,0.011043,0.009178,0.040266,0.371756,4,
0.003708,0.001120,0.021864,0.962017,0.000090,0.006349,0.000018,0.001464,0.002727,0.000644,3,
0.008038,0.000272,0.001216,0.002210,0.128305,0.014492,0.000976,0.016289,0.042286,0.785917,9,
0.033508,0.006098,0.042128,0.796515,0.000467,0.113291,0.000283,0.001149,0.005684,0.000876,3,
0.507368,0.000257,0.428143,0.004752,0.000361,0.020032,0.013474,0.000141,0.025302,0.000170,0,
0.052685,0.009277,0.131804,0.587325,0.011637,0.022455,0.002376,0.043099,0.110757,0.028586,3,
0.262825,0.014904,0.053741,0.007054,0.106732,0.226340,0.020512,0.014291,0.212900,0.080701,5,
0.830702,0.000250,0.042756,0.005874,0.005957,0.089855,0.002761,0.001709,0.017974,0.002162,0,
0.001034,0.951773,0.006350,0.006898,0.002135,0.001257,0.000162,0.022911,0.002210,0.005271,1,
0.129953,0.013167,0.120856,0.016181,0.331536,0.034290,0.071089,0.015820,0.096141,0.170967,4,
0.019379,0.229140,0.055227,0.165358,0.087694,0.039878,0.005884,0.232607,0.040534,0.124299,3,
0.409703,0.000482,0.014857,0.036225,0.003284,0.361576,0.001092,0.006731,0.159487,0.006563,0,
0.644039,0.000095,0.000882,0.003030,0.000538,0.334777,0.000197,0.001010,0.014625,0.000807,0,
0.089790,0.001857,0.099124,0.130529,0.004778,0.257653,0.033167,0.001032,0.376895,0.005175,8,
0.000037,0.000020,0.008488,0.990275,0.000011,0.000210,0.000001,0.000363,0.000577,0.000018,3,
0.149930,0.000811,0.011161,0.012000,0.063284,0.027671,0.004079,0.012161,0.305096,0.413806,9,
0.115290,0.000320,0.009900,0.067931,0.026696,0.257606,0.003632,0.004996,0.430340,0.083288,8,
0.020311,0.021277,0.024158,0.308549,0.005669,0.571682,0.002914,0.009388,0.026910,0.009143,5,
0.035061,0.000905,0.011281,0.013071,0.160619,0.018900,0.001519,0.119824,0.034285,0.604534,9,
0.039824,0.002377,0.011739,0.078428,0.203454,0.119055,0.005534,0.103474,0.134438,0.301676,8,
0.000734,0.000169,0.000194,0.005187,0.007363,0.004862,0.000009,0.807359,0.002759,0.171363,7,
0.010942,0.326840,0.156867,0.168373,0.153658,0.019501,0.010147,0.058980,0.025987,0.068707,2,
