0, 1, 2, 3, 4, 5, 6, 7, 8, 9, True
0.183279,0.000047,0.000654,0.021695,0.000000,0.035854,0.000028,0.001068,0.755632,0.001743,8,
0.075695,0.005718,0.160593,0.564194,0.000175,0.011949,0.001757,0.033250,0.114834,0.031835,5,
0.016254,0.000012,0.000174,0.043183,0.000000,0.913238,0.000005,0.000625,0.026494,0.000016,5,
0.000051,0.000037,0.000001,0.008645,0.003132,0.000269,0.000000,0.894682,0.000191,0.092992,7,
0.191624,0.016877,0.111061,0.044722,0.000003,0.076460,0.021815,0.000290,0.536271,0.000878,8,
0.152079,0.000000,0.000023,0.000602,0.000000,0.452540,0.000011,0.000005,0.394731,0.000009,5,
0.964585,0.000000,0.002403,0.000066,0.000000,0.005946,0.000161,0.000000,0.026838,0.000001,0,
0.000018,0.001082,0.000001,0.004127,0.002981,0.000027,0.000000,0.842429,0.000169,0.149166,7,
0.013959,0.044752,0.004268,0.000527,0.528906,0.005095,0.076223,0.001431,0.080247,0.244592,4,
0.099228,0.004654,0.018633,0.154062,0.000000,0.000307,0.000008,0.000073,0.723011,0.000024,2,
0.009429,0.000000,0.000815,0.920568,0.000000,0.068607,0.000000,0.000159,0.000422,0.000000,3,
0.003281,0.841505,0.005298,0.003378,0.012256,0.000459,0.003910,0.005053,0.029496,0.095364,1,
0.059447,0.000000,0.819355,0.000537,0.000000,0.000376,0.104657,0.000000,0.015626,0.000002,2,
0.030537,0.000608,0.887944,0.039188,0.000000,0.000260,0.000947,0.000000,0.040516,0.000000,2,
0.001290,0.000020,0.950024,0.048087,0.000000,0.000017,0.000069,0.000000,0.000494,0.000000,2,
0.001468,0.013180,0.001225,0.048151,0.215107,0.023231,0.000238,0.451948,0.003264,0.242188,7,
0.084183,0.000010,0.009547,0.504363,0.000000,0.323615,0.000009,0.000064,0.078208,0.000001,5,
0.562056,0.000000,0.003424,0.029223,0.000000,0.009975,0.000002,0.000001,0.395318,0.000000,8,
0.003138,0.928524,0.032664,0.004663,0.000033,0.000097,0.004501,0.000280,0.023070,0.003029,1,
0.009789,0.000063,0.000180,0.003358,0.031731,0.000343,0.000024,0.036131,0.041489,0.876892,9,
0.119500,0.000000,0.000010,0.004016,0.015399,0.598283,0.000004,0.033172,0.066714,0.162902,9,
0.000950,0.002669,0.000024,0.040818,0.002629,0.018813,0.000001,0.836347,0.004744,0.093005,7,
0.002458,0.955855,0.010069,0.003985,0.000140,0.000760,0.004246,0.000651,0.018036,0.003799,1,
0.105318,0.000000,0.000226,0.008265,0.000000,0.798832,0.000014,0.000035,0.087300,0.000010,5,
0.006906,0.000001,0.003099,0.011589,0.367895,0.000647,0.000180,0.040652,0.003919,0.565111,4,
0.003961,0.002666,0.073838,0.000516,0.178856,0.002763,0.722020,0.000103,0.004276,0.011001,6,
0.997414,0.000000,0.000225,0.000005,0.000025,0.000130,0.000009,0.000000,0.002014,0.000178,0,
0.003102,0.000005,0.181859,0.007142,0.716541,0.000639,0.037645,0.001944,0.000636,0.050486,4,
0.012676,0.152261,0.094798,0.096798,0.127092,0.004826,0.013651,0.086159,0.029249,0.382490,7,
0.981058,0.000000,0.003470,0.000021,0.000000,0.001670,0.000316,0.000000,0.013464,0.000001,0,
0.194928,0.000007,0.000379,0.005390,0.000000,0.260165,0.000100,0.000132,0.538630,0.000269,8,
0.001059,0.001898,0.000825,0.937459,0.000000,0.006526,0.000000,0.049764,0.002295,0.000174,3,
0.072587,0.014531,0.061310,0.604705,0.000000,0.012445,0.000093,0.000583,0.233698,0.000047,2,
0.000066,0.000000,0.997439,0.000058,0.000000,0.000002,0.002436,0.000000,0.000000,0.000000,2,
0.000245,0.000000,0.003924,0.000000,0.017613,0.000072,0.977993,0.000000,0.000093,0.000058,6,
0.000045,0.000000,0.007891,0.992058,0.000000,0.000001,0.000000,0.000000,0.000005,0.000000,3,
0.003021,0.000002,0.000029,0.985077,0.000000,0.001720,0.000000,0.000679,0.009470,0.000000,3,
0.000909,0.914139,0.008858,0.035803,0.001076,0.002154,0.000813,0.020400,0.003851,0.011997,1,
0.001620,0.946719,0.004977,0.011029,0.001447,0.004974,0.002206,0.006980,0.009170,0.010879,1,
0.001200,0.002427,0.000014,0.007899,0.047170,0.009814,0.000004,0.503859,0.008111,0.419503,7,
0.142979,0.001074,0.002258,0.001541,0.000129,0.019935,0.004844,0.000242,0.815742,0.011257,8,
0.246291,0.000043,0.002662,0.008570,0.000004,0.132316,0.000972,0.000310,0.607133,0.001698,8,
0.186016,0.002736,0.127265,0.021687,0.002507,0.202757,0.177894,0.001132,0.263619,0.014387,2,
0.063250,0.000743,0.100970,0.696590,0.000000,0.001285,0.000012,0.000043,0.137107,0.000002,3,
0.008658,0.000000,0.063862,0.000110,0.276657,0.003268,0.643250,0.000007,0.001062,0.003126,4,
0.025251,0.000000,0.901280,0.002150,0.000000,0.010788,0.059138,0.000000,0.001392,0.000000,2,
0.306316,0.000000,0.000039,0.005174,0.000000,0.318185,0.000003,0.000355,0.369334,0.000593,0,
0.001721,0.063481,0.000188,0.016085,0.156162,0.034646,0.000123,0.384858,0.009819,0.332917,7,
0.001638,0.103425,0.000106,0.019936,0.042091,0.021878,0.000037,0.498837,0.013006,0.299047,9,
0.157589,0.000000,0.000003,0.000022,0.001013,0.185321,0.000173,0.000061,0.641555,0.014262,8,
0.026944,0.000021,0.000339,0.025278,0.000001,0.902552,0.000042,0.001573,0.043006,0.000244,3,
0.006199,0.226061,0.022070,0.604350,0.000016,0.075002,0.000356,0.048216,0.015429,0.002300,3,
0.996245,0.000000,0.000616,0.000000,0.002378,0.000003,0.000026,0.000000,0.000202,0.000529,0,
0.622309,0.000000,0.000471,0.006650,0.000890,0.280197,0.000051,0.001278,0.071394,0.016761,9,
0.000992,0.000001,0.877543,0.002055,0.000004,0.001454,0.117859,0.000001,0.000089,0.000003,2,
0.012506,0.000000,0.000000,0.004106,0.005768,0.496575,0.000000,0.306591,0.016857,0.157596,7,
0.000783,0.000038,0.000004,0.010237,0.011261,0.005107,0.000000,0.714055,0.003071,0.255444,7,
0.082797,0.000000,0.000053,0.025330,0.003358,0.729086,0.000004,0.066254,0.031246,0.061870,5,
0.000558,0.000000,0.997428,0.001871,0.000000,0.000037,0.000104,0.000000,0.000002,0.000000,2,
0.016335,0.065929,0.024385,0.616199,0.000235,0.105351,0.000637,0.119582,0.035651,0.015695,1,
0.000749,0.000000,0.071470,0.000001,0.000512,0.000026,0.927220,0.000000,0.000019,0.000003,6,
0.014964,0.117935,0.038869,0.000818,0.002093,0.039257,0.734604,0.000053,0.049458,0.001950,6,
0.000256,0.862891,0.002027,0.020837,0.012580,0.001880,0.000311,0.066726,0.001143,0.031349,1,
0.004865,0.097730,0.802890,0.070463,0.000001,0.001482,0.015705,0.000123,0.006662,0.000080,2,
0.109990,0.000000,0.080097,0.004788,0.689449,0.033784,0.034537,0.000539,0.004037,0.042777,4,
0.001415,0.897160,0.007334,0.008366,0.024651,0.013023,0.010441,0.009688,0.005759,0.022162,1,
0.008053,0.000478,0.017690,0.002828,0.794637,0.010362,0.050781,0.003169,0.008209,0.103793,6,
0.006626,0.000197,0.026007,0.000604,0.727594,0.003223,0.182091,0.000357,0.005983,0.047319,4,
0.005894,0.385911,0.004985,0.005130,0.290266,0.013371,0.016755,0.018187,0.032082,0.227418,9,
0.001758,0.000159,0.016961,0.000024,0.030346,0.001397,0.946742,0.000002,0.001704,0.000908,6,
0.001636,0.000000,0.068544,0.000054,0.105758,0.001551,0.821768,0.000002,0.000173,0.000514,6,
0.000681,0.000000,0.010228,0.000001,0.002543,0.000236,0.986171,0.000000,0.000121,0.000019,6,
0.100266,0.061756,0.112393,0.297957,0.000133,0.006114,0.002303,0.023435,0.344419,0.051222,2,
0.182794,0.001286,0.017307,0.027069,0.000000,0.312888,0.003804,0.000134,0.454552,0.000166,8,
0.729404,0.000000,0.237562,0.002451,0.007407,0.005859,0.010628,0.000010,0.003459,0.003220,0,
0.011075,0.000123,0.000007,0.003673,0.032157,0.041063,0.000006,0.188787,0.077751,0.645358,7,
0.003766,0.924519,0.008719,0.010264,0.001261,0.004214,0.004442,0.004503,0.023444,0.014869,1,
0.002959,0.913425,0.033094,0.005355,0.000544,0.000070,0.005284,0.001031,0.020529,0.017708,1,
0.001090,0.043595,0.002223,0.014479,0.362869,0.001251,0.000524,0.133440,0.003685,0.436844,9,
0.290763,0.000000,0.000918,0.000113,0.000000,0.023282,0.001320,0.000000,0.683600,0.000004,8,
0.126568,0.001669,0.002226,0.072645,0.000007,0.007205,0.000045,0.012860,0.750969,0.025806,8,
0.007990,0.003543,0.002419,0.010008,0.551598,0.039555,0.003533,0.051932,0.017628,0.311795,9,
0.001090,0.000003,0.000002,0.009358,0.009678,0.015632,0.000000,0.755684,0.003111,0.205441,9,
0.059754,0.000000,0.027095,0.866512,0.000000,0.032216,0.000001,0.000013,0.014408,0.000000,3,
0.135238,0.001217,0.002331,0.062168,0.001355,0.070758,0.000332,0.055100,0.506731,0.164769,8,
0.001066,0.013342,0.000032,0.000830,0.058493,0.000092,0.000014,0.040591,0.015952,0.869588,9,
0.000209,0.000000,0.765007,0.000056,0.000098,0.000012,0.234607,0.000000,0.000007,0.000004,2,
0.196053,0.000397,0.005235,0.051614,0.000622,0.028125,0.000518,0.019848,0.584625,0.112961,8,
0.003311,0.000016,0.008757,0.065437,0.383502,0.002518,0.000270,0.182308,0.001581,0.352300,7,
0.006254,0.890743,0.036425,0.019804,0.000028,0.000839,0.003326,0.001178,0.037868,0.003536,1,
0.001742,0.000032,0.000004,0.012849,0.011294,0.040222,0.000000,0.726636,0.006257,0.200965,7,
0.002216,0.031436,0.015485,0.000479,0.733047,0.000882,0.134528,0.000654,0.006065,0.075209,4,
0.000176,0.001594,0.000017,0.020240,0.015043,0.004993,0.000001,0.859945,0.000637,0.097355,7,
0.000684,0.022269,0.000058,0.007012,0.087152,0.001362,0.000012,0.326745,0.005370,0.549336,7,
0.002354,0.909192,0.006135,0.030854,0.000642,0.004400,0.000875,0.017145,0.013464,0.014939,1,
0.010592,0.002976,0.000738,0.002812,0.475803,0.023344,0.002517,0.023669,0.039418,0.418131,4,
0.000283,0.000081,0.000002,0.004197,0.011881,0.000275,0.000000,0.548666,0.001780,0.432836,9,
0.035001,0.000000,0.000019,0.029917,0.000981,0.771241,0.000001,0.108750,0.019766,0.034325,5,
0.027152,0.000000,0.840978,0.000090,0.000000,0.000674,0.130664,0.000000,0.000441,0.000000,2,
0.002783,0.000430,0.002528,0.025494,0.348236,0.002856,0.000278,0.157811,0.003812,0.455772,7,
0.611953,0.000000,0.007434,0.000025,0.000000,0.064803,0.072332,0.000000,0.243451,0.000002,0,
0.052891,0.008384,0.031577,0.001412,0.218019,0.022573,0.422687,0.000703,0.138579,0.103176,1,
0.999102,0.000000,0.000012,0.000355,0.000000,0.000099,0.000000,0.000000,0.000432,0.000000,0,
0.636524,0.000000,0.014902,0.095541,0.000000,0.223088,0.000007,0.000002,0.029934,0.000000,0,
0.001399,0.000004,0.142045,0.855918,0.000000,0.000015,0.000000,0.000004,0.000614,0.000000,3,
0.001252,0.000762,0.016077,0.000040,0.240641,0.000858,0.734283,0.000012,0.001546,0.004528,4,
0.222411,0.005105,0.127420,0.066021,0.000010,0.124237,0.022821,0.000638,0.429567,0.001771,8,
0.120425,0.017009,0.024518,0.029988,0.000831,0.430356,0.029479,0.003457,0.330605,0.013331,1,
0.006563,0.006246,0.911935,0.005431,0.000000,0.000290,0.061904,0.000003,0.007611,0.000017,2,
0.000279,0.000004,0.991651,0.001967,0.000001,0.000002,0.006034,0.000001,0.000052,0.000010,2,
0.000650,0.927145,0.006160,0.021378,0.000921,0.000224,0.000310,0.017390,0.003812,0.022010,1,
0.001562,0.300200,0.002033,0.217364,0.001695,0.046563,0.000098,0.396276,0.005647,0.028563,7,
0.010782,0.000000,0.872991,0.000084,0.065422,0.000023,0.050404,0.000000,0.000009,0.000283,4,
0.001305,0.001042,0.835638,0.159457,0.000000,0.001069,0.000930,0.000014,0.000544,0.000001,2,
0.000727,0.974282,0.005745,0.004181,0.000764,0.001229,0.003027,0.001663,0.004062,0.004320,1,
0.000537,0.000000,0.000000,0.011566,0.002426,0.091159,0.000000,0.850684,0.000986,0.042642,7,
0.090182,0.000000,0.703512,0.000856,0.024056,0.002602,0.176772,0.000003,0.000802,0.001216,2,
0.032925,0.000000,0.318987,0.000003,0.000024,0.000079,0.647725,0.000000,0.000254,0.000002,2,
0.007744,0.618659,0.033472,0.000896,0.010849,0.002818,0.269614,0.000201,0.042079,0.013667,8,
0.012741,0.000103,0.056413,0.913994,0.000000,0.000381,0.000001,0.000041,0.016326,0.000000,3,
0.111284,0.014356,0.015046,0.344043,0.000024,0.057964,0.000348,0.035905,0.401644,0.019386,0,
0.000888,0.000022,0.000017,0.011226,0.031501,0.001274,0.000001,0.516519,0.002411,0.436141,4,
0.183256,0.000138,0.253060,0.261406,0.000000,0.161771,0.002268,0.000063,0.138026,0.000012,5,
0.009106,0.000091,0.000007,0.008930,0.007199,0.021593,0.000001,0.369893,0.062218,0.520962,7,
0.019993,0.000168,0.001072,0.007675,0.452378,0.115221,0.002011,0.041901,0.033372,0.326210,4,
0.014290,0.018822,0.619003,0.323025,0.000000,0.000492,0.000660,0.000170,0.023498,0.000040,3,
0.006539,0.000000,0.064935,0.000006,0.000072,0.000742,0.927137,0.000000,0.000563,0.000006,6,
0.000110,0.000001,0.000000,0.002365,0.001385,0.000208,0.000000,0.801464,0.000631,0.193835,7,
0.001705,0.001749,0.983582,0.009466,0.000000,0.000006,0.001617,0.000000,0.001873,0.000001,2,
0.046505,0.000000,0.000342,0.546254,0.000001,0.314452,0.000001,0.064887,0.025666,0.001893,0,
0.116892,0.069584,0.148657,0.019042,0.008340,0.007121,0.100571,0.002893,0.413009,0.113891,6,
0.094975,0.232897,0.100376,0.023295,0.000605,0.011436,0.050786,0.001795,0.456362,0.027473,1,
0.000431,0.000000,0.002677,0.992640,0.000000,0.004122,0.000000,0.000009,0.000121,0.000000,3,
0.007564,0.000010,0.000561,0.014427,0.236869,0.005929,0.000074,0.127511,0.008878,0.598178,9,
0.000840,0.924378,0.003359,0.000688,0.007932,0.000031,0.002762,0.001035,0.009311,0.049664,1,
0.000295,0.027766,0.000080,0.028798,0.039582,0.015841,0.000011,0.776453,0.001216,0.109959,7,
0.003690,0.005517,0.005772,0.003965,0.657664,0.002210,0.006598,0.014207,0.008433,0.291946,4,
0.057882,0.000000,0.906204,0.000050,0.000000,0.000104,0.035606,0.000000,0.000153,0.000000,2,
0.021586,0.000008,0.016757,0.015248,0.579354,0.258577,0.021735,0.011661,0.007430,0.067643,4,
0.001753,0.963899,0.009081,0.003954,0.000205,0.001041,0.004480,0.000746,0.011528,0.003312,1,
0.001119,0.000000,0.970537,0.000361,0.000000,0.000035,0.027899,0.000000,0.000048,0.000000,2,
0.000183,0.000401,0.000004,0.011564,0.009108,0.003384,0.000000,0.854725,0.000819,0.119811,7,
0.000939,0.000001,0.057566,0.000048,0.106332,0.000941,0.833418,0.000002,0.000169,0.000584,6,
0.053113,0.000000,0.833603,0.000609,0.000000,0.006284,0.104221,0.000000,0.002170,0.000000,2,
0.000622,0.000000,0.534089,0.000013,0.002097,0.000024,0.463141,0.000000,0.000005,0.000008,2,
0.008187,0.000005,0.015049,0.097448,0.476493,0.028393,0.000951,0.154683,0.002430,0.216362,3,
0.000995,0.907634,0.010051,0.032519,0.001161,0.000632,0.000611,0.020597,0.004858,0.020941,1,
0.014341,0.000000,0.099508,0.002433,0.696219,0.009834,0.148507,0.000437,0.002309,0.026412,4,
0.097938,0.033302,0.006130,0.114652,0.000021,0.012602,0.000209,0.020910,0.681701,0.032535,8,
0.025352,0.000000,0.000000,0.003209,0.001880,0.267913,0.000000,0.357031,0.056708,0.287906,7,
0.002486,0.015536,0.026132,0.001826,0.775063,0.002423,0.093354,0.002112,0.004242,0.076826,4,
0.105635,0.000001,0.196161,0.089593,0.000000,0.577510,0.000615,0.000000,0.030485,0.000000,5,
0.002796,0.008153,0.000084,0.002033,0.180893,0.002404,0.000094,0.064865,0.023016,0.715661,9,
0.002164,0.000019,0.969309,0.027360,0.000000,0.000037,0.000289,0.000000,0.000822,0.000000,2,
0.006625,0.000000,0.015973,0.000000,0.010767,0.000002,0.966587,0.000000,0.000034,0.000013,6,
0.003230,0.930648,0.020665,0.010498,0.000299,0.000707,0.004109,0.001900,0.019382,0.008562,1,
0.000759,0.003752,0.074004,0.000052,0.085329,0.000040,0.830642,0.000007,0.001088,0.004326,6,
0.793988,0.000000,0.006475,0.000013,0.000004,0.019390,0.067659,0.000000,0.112442,0.000029,0,
0.001294,0.000410,0.000052,0.032522,0.039421,0.122535,0.000009,0.689814,0.002829,0.111113,7,
0.000573,0.000170,0.956635,0.004054,0.000001,0.000157,0.038240,0.000002,0.000163,0.000005,2,
0.006625,0.082940,0.002721,0.313267,0.001328,0.111074,0.000130,0.414096,0.022050,0.045768,7,
0.007211,0.007221,0.000091,0.007789,0.166998,0.300547,0.000248,0.172174,0.037668,0.300052,7,
0.002031,0.000170,0.008830,0.985135,0.000000,0.000227,0.000000,0.000730,0.002873,0.000004,3,
0.000330,0.000018,0.000000,0.002355,0.003928,0.001429,0.000000,0.695821,0.002872,0.293246,7,
0.024973,0.000002,0.000028,0.001783,0.073428,0.722248,0.000129,0.020248,0.045228,0.111932,5,
0.000013,0.000330,0.000002,0.008624,0.002141,0.000073,0.000000,0.931362,0.000062,0.057393,7,
0.055456,0.003527,0.046138,0.084559,0.000016,0.726646,0.010766,0.001379,0.070870,0.000643,7,
0.675825,0.000000,0.006267,0.029411,0.000000,0.221609,0.000028,0.000007,0.066847,0.000005,8,
0.100391,0.000000,0.000004,0.000351,0.000347,0.682061,0.000018,0.000850,0.205453,0.010524,5,
0.834843,0.000000,0.000736,0.000311,0.037781,0.038583,0.000673,0.000075,0.046466,0.040532,0,
0.288224,0.000116,0.021033,0.002594,0.000009,0.094357,0.037271,0.000026,0.555686,0.000685,8,
0.120108,0.126974,0.134030,0.050241,0.002950,0.031903,0.062312,0.006038,0.404148,0.061297,1,
0.000265,0.957694,0.001351,0.002359,0.015203,0.004725,0.002672,0.005180,0.001380,0.009172,1,
0.024645,0.000000,0.000132,0.084407,0.000000,0.870002,0.000001,0.002249,0.018508,0.000054,3,
0.001275,0.009867,0.000693,0.030673,0.039147,0.000365,0.000022,0.345419,0.005373,0.567165,7,
0.006283,0.889776,0.010578,0.022727,0.000513,0.007595,0.002997,0.007289,0.038376,0.013866,1,
0.007324,0.899254,0.010400,0.016111,0.000041,0.009879,0.003204,0.001742,0.049260,0.002785,1,
0.036937,0.000000,0.146339,0.029509,0.665441,0.052866,0.020703,0.004222,0.001558,0.042426,5,
0.001151,0.007896,0.042498,0.000552,0.358951,0.005814,0.574765,0.000191,0.001169,0.007014,6,
0.086441,0.000000,0.001860,0.001207,0.438245,0.318598,0.017166,0.001509,0.047768,0.087206,5,
0.000891,0.000896,0.000130,0.044971,0.050943,0.052968,0.000015,0.732683,0.001732,0.114771,7,
0.554890,0.000000,0.003266,0.008766,0.000000,0.335059,0.000062,0.000002,0.097953,0.000002,5,
0.259581,0.000013,0.016025,0.000078,0.000000,0.013825,0.158830,0.000000,0.551615,0.000032,6,
0.000153,0.000000,0.755822,0.243927,0.000000,0.000090,0.000002,0.000000,0.000007,0.000000,2,
0.003925,0.000590,0.034279,0.001369,0.793972,0.001318,0.083808,0.001048,0.003810,0.075882,4,
0.963240,0.000000,0.003449,0.000052,0.000000,0.004467,0.000056,0.000000,0.028738,0.000000,0,
0.002042,0.003256,0.000469,0.050441,0.049346,0.007694,0.000032,0.556542,0.005745,0.324433,9,
0.000017,0.000034,0.000000,0.002845,0.001369,0.000012,0.000000,0.842413,0.000124,0.153186,7,
0.184356,0.000000,0.000009,0.001054,0.000001,0.137174,0.000004,0.000291,0.675551,0.001561,8,
0.011001,0.000005,0.001854,0.017570,0.368102,0.007552,0.000262,0.080482,0.008246,0.504925,9,
0.003946,0.053538,0.002035,0.018386,0.340000,0.017765,0.001431,0.141938,0.014549,0.406411,4,
0.681679,0.000000,0.000831,0.133322,0.000000,0.166462,0.000000,0.001014,0.016301,0.000390,0,
0.026295,0.000000,0.039727,0.136294,0.503156,0.112160,0.001836,0.067670,0.001942,0.110919,4,
0.002063,0.005120,0.051838,0.933431,0.000000,0.000200,0.000007,0.004058,0.003170,0.000112,3,
0.053673,0.000004,0.000169,0.001743,0.178248,0.029102,0.000324,0.014815,0.118182,0.603741,9,
0.057287,0.000016,0.000065,0.000198,0.010899,0.724632,0.003152,0.000419,0.185514,0.017818,8,
0.003483,0.000006,0.000475,0.045229,0.129709,0.007850,0.000017,0.419506,0.002845,0.390879,9,
0.003644,0.011191,0.000301,0.000669,0.342969,0.000848,0.000890,0.010374,0.028583,0.600531,4,
0.887379,0.000000,0.001682,0.000282,0.000000,0.037489,0.000139,0.000000,0.073027,0.000001,0,
0.054956,0.000055,0.000181,0.222482,0.000071,0.040749,0.000001,0.392489,0.183344,0.105671,3,
0.067289,0.023549,0.003598,0.034647,0.015929,0.046468,0.001687,0.066112,0.356273,0.384447,9,
0.000181,0.000083,0.989586,0.009925,0.000000,0.000000,0.000142,0.000000,0.000083,0.000000,2,
0.023533,0.031152,0.254707,0.008981,0.000139,0.117291,0.532361,0.000085,0.031332,0.000418,5,
0.009000,0.000000,0.974534,0.015938,0.000000,0.000069,0.000032,0.000000,0.000428,0.000000,2,
0.009454,0.000004,0.245383,0.005900,0.446729,0.015295,0.259359,0.000680,0.001540,0.015655,4,
0.004361,0.002768,0.001763,0.001145,0.538113,0.000766,0.003281,0.006734,0.015556,0.425513,4,
0.049113,0.002194,0.001100,0.031348,0.000002,0.735222,0.000285,0.002148,0.177860,0.000728,5,
0.002675,0.000589,0.032391,0.000038,0.000888,0.001499,0.958382,0.000001,0.003366,0.000171,6,
0.372068,0.000000,0.001348,0.062024,0.000000,0.001429,0.000002,0.001580,0.557424,0.004125,8,
0.000461,0.001729,0.000006,0.004939,0.025636,0.001167,0.000001,0.504939,0.003920,0.457204,7,
0.091914,0.032673,0.005405,0.055219,0.005417,0.134812,0.002488,0.053750,0.443622,0.174701,0,
0.001130,0.000011,0.023667,0.000041,0.114504,0.002563,0.856779,0.000004,0.000436,0.000865,6,
0.000057,0.000004,0.000000,0.002846,0.001470,0.000093,0.000000,0.830857,0.000341,0.164333,7,
0.289292,0.000111,0.017399,0.113748,0.000184,0.049555,0.000851,0.012704,0.474440,0.041716,8,
0.036771,0.000000,0.027511,0.122750,0.458588,0.172673,0.001421,0.064285,0.002513,0.113488,5,
0.679802,0.000000,0.001796,0.007516,0.000000,0.236557,0.000056,0.000024,0.074163,0.000086,0,
0.001956,0.000002,0.042723,0.000098,0.144553,0.005123,0.804063,0.000008,0.000432,0.001044,2,
0.002678,0.000021,0.000005,0.001804,0.039697,0.001514,0.000001,0.142254,0.015386,0.796640,9,
0.002009,0.947733,0.007118,0.013378,0.000199,0.000726,0.000876,0.004388,0.014314,0.009259,1,
0.000172,0.000135,0.025055,0.000003,0.109888,0.000004,0.863391,0.000000,0.000172,0.001181,6,
0.003311,0.922686,0.030049,0.003664,0.000240,0.000132,0.008167,0.000453,0.023518,0.007780,1,
0.004263,0.004333,0.006046,0.003622,0.678440,0.002770,0.008279,0.011889,0.009280,0.271079,9,
0.002504,0.025403,0.001529,0.008971,0.418652,0.004426,0.000999,0.083273,0.009264,0.444979,4,
0.957781,0.000000,0.000110,0.000000,0.000002,0.000082,0.012589,0.000000,0.029433,0.000004,0,
0.825986,0.000000,0.005747,0.000567,0.000026,0.081173,0.003725,0.000003,0.082389,0.000385,0,
0.023692,0.137185,0.002454,0.418782,0.000022,0.021762,0.000028,0.192896,0.170437,0.032740,8,
0.032422,0.021001,0.048743,0.003646,0.006404,0.292676,0.530544,0.000318,0.059921,0.004325,6,
0.043665,0.000000,0.000009,0.029066,0.020626,0.252145,0.000000,0.384114,0.007756,0.262619,7,
0.000146,0.000005,0.012974,0.000001,0.035548,0.000027,0.951071,0.000000,0.000071,0.000157,6,
0.001331,0.000001,0.089624,0.000004,0.000930,0.000007,0.907371,0.000000,0.000616,0.000115,6,
0.005892,0.000014,0.015258,0.000164,0.779008,0.000045,0.036471,0.000148,0.006178,0.156823,4,
0.003963,0.000008,0.029695,0.000019,0.062219,0.000313,0.898797,0.000002,0.002573,0.002411,6,
0.001964,0.000204,0.012348,0.000016,0.001565,0.003413,0.978138,0.000000,0.002233,0.000119,6,
0.000048,0.000500,0.000002,0.006725,0.005137,0.000141,0.000000,0.836741,0.000298,0.150409,7,
0.002803,0.358367,0.000831,0.020240,0.046098,0.005413,0.000261,0.185877,0.022091,0.358019,9,
0.000576,0.002315,0.000011,0.008512,0.024989,0.002515,0.000001,0.590753,0.004035,0.366294,7,
0.000353,0.000001,0.006607,0.000001,0.034556,0.000109,0.958040,0.000000,0.000166,0.000167,6,
0.000793,0.000376,0.000115,0.923474,0.000000,0.000698,0.000000,0.071586,0.002785,0.000172,3,
0.016756,0.000001,0.000026,0.011678,0.060468,0.445143,0.000012,0.209679,0.021293,0.234945,7,
0.011068,0.000004,0.194860,0.005654,0.357329,0.056187,0.363206,0.000574,0.001715,0.009403,2,
0.026485,0.000002,0.025895,0.009773,0.660184,0.168066,0.039998,0.005062,0.007131,0.057404,4,
0.004584,0.032532,0.005838,0.007060,0.678286,0.022804,0.014251,0.024971,0.011781,0.197892,4,
0.834199,0.000000,0.004223,0.000235,0.124158,0.001999,0.000393,0.000015,0.003573,0.031204,0,
0.000433,0.000891,0.977957,0.005290,0.000000,0.000038,0.015189,0.000002,0.000197,0.000004,2,
0.276570,0.000000,0.000177,0.000337,0.000000,0.018557,0.000062,0.000002,0.704265,0.000030,8,
0.002899,0.940886,0.004969,0.007547,0.000953,0.005268,0.003282,0.003794,0.019740,0.010663,1,
0.000629,0.540409,0.001294,0.047774,0.027845,0.010167,0.000203,0.284576,0.002812,0.084293,1,
0.001086,0.000719,0.000136,0.000846,0.150033,0.000034,0.000035,0.020190,0.006341,0.820579,9,
0.000178,0.000000,0.013775,0.000001,0.012266,0.000055,0.973688,0.000000,0.000018,0.000019,6,
0.010042,0.000408,0.015865,0.001012,0.733570,0.017432,0.154414,0.000828,0.010814,0.055614,5,
0.003313,0.000164,0.118211,0.000722,0.210433,0.003534,0.655507,0.000091,0.001548,0.006477,6,
0.002343,0.199836,0.006026,0.002556,0.607216,0.007775,0.029837,0.008351,0.008880,0.127179,4,
0.095902,0.000208,0.000344,0.016333,0.007299,0.317702,0.000268,0.047258,0.334260,0.180426,8,
0.120550,0.000012,0.575627,0.000560,0.000002,0.000121,0.192242,0.000000,0.110686,0.000200,2,
0.058325,0.088857,0.022699,0.001070,0.002801,0.071635,0.467007,0.000118,0.280162,0.007326,6,
0.001163,0.869124,0.033164,0.058345,0.000565,0.000319,0.000883,0.016283,0.004458,0.015694,1,
0.003803,0.006625,0.000612,0.027940,0.244278,0.078858,0.000328,0.321032,0.010249,0.306275,4,
0.007452,0.000339,0.013604,0.036213,0.633988,0.051058,0.005611,0.068360,0.005319,0.178056,4,
0.233375,0.000000,0.010377,0.063320,0.000006,0.652662,0.000344,0.000638,0.038781,0.000496,0,
0.002377,0.000001,0.320401,0.000496,0.003807,0.002895,0.669557,0.000004,0.000302,0.000159,6,
0.075441,0.066700,0.019101,0.257458,0.001250,0.065141,0.001421,0.107305,0.289831,0.116352,8,
0.148609,0.000012,0.061627,0.102849,0.000000,0.596346,0.000968,0.000013,0.089573,0.000001,5,
0.029494,0.000001,0.000010,0.280968,0.000000,0.602969,0.000000,0.017987,0.068488,0.000082,5,
0.002657,0.000025,0.085211,0.000166,0.000387,0.011148,0.899425,0.000001,0.000939,0.000040,6,
0.004682,0.060631,0.025079,0.000257,0.462832,0.000407,0.339774,0.000224,0.018208,0.087907,6,
0.079152,0.000395,0.361490,0.000535,0.000005,0.000564,0.429847,0.000001,0.127799,0.000211,3,
0.032733,0.000000,0.847972,0.000032,0.000000,0.000166,0.118890,0.000000,0.000206,0.000000,2,
0.000829,0.001473,0.000062,0.012149,0.069564,0.001843,0.000006,0.442474,0.003524,0.468077,9,
0.002481,0.934935,0.007712,0.018430,0.000131,0.000569,0.000600,0.005594,0.018650,0.010898,1,
0.345960,0.000000,0.010868,0.059075,0.000000,0.473963,0.000150,0.000046,0.109923,0.000016,0,
0.038582,0.000162,0.126112,0.772410,0.000000,0.000305,0.000004,0.000015,0.062410,0.000000,3,
0.021586,0.000002,0.000103,0.783910,0.000000,0.152675,0.000000,0.006181,0.035528,0.000015,3,
0.395694,0.000000,0.008344,0.000189,0.468685,0.024588,0.036929,0.000030,0.023806,0.041736,0,
0.000392,0.003739,0.000016,0.012621,0.027669,0.005094,0.000002,0.722903,0.002207,0.225357,7,
0.171793,0.000998,0.004984,0.009543,0.000002,0.025285,0.001117,0.000258,0.784327,0.001693,0,
0.946579,0.000000,0.000013,0.000220,0.000000,0.015620,0.000000,0.000001,0.037549,0.000017,0,
0.087966,0.000261,0.001896,0.332460,0.000000,0.357017,0.000014,0.005120,0.215004,0.000261,5,
0.000196,0.000026,0.011634,0.000008,0.032038,0.001051,0.954849,0.000001,0.000086,0.000112,6,
0.317669,0.000000,0.013686,0.012614,0.000005,0.572857,0.002696,0.000073,0.080145,0.000254,3,
0.011172,0.001007,0.100865,0.001654,0.071090,0.028345,0.770090,0.000180,0.008553,0.007045,6,
0.001486,0.076623,0.000617,0.016039,0.247925,0.009225,0.000286,0.250413,0.007013,0.390373,9,
0.214672,0.000120,0.003469,0.009444,0.000000,0.104399,0.000634,0.000062,0.667047,0.000153,0,
0.000625,0.000029,0.000003,0.011240,0.010591,0.013600,0.000000,0.803323,0.002093,0.158497,7,
0.012676,0.000000,0.009289,0.000002,0.006091,0.001710,0.967724,0.000000,0.002350,0.000157,6,
0.154916,0.010356,0.013947,0.029309,0.000002,0.040480,0.002062,0.000630,0.746462,0.001836,8,
0.000854,0.905595,0.011878,0.029593,0.000401,0.000044,0.000207,0.015844,0.005448,0.030135,1,
0.993074,0.000000,0.000093,0.000002,0.000000,0.000235,0.000002,0.000000,0.006593,0.000000,0,
0.343486,0.000000,0.006357,0.013095,0.000039,0.557581,0.001202,0.000256,0.076854,0.001129,0,
0.001933,0.000024,0.000014,0.001999,0.054957,0.000396,0.000002,0.103627,0.008818,0.828230,9,
0.008636,0.001014,0.001321,0.002531,0.516121,0.006367,0.002557,0.015647,0.024019,0.421787,9,
0.000790,0.006924,0.000126,0.035730,0.060629,0.050954,0.000024,0.710051,0.002359,0.132414,7,
0.000739,0.969662,0.007665,0.005873,0.000605,0.000387,0.001732,0.002290,0.004333,0.006714,1,
0.226615,0.000000,0.636279,0.004526,0.000149,0.028572,0.097269,0.000005,0.006376,0.000210,6,
0.000075,0.000000,0.000000,0.004073,0.000535,0.001313,0.000000,0.944458,0.000225,0.049320,7,
0.004993,0.000318,0.022734,0.000307,0.490995,0.008176,0.452193,0.000125,0.004495,0.015662,6,
0.093255,0.000000,0.336431,0.001642,0.489650,0.003391,0.063366,0.000036,0.000738,0.011489,2,
0.001060,0.000000,0.997542,0.000481,0.000000,0.000018,0.000898,0.000000,0.000002,0.000000,2,
0.882510,0.000000,0.001055,0.013163,0.000360,0.072433,0.000010,0.000803,0.019751,0.009915,0,
0.002698,0.000001,0.000002,0.000357,0.029875,0.000103,0.000000,0.027066,0.013632,0.926266,9,
0.000389,0.000015,0.000002,0.011627,0.007682,0.006472,0.000000,0.839609,0.001151,0.133052,7,
0.002945,0.000000,0.000084,0.985400,0.000000,0.008223,0.000000,0.000020,0.003329,0.000000,3,
0.000560,0.974247,0.002846,0.004552,0.001352,0.001691,0.001538,0.003485,0.003362,0.006367,1,
0.222050,0.000000,0.000399,0.336395,0.000000,0.357629,0.000001,0.014798,0.067423,0.001304,3,
0.003444,0.000000,0.242892,0.000696,0.422779,0.000741,0.322413,0.000050,0.000381,0.006604,2,
0.198055,0.001602,0.011618,0.100147,0.000010,0.062219,0.000613,0.005416,0.612018,0.008301,8,
0.002527,0.084519,0.000509,0.335816,0.000075,0.034256,0.000006,0.511244,0.012907,0.018140,3,
0.518944,0.000000,0.000064,0.013668,0.000000,0.277456,0.000001,0.000155,0.189614,0.000099,9,
0.101085,0.000004,0.111196,0.001479,0.000273,0.203528,0.544610,0.000009,0.037499,0.000317,5,
0.152825,0.002563,0.005875,0.043078,0.000003,0.255465,0.001071,0.001574,0.535736,0.001809,8,
0.002635,0.467819,0.003379,0.018469,0.116615,0.275692,0.009541,0.051904,0.008755,0.045191,1,
0.007287,0.000305,0.010737,0.053559,0.545300,0.086954,0.003545,0.114012,0.004972,0.173329,4,
0.122311,0.000167,0.007832,0.248418,0.000112,0.409282,0.000364,0.034605,0.162046,0.014861,5,
0.000609,0.000983,0.958502,0.002121,0.000001,0.000018,0.037407,0.000002,0.000345,0.000013,2,
0.128054,0.082312,0.049002,0.039305,0.000155,0.192697,0.033877,0.002062,0.465072,0.007466,0,
0.000311,0.000071,0.992946,0.006374,0.000000,0.000000,0.000095,0.000000,0.000202,0.000000,2,
0.001754,0.776327,0.010034,0.067735,0.002878,0.001128,0.000457,0.070790,0.008468,0.060429,1,
0.944573,0.000000,0.050105,0.000112,0.000000,0.000877,0.000487,0.000000,0.003845,0.000000,0,
0.008854,0.003273,0.000875,0.009503,0.418553,0.059661,0.001354,0.082068,0.025406,0.390453,9,
0.038335,0.491583,0.018606,0.008083,0.010455,0.095396,0.086524,0.003211,0.209052,0.038754,8,
0.004218,0.000017,0.000055,0.001574,0.117934,0.000560,0.000015,0.039476,0.014218,0.821932,9,
0.000386,0.000597,0.000029,0.000427,0.065291,0.000004,0.000004,0.021591,0.003474,0.908196,9,
0.219500,0.000001,0.103167,0.001835,0.000007,0.321714,0.267894,0.000003,0.085816,0.000062,0,
0.002147,0.000000,0.000001,0.012464,0.005193,0.136585,0.000000,0.744007,0.002903,0.096701,7,
0.006773,0.000017,0.000002,0.005094,0.025914,0.348357,0.000002,0.333383,0.028423,0.252034,7,
0.002636,0.000025,0.056088,0.000386,0.171899,0.016757,0.749300,0.000042,0.000825,0.002040,6,
0.000548,0.000000,0.994929,0.004326,0.000000,0.000003,0.000154,0.000000,0.000040,0.000000,2,
0.021390,0.000000,0.303014,0.396504,0.218576,0.007081,0.000230,0.022848,0.000067,0.030290,4,
0.035880,0.000000,0.833890,0.000005,0.000000,0.000042,0.130039,0.000000,0.000143,0.000000,2,
0.008350,0.000360,0.027601,0.003225,0.767249,0.023512,0.101651,0.002367,0.006393,0.059292,4,
0.003802,0.067825,0.002103,0.008809,0.012195,0.869168,0.010662,0.008496,0.010110,0.006829,3,
0.023594,0.000002,0.030303,0.020263,0.613143,0.214864,0.023859,0.010348,0.005034,0.058590,5,
0.001854,0.779255,0.005500,0.001661,0.064642,0.000347,0.008722,0.003767,0.014350,0.119902,1,
0.004879,0.005450,0.000877,0.002193,0.378287,0.001795,0.001212,0.020396,0.022213,0.562698,9,
0.068693,0.000000,0.659327,0.001130,0.243149,0.000425,0.023056,0.000008,0.000115,0.004098,6,
0.049910,0.000007,0.890089,0.034989,0.000000,0.001410,0.002335,0.000001,0.021260,0.000000,3,
0.116483,0.022165,0.029735,0.035695,0.005816,0.007091,0.006978,0.015167,0.497288,0.263582,0,
0.030418,0.000049,0.004093,0.002465,0.575166,0.231418,0.034762,0.003634,0.028997,0.088998,5,
0.008987,0.000301,0.001066,0.010325,0.210576,0.655349,0.002860,0.034837,0.011039,0.064662,4,
0.008592,0.000300,0.001604,0.003932,0.492526,0.005253,0.001568,0.021873,0.017368,0.446983,9,
0.994104,0.000000,0.000516,0.000000,0.000000,0.000078,0.000063,0.000000,0.005239,0.000000,0,
0.001024,0.000000,0.136570,0.000162,0.116826,0.001773,0.743024,0.000006,0.000095,0.000520,6,
0.334400,0.000000,0.000237,0.001406,0.000000,0.167811,0.000110,0.000034,0.495702,0.000300,8,
0.074384,0.000001,0.000475,0.001961,0.285361,0.376847,0.002797,0.006571,0.077093,0.174511,9,
0.197593,0.011527,0.160748,0.024485,0.000001,0.047402,0.040483,0.000078,0.517283,0.000399,2,
0.007226,0.000006,0.000025,0.022800,0.031813,0.206817,0.000005,0.495651,0.012374,0.223284,7,
0.005788,0.002084,0.008547,0.007351,0.706878,0.009669,0.009907,0.018793,0.008723,0.222262,4,
0.000365,0.003964,0.000131,0.241604,0.000028,0.000439,0.000000,0.730852,0.001493,0.021123,7,
0.001445,0.000019,0.379120,0.000234,0.000251,0.000338,0.618135,0.000001,0.000405,0.000052,6,
0.010800,0.002846,0.398827,0.571165,0.000000,0.000094,0.000045,0.000121,0.016090,0.000012,3,
0.437286,0.000000,0.000840,0.004036,0.219961,0.097445,0.000165,0.003658,0.024750,0.211858,5,
0.000545,0.812061,0.007945,0.075513,0.002295,0.001638,0.000318,0.075742,0.001962,0.021982,1,
0.032099,0.000037,0.000038,0.001978,0.000278,0.839779,0.000113,0.002754,0.116346,0.006579,5,
0.234229,0.000016,0.008911,0.024617,0.000000,0.437398,0.001014,0.000076,0.293669,0.000070,8,
0.171608,0.000000,0.748303,0.025799,0.000004,0.001737,0.012384,0.000031,0.039643,0.000490,2,
0.044151,0.000516,0.000269,0.037214,0.000000,0.738816,0.000031,0.003369,0.175087,0.000547,5,
0.053432,0.000544,0.000074,0.140461,0.000006,0.009341,0.000000,0.228528,0.489576,0.078036,7,
0.105867,0.021641,0.024724,0.396635,0.000003,0.037783,0.000339,0.015334,0.391436,0.006240,1,
0.015812,0.000229,0.000323,0.010126,0.251456,0.323695,0.000579,0.092923,0.032822,0.272034,9,
0.054979,0.000002,0.000133,0.002359,0.000909,0.852434,0.000321,0.001844,0.079175,0.007845,5,
0.006305,0.055351,0.887817,0.008479,0.000000,0.000127,0.028854,0.000003,0.013047,0.000016,2,
0.974277,0.000000,0.000950,0.000001,0.000000,0.000576,0.000805,0.000000,0.023391,0.000000,0,
0.001161,0.000000,0.033566,0.318014,0.181175,0.000244,0.000027,0.299742,0.000082,0.165990,3,
0.003925,0.157837,0.057286,0.710129,0.000013,0.032270,0.000534,0.029978,0.006696,0.001332,3,
0.197027,0.002527,0.050594,0.142458,0.000000,0.029090,0.000469,0.000134,0.577645,0.000056,8,
0.086941,0.036471,0.079654,0.403472,0.000010,0.001660,0.000397,0.018517,0.346967,0.025910,1,
0.005649,0.000610,0.085853,0.900778,0.000000,0.000874,0.000008,0.000218,0.006006,0.000003,3,
0.002084,0.000086,0.000275,0.001145,0.195953,0.000061,0.000062,0.016382,0.006859,0.777093,9,
0.001130,0.000346,0.034542,0.000032,0.064039,0.000245,0.896632,0.000004,0.001119,0.001912,6,
0.001299,0.000000,0.077352,0.000017,0.027970,0.000459,0.892688,0.000000,0.000086,0.000130,6,
0.001219,0.861769,0.010249,0.061851,0.000494,0.000517,0.000269,0.034505,0.006239,0.022887,1,
0.001645,0.000000,0.000379,0.988145,0.000000,0.009291,0.000000,0.000035,0.000505,0.000000,3,
0.005927,0.003791,0.017867,0.003653,0.780590,0.019391,0.068967,0.004613,0.007884,0.087317,4,
0.052472,0.001425,0.000416,0.267212,0.000000,0.413740,0.000003,0.004982,0.259641,0.000109,5,
0.000657,0.000054,0.000001,0.006365,0.004481,0.001503,0.000000,0.664726,0.004337,0.317876,7,
0.000346,0.000002,0.726721,0.000477,0.001831,0.000077,0.270424,0.000002,0.000036,0.000085,2,
0.000999,0.000000,0.995949,0.000013,0.000000,0.000001,0.003037,0.000000,0.000001,0.000000,2,
0.236777,0.000000,0.005620,0.000462,0.540910,0.081212,0.035526,0.000166,0.036045,0.063282,4,
0.205122,0.000125,0.396722,0.122822,0.000000,0.019169,0.000386,0.000000,0.255652,0.000000,2,
0.360665,0.000001,0.057776,0.009597,0.000001,0.379322,0.019830,0.000012,0.172736,0.000060,5,
0.210913,0.000001,0.000261,0.001501,0.000000,0.046632,0.000017,0.000001,0.740674,0.000001,2,
0.000054,0.000074,0.000001,0.009858,0.001026,0.000400,0.000000,0.926601,0.000258,0.061729,7,
0.000833,0.000172,0.000002,0.009956,0.005344,0.008099,0.000000,0.759603,0.005071,0.210919,7,
0.236405,0.000502,0.043896,0.093161,0.000003,0.268085,0.004041,0.000927,0.351935,0.001046,0,
0.087897,0.002114,0.003143,0.005980,0.025981,0.008567,0.003016,0.009925,0.417583,0.435793,9,
0.004652,0.870414,0.022516,0.033098,0.001516,0.022175,0.008912,0.008930,0.017513,0.010274,1,
0.009707,0.000000,0.000000,0.002259,0.000061,0.619488,0.000000,0.271713,0.051487,0.045285,5,
0.000226,0.000000,0.884294,0.115471,0.000000,0.000000,0.000001,0.000000,0.000008,0.000000,2,
0.002254,0.806903,0.143718,0.021067,0.000108,0.000837,0.016026,0.000779,0.006554,0.001755,7,
0.012587,0.000278,0.002294,0.009622,0.533437,0.036609,0.002400,0.042485,0.018744,0.341544,9,
0.005929,0.000305,0.046347,0.939118,0.000000,0.002032,0.000004,0.000179,0.006085,0.000001,3,
0.128291,0.001855,0.003148,0.003954,0.000001,0.010145,0.000948,0.000088,0.850630,0.000940,8,
0.022517,0.006794,0.002245,0.018593,0.031943,0.002641,0.000420,0.068226,0.112031,0.734589,9,
0.000118,0.000000,0.994891,0.001121,0.000000,0.000007,0.003858,0.000000,0.000005,0.000000,2,
0.000063,0.007244,0.000002,0.008284,0.001795,0.000162,0.000000,0.846996,0.000718,0.134737,7,
0.010252,0.000386,0.545983,0.432283,0.000000,0.004969,0.000927,0.000322,0.004847,0.000032,2,
0.450274,0.000004,0.035937,0.062466,0.000001,0.041611,0.000871,0.000317,0.407647,0.000872,8,
0.003611,0.006959,0.002327,0.005038,0.517838,0.002854,0.002077,0.031960,0.010766,0.416572,4,
0.004511,0.760911,0.033372,0.143423,0.000064,0.000783,0.000443,0.021088,0.021839,0.013565,1,
0.001174,0.000259,0.040909,0.000093,0.002071,0.007094,0.947595,0.000002,0.000709,0.000094,6,
0.004764,0.000103,0.000013,0.004818,0.062521,0.015034,0.000005,0.244204,0.023456,0.645082,7,
0.042504,0.000010,0.000365,0.003334,0.002483,0.878440,0.001067,0.002431,0.059621,0.009744,5,
0.006740,0.042544,0.257026,0.001584,0.007007,0.001260,0.666996,0.000078,0.011909,0.004857,6,
0.231825,0.000442,0.040478,0.006526,0.000449,0.253849,0.105763,0.000229,0.355918,0.004521,0,
0.617389,0.000000,0.029577,0.000862,0.000004,0.002223,0.007777,0.000003,0.341470,0.000695,0,
0.001927,0.140866,0.000509,0.004935,0.307667,0.005125,0.000662,0.080897,0.013458,0.443953,9,
0.338189,0.000040,0.025708,0.052987,0.000000,0.118296,0.001156,0.000170,0.463222,0.000232,0,
0.003749,0.010919,0.000660,0.078663,0.020475,0.015413,0.000045,0.580185,0.013401,0.276489,9,
0.002554,0.000000,0.599725,0.000109,0.116394,0.000068,0.280630,0.000001,0.000026,0.000494,2,
0.121455,0.016084,0.018796,0.087099,0.000061,0.376632,0.004754,0.005945,0.362654,0.006521,8,
0.028571,0.193338,0.011139,0.005599,0.109116,0.005334,0.023445,0.009815,0.187677,0.425967,8,
0.004302,0.005732,0.005640,0.000953,0.724332,0.001148,0.020408,0.002719,0.012217,0.222549,4,
0.001003,0.000522,0.015039,0.979706,0.000000,0.000036,0.000000,0.002182,0.001489,0.000023,2,
0.023043,0.000016,0.050033,0.220993,0.000000,0.697169,0.000516,0.000110,0.008118,0.000003,5,
0.047725,0.000000,0.000000,0.000731,0.000000,0.805887,0.000000,0.000670,0.144691,0.000295,2,
0.199696,0.000931,0.007343,0.045523,0.000003,0.115563,0.000804,0.001482,0.626149,0.002507,8,
0.249711,0.000000,0.001065,0.023959,0.000000,0.655729,0.000023,0.000084,0.069395,0.000034,0,
0.002772,0.000003,0.035618,0.000052,0.009444,0.006060,0.944992,0.000001,0.000838,0.000221,5,
0.000763,0.005665,0.000141,0.009638,0.112070,0.000753,0.000016,0.287989,0.003735,0.579230,9,
0.259793,0.000025,0.004155,0.001353,0.000000,0.130199,0.006435,0.000009,0.597898,0.000134,8,
0.007928,0.000000,0.292948,0.000763,0.306070,0.003868,0.385380,0.000024,0.000300,0.002719,2,
0.001644,0.953920,0.005210,0.010739,0.000225,0.000567,0.000683,0.004395,0.012632,0.009984,1,
0.007325,0.000001,0.961434,0.029067,0.000000,0.000206,0.000307,0.000000,0.001659,0.000000,2,
0.006990,0.000000,0.239013,0.000266,0.044375,0.003316,0.705002,0.000004,0.000396,0.000638,6,
0.009345,0.000025,0.000100,0.018253,0.000000,0.953636,0.000008,0.000640,0.017965,0.000028,5,
0.196133,0.000000,0.275207,0.360759,0.006335,0.107642,0.003491,0.012631,0.012966,0.024836,3,
0.000939,0.889381,0.005108,0.038759,0.000751,0.000627,0.000220,0.034305,0.005460,0.024451,1,
0.001064,0.922167,0.007061,0.030819,0.000816,0.002095,0.000703,0.017960,0.005130,0.012184,1,
0.119666,0.005841,0.372384,0.279435,0.000000,0.014590,0.002526,0.000215,0.205244,0.000098,8,
0.227331,0.000530,0.010033,0.047293,0.000011,0.036694,0.000752,0.002352,0.667140,0.007865,8,
