0, 1, 2, 3, 4, 5, 6, 7, 8, 9, True
0.000190,0.001056,0.000002,0.008266,0.003067,0.008851,0.000000,0.820002,0.002213,0.156352,7,
0.000232,0.002131,0.000037,0.003247,0.044721,0.000706,0.000001,0.139714,0.004137,0.805074,9,
0.202547,0.000000,0.000269,0.003914,0.000219,0.712927,0.000581,0.000084,0.079082,0.000376,0,
0.874082,0.000000,0.011297,0.000183,0.000000,0.025025,0.016477,0.000000,0.072935,0.000000,0,
0.008283,0.023703,0.000601,0.022951,0.127795,0.171580,0.000289,0.241634,0.041164,0.362001,4,
0.000000,0.000830,0.000000,0.000353,0.000438,0.000037,0.000000,0.918862,0.000021,0.079459,7,
0.007103,0.295622,0.567683,0.043963,0.001385,0.003391,0.008233,0.002010,0.064596,0.006014,1,
0.041031,0.000036,0.003383,0.756201,0.000000,0.070265,0.000004,0.004095,0.124894,0.000091,3,
0.778326,0.000000,0.006271,0.000321,0.000372,0.035470,0.013581,0.000000,0.165561,0.000098,0,
0.000806,0.937089,0.010385,0.007547,0.005185,0.012403,0.003041,0.010975,0.006128,0.006442,1,
0.407066,0.000000,0.011334,0.032627,0.000046,0.016250,0.000097,0.000052,0.531214,0.001314,0,
0.273430,0.000033,0.005008,0.051967,0.002015,0.235125,0.000533,0.002462,0.414141,0.015286,0,
0.062237,0.000123,0.001267,0.216360,0.000010,0.600818,0.000049,0.009327,0.109282,0.000526,3,
0.000205,0.951758,0.021193,0.014404,0.000159,0.000836,0.000253,0.006260,0.003428,0.001503,1,
0.000136,0.000463,0.000002,0.006672,0.003779,0.002023,0.000000,0.657788,0.002222,0.326913,7,
0.011520,0.001824,0.020470,0.000094,0.083204,0.023985,0.847992,0.000007,0.009918,0.000989,6,
0.692960,0.000000,0.005229,0.002089,0.000009,0.145608,0.004364,0.000001,0.149728,0.000012,8,
0.050123,0.001679,0.073496,0.000703,0.463485,0.017876,0.289212,0.000055,0.078024,0.025347,6,
0.000224,0.960979,0.008111,0.008678,0.000905,0.001919,0.000358,0.011729,0.003090,0.004007,1,
0.001043,0.003544,0.059219,0.921739,0.000000,0.000760,0.000002,0.000766,0.012926,0.000002,3,
0.187298,0.000034,0.005740,0.018234,0.058022,0.038666,0.000494,0.002651,0.452713,0.236148,8,
0.617389,0.000000,0.031688,0.000112,0.000332,0.025134,0.224443,0.000000,0.100884,0.000019,0,
0.000001,0.002788,0.000000,0.000517,0.000882,0.000157,0.000000,0.927381,0.000037,0.068236,7,
0.002272,0.023892,0.000583,0.007512,0.225368,0.016046,0.000128,0.110432,0.018592,0.595175,3,
0.008394,0.000001,0.050332,0.000002,0.013271,0.000133,0.923652,0.000000,0.004165,0.000050,6,
0.027403,0.016816,0.020715,0.003168,0.639231,0.059710,0.051888,0.002145,0.070755,0.108168,5,
0.000635,0.946391,0.024667,0.006240,0.001849,0.005016,0.004154,0.003458,0.005177,0.002414,1,
0.000839,0.927643,0.008924,0.008807,0.006366,0.013128,0.002297,0.015996,0.006749,0.009251,1,
0.024590,0.011039,0.017351,0.003519,0.638699,0.035400,0.022838,0.002644,0.075739,0.168180,4,
0.016099,0.000606,0.034314,0.000075,0.093859,0.010634,0.829296,0.000003,0.013936,0.001179,6,
0.000020,0.000000,0.999790,0.000002,0.000000,0.000000,0.000164,0.000000,0.000024,0.000000,2,
0.833971,0.000000,0.001099,0.000253,0.000013,0.065674,0.002630,0.000000,0.096353,0.000007,0,
0.004178,0.039908,0.905206,0.012820,0.000015,0.001450,0.016279,0.000032,0.020065,0.000047,5,
0.000356,0.003623,0.000021,0.007265,0.024675,0.004455,0.000001,0.435351,0.004854,0.519397,7,
0.000119,0.002965,0.972466,0.000050,0.000004,0.000002,0.023747,0.000000,0.000644,0.000001,2,
0.000626,0.027735,0.000031,0.010526,0.024610,0.060703,0.000010,0.704173,0.004878,0.166708,7,
0.000975,0.868914,0.074440,0.019593,0.002079,0.001583,0.001367,0.007276,0.013882,0.009892,1,
0.004493,0.002582,0.004020,0.900045,0.000000,0.018438,0.000002,0.032146,0.038046,0.000228,3,
0.663889,0.000000,0.009639,0.000903,0.001893,0.082780,0.022639,0.000002,0.217735,0.000520,8,
0.512005,0.000004,0.075035,0.013303,0.000008,0.145071,0.017641,0.000003,0.236912,0.000018,8,
0.949588,0.000000,0.000034,0.000013,0.000000,0.043683,0.000093,0.000000,0.006588,0.000000,0,
0.874754,0.000000,0.000081,0.000254,0.000000,0.056434,0.000062,0.000000,0.068414,0.000001,0,
0.000048,0.000013,0.000000,0.006514,0.000097,0.001807,0.000000,0.930362,0.000699,0.060461,7,
0.540607,0.000000,0.000236,0.009943,0.000147,0.032020,0.000006,0.000069,0.412424,0.004550,8,
0.210297,0.000000,0.000079,0.023258,0.000197,0.600797,0.000017,0.001731,0.160180,0.003443,5,
0.634938,0.000000,0.000018,0.000142,0.000000,0.343155,0.000089,0.000000,0.021657,0.000000,0,
0.016697,0.470803,0.031918,0.033332,0.026326,0.287419,0.029554,0.023803,0.059646,0.020502,1,
0.025498,0.005359,0.109774,0.000515,0.118260,0.017706,0.681789,0.000025,0.036707,0.004366,4,
0.096924,0.000251,0.219539,0.000862,0.005581,0.022258,0.574851,0.000003,0.079283,0.000448,6,
0.047388,0.000306,0.000344,0.049937,0.002710,0.741603,0.000112,0.041830,0.092959,0.022811,5,
0.028158,0.013224,0.031485,0.000967,0.379781,0.085273,0.404289,0.000247,0.040846,0.015731,4,
0.000354,0.922871,0.003269,0.009784,0.003607,0.007058,0.000388,0.037104,0.004002,0.011562,1,
0.013781,0.424082,0.017138,0.052648,0.049000,0.191243,0.006402,0.089838,0.071560,0.084307,1,
0.000969,0.000003,0.989533,0.000072,0.000000,0.000004,0.008055,0.000000,0.001365,0.000000,2,
0.047951,0.000286,0.000856,0.012024,0.001344,0.881805,0.001682,0.002470,0.049555,0.002027,5,
0.015028,0.000389,0.034664,0.000054,0.079214,0.007730,0.849652,0.000001,0.012375,0.000890,6,
0.000273,0.935048,0.005712,0.015871,0.000797,0.003063,0.000184,0.029139,0.003979,0.005933,1,
0.002350,0.000000,0.018338,0.000000,0.002573,0.000045,0.975893,0.000000,0.000797,0.000004,6,
0.021915,0.004017,0.000749,0.070646,0.001295,0.769300,0.000242,0.066421,0.055344,0.010072,3,
0.002431,0.015611,0.000066,0.020061,0.025126,0.196900,0.000030,0.574485,0.013003,0.152289,5,
0.019195,0.000000,0.005390,0.943691,0.000000,0.002094,0.000000,0.000002,0.029629,0.000000,3,
0.227699,0.000000,0.000224,0.010539,0.000125,0.641299,0.000134,0.000263,0.119024,0.000693,5,
0.164160,0.000048,0.001180,0.048890,0.018574,0.207870,0.000125,0.018839,0.366811,0.173504,8,
0.001222,0.902426,0.054561,0.011120,0.002064,0.005564,0.005584,0.003778,0.010214,0.003467,1,
0.030558,0.000267,0.072545,0.000101,0.159862,0.005593,0.698069,0.000002,0.030118,0.002884,6,
0.223996,0.000900,0.219417,0.056886,0.000432,0.104689,0.019999,0.000280,0.372106,0.001296,8,
0.069551,0.011698,0.009106,0.069720,0.018032,0.552659,0.003593,0.034424,0.183675,0.047541,0,
0.013176,0.051081,0.005247,0.070780,0.062405,0.060636,0.000361,0.208582,0.100420,0.427312,9,
0.111774,0.033748,0.115954,0.083025,0.012035,0.280562,0.028754,0.007755,0.305492,0.020902,8,
0.008235,0.000000,0.016236,0.000000,0.000171,0.000026,0.974314,0.000000,0.001018,0.000000,6,
0.001148,0.013932,0.000250,0.006336,0.143395,0.007273,0.000028,0.141205,0.011910,0.674522,9,
0.000745,0.055601,0.000134,0.007412,0.115190,0.021430,0.000037,0.362228,0.007191,0.430031,9,
0.000007,0.000082,0.000000,0.001934,0.000239,0.000297,0.000000,0.911096,0.000177,0.086168,7,
0.021072,0.089286,0.021447,0.334702,0.003538,0.081318,0.000343,0.196302,0.171457,0.080534,8,
0.104426,0.000271,0.005378,0.069220,0.024968,0.053681,0.000169,0.022184,0.412578,0.307126,8,
0.004123,0.817153,0.039228,0.030119,0.007590,0.032237,0.006177,0.019860,0.028583,0.014930,1,
0.310925,0.000065,0.187583,0.011117,0.000023,0.207708,0.121075,0.000005,0.161481,0.000018,8,
0.071358,0.000008,0.005238,0.689475,0.000000,0.042967,0.000003,0.001351,0.189533,0.000068,3,
0.000511,0.008258,0.000038,0.010912,0.023393,0.009265,0.000002,0.534833,0.006264,0.406524,9,
0.098449,0.024219,0.086567,0.018451,0.200188,0.160396,0.077838,0.003948,0.245726,0.084218,6,
0.005331,0.000023,0.020284,0.000004,0.014585,0.000991,0.955880,0.000000,0.002842,0.000059,6,
0.878973,0.000000,0.000004,0.000847,0.000000,0.106886,0.000000,0.000000,0.013290,0.000000,0,
0.023833,0.022020,0.068913,0.013924,0.300475,0.008012,0.006152,0.006090,0.154251,0.396331,4,
0.000622,0.000150,0.991383,0.000556,0.000000,0.000024,0.005805,0.000000,0.001460,0.000000,2,
0.000358,0.932877,0.037651,0.015881,0.000215,0.001227,0.000598,0.004612,0.005086,0.001495,1,
0.008148,0.359632,0.009904,0.024724,0.163556,0.088778,0.004424,0.089099,0.049574,0.202160,3,
0.000031,0.000139,0.000000,0.008061,0.000117,0.000964,0.000000,0.934181,0.000645,0.055862,7,
0.009184,0.009154,0.459335,0.443226,0.000000,0.002452,0.000153,0.000638,0.075804,0.000054,2,
0.000447,0.054150,0.000071,0.006471,0.080775,0.017287,0.000018,0.460945,0.004736,0.375100,9,
0.000049,0.015636,0.000006,0.004732,0.005779,0.002312,0.000000,0.800407,0.000953,0.170126,7,
0.007259,0.000119,0.020818,0.000013,0.028474,0.003308,0.935213,0.000000,0.004623,0.000173,6,
0.178901,0.000244,0.083056,0.001136,0.187923,0.043949,0.315382,0.000028,0.175649,0.013732,4,
0.849933,0.000000,0.011097,0.001785,0.000000,0.025114,0.001021,0.000000,0.111050,0.000000,5,
0.009017,0.079369,0.003612,0.007489,0.477679,0.104989,0.005791,0.037250,0.037292,0.237513,9,
0.000416,0.000852,0.000003,0.012757,0.002882,0.020926,0.000000,0.820775,0.003804,0.137584,7,
0.041763,0.001516,0.002247,0.037451,0.000494,0.845705,0.001495,0.006048,0.061644,0.001638,5,
0.735766,0.000000,0.004555,0.000634,0.000478,0.020693,0.002732,0.000000,0.234788,0.000352,0,
0.000149,0.939520,0.005226,0.017416,0.000306,0.001283,0.000067,0.028891,0.002867,0.004273,1,
0.003131,0.006176,0.170568,0.782108,0.000000,0.001177,0.000012,0.000990,0.035825,0.000014,3,
0.000676,0.737280,0.016372,0.144393,0.000085,0.003678,0.000048,0.079653,0.013031,0.004784,1,
0.236850,0.000096,0.004986,0.025008,0.009157,0.395866,0.002359,0.002277,0.302986,0.020415,8,
0.071414,0.021084,0.185572,0.005538,0.115367,0.081341,0.367178,0.000411,0.135407,0.016689,6,
0.024234,0.000000,0.000139,0.889667,0.000000,0.016491,0.000000,0.001436,0.068022,0.000010,3,
0.001206,0.735601,0.014952,0.148897,0.000073,0.015465,0.000147,0.066710,0.014650,0.002299,3,
0.050867,0.096851,0.031745,0.029826,0.098249,0.440505,0.042332,0.017569,0.135988,0.056069,1,
0.343667,0.000000,0.000001,0.002307,0.000000,0.622949,0.000000,0.000001,0.031074,0.000000,0,
0.027283,0.000197,0.005649,0.783537,0.000001,0.033949,0.000004,0.011941,0.136878,0.000559,3,
0.452200,0.000007,0.008728,0.005680,0.012604,0.146348,0.007043,0.000113,0.356966,0.010312,8,
0.490337,0.000001,0.009292,0.003535,0.000098,0.323751,0.016135,0.000005,0.156777,0.000068,8,
0.003626,0.002084,0.861403,0.111365,0.000000,0.000507,0.000249,0.000013,0.020753,0.000001,2,
0.004184,0.000007,0.019745,0.000002,0.008700,0.000393,0.964995,0.000000,0.001948,0.000026,6,
0.120758,0.024286,0.081408,0.054733,0.038225,0.280702,0.031937,0.008213,0.314933,0.044804,9,
0.003266,0.000000,0.002697,0.980357,0.000000,0.001038,0.000000,0.000029,0.012614,0.000000,3,
0.858301,0.000000,0.004653,0.000211,0.000003,0.041707,0.009964,0.000000,0.085161,0.000001,0,
0.692458,0.000000,0.001854,0.110417,0.000000,0.099080,0.000002,0.000000,0.096190,0.000000,0,
0.001165,0.000105,0.983477,0.010172,0.000000,0.000032,0.000230,0.000000,0.004819,0.000000,2,
0.108071,0.004145,0.427104,0.107305,0.000010,0.157492,0.028752,0.000151,0.166923,0.000048,0,
0.216916,0.000040,0.440224,0.019574,0.000043,0.011733,0.012671,0.000009,0.298627,0.000165,2,
0.000939,0.000115,0.000004,0.025284,0.001415,0.015469,0.000000,0.752291,0.008673,0.195811,7,
0.044744,0.004110,0.725678,0.044636,0.000126,0.006823,0.010081,0.000136,0.162968,0.000699,8,
0.000158,0.005894,0.000005,0.006192,0.008566,0.009804,0.000000,0.784188,0.001913,0.183279,7,
0.001451,0.000391,0.004759,0.976946,0.000000,0.004380,0.000000,0.001562,0.010509,0.000001,3,
0.081518,0.000001,0.000063,0.007361,0.000159,0.861596,0.000077,0.000712,0.047780,0.000733,5,
0.912469,0.000000,0.001158,0.000084,0.000000,0.032160,0.002798,0.000000,0.051330,0.000000,0,
0.002895,0.000000,0.000432,0.976035,0.000000,0.000404,0.000000,0.000283,0.019950,0.000001,3,
0.611078,0.000000,0.115680,0.086842,0.000000,0.014457,0.000084,0.000000,0.171859,0.000000,5,
0.275652,0.000095,0.017547,0.052646,0.000478,0.310318,0.002767,0.000757,0.337475,0.002264,8,
0.265060,0.000001,0.000255,0.041283,0.000158,0.444220,0.000026,0.001772,0.243609,0.003616,5,
0.215069,0.000142,0.022579,0.036023,0.000090,0.535109,0.008709,0.000223,0.181814,0.000242,0,
0.087259,0.000286,0.529978,0.001293,0.011138,0.004248,0.233698,0.000004,0.130136,0.001959,2,
0.006515,0.000066,0.020661,0.000009,0.022482,0.002158,0.944096,0.000000,0.003895,0.000118,6,
0.000263,0.956785,0.008060,0.009177,0.001176,0.002361,0.000405,0.013404,0.003494,0.004875,1,
0.003793,0.021138,0.100733,0.816915,0.000000,0.002860,0.000019,0.006145,0.048256,0.000141,3,
0.874138,0.000000,0.001274,0.000079,0.000011,0.049016,0.007747,0.000000,0.067733,0.000002,0,
0.247180,0.000020,0.046193,0.126822,0.000048,0.028328,0.000264,0.000389,0.549000,0.001755,0,
0.026031,0.026465,0.024351,0.001555,0.441772,0.129289,0.282495,0.000700,0.042890,0.024450,4,
0.360361,0.000090,0.068536,0.016035,0.004222,0.095410,0.018375,0.000146,0.431533,0.005292,8,
0.000380,0.001677,0.986798,0.000566,0.000000,0.000026,0.009176,0.000000,0.001377,0.000000,2,
0.020495,0.000261,0.069588,0.000108,0.005492,0.010112,0.879819,0.000001,0.014008,0.000118,6,
0.005967,0.017344,0.002168,0.006702,0.375729,0.019973,0.000723,0.034133,0.036394,0.500867,9,
0.000079,0.515296,0.478118,0.002434,0.000001,0.000043,0.003022,0.000013,0.000988,0.000006,2,
0.003129,0.013867,0.000927,0.006625,0.259989,0.011668,0.000174,0.059098,0.024315,0.620208,9,
0.024896,0.001404,0.019910,0.778230,0.000000,0.071339,0.000041,0.005428,0.098659,0.000092,3,
0.318128,0.000009,0.006576,0.066196,0.000054,0.282590,0.000452,0.000442,0.324823,0.000730,8,
0.004806,0.033434,0.001399,0.057028,0.032247,0.028527,0.000052,0.355432,0.048366,0.438709,9,
0.014142,0.020021,0.007247,0.005463,0.558520,0.039112,0.006296,0.010810,0.057487,0.280902,4,
0.000001,0.001854,0.000000,0.000591,0.001072,0.000109,0.000000,0.891182,0.000051,0.105140,7,
0.843747,0.000000,0.000938,0.001145,0.000000,0.037124,0.000156,0.000000,0.116889,0.000001,0,
0.016123,0.058514,0.012369,0.008747,0.499056,0.063898,0.011521,0.016517,0.067169,0.246085,9,
0.006066,0.000048,0.049759,0.000008,0.010680,0.000729,0.928443,0.000000,0.004192,0.000073,6,
0.237402,0.000001,0.000162,0.044102,0.000778,0.413891,0.000016,0.005809,0.279279,0.018562,8,
0.025308,0.011781,0.782502,0.010897,0.006089,0.002189,0.027686,0.000154,0.125203,0.008191,1,
0.011896,0.002565,0.864231,0.001164,0.010247,0.000276,0.053898,0.000008,0.051668,0.004045,4,
0.213219,0.000075,0.002745,0.021010,0.013693,0.447357,0.001655,0.003069,0.268172,0.029006,8,
0.023466,0.004132,0.169929,0.000455,0.074529,0.009317,0.679252,0.000013,0.035864,0.003042,2,
0.032821,0.006547,0.041688,0.000758,0.379218,0.051616,0.425857,0.000122,0.046316,0.015056,5,
0.127007,0.000000,0.000218,0.517668,0.000000,0.120934,0.000000,0.003899,0.229986,0.000288,2,
0.001403,0.075976,0.000296,0.008572,0.175239,0.037274,0.000126,0.272474,0.011232,0.417409,9,
0.000928,0.000002,0.049363,0.944602,0.000000,0.000083,0.000000,0.000001,0.005022,0.000000,3,
0.000482,0.944974,0.020213,0.010342,0.001569,0.002624,0.001064,0.008031,0.005732,0.004970,1,
0.000205,0.966582,0.006633,0.007071,0.000869,0.002293,0.000424,0.010242,0.002573,0.003109,1,
0.000390,0.010979,0.000054,0.005700,0.060576,0.004549,0.000004,0.312993,0.005228,0.599528,9,
0.640006,0.000000,0.048103,0.070824,0.000000,0.047591,0.000171,0.000000,0.193305,0.000000,0,
0.000775,0.010414,0.000154,0.005667,0.109776,0.004734,0.000013,0.159364,0.009114,0.699989,9,
0.629217,0.000000,0.008528,0.001951,0.000372,0.138890,0.012452,0.000003,0.208377,0.000210,0,
0.238043,0.000339,0.029501,0.045521,0.000785,0.383350,0.008288,0.000755,0.291342,0.002076,8,
0.515190,0.000000,0.000206,0.026206,0.000017,0.113994,0.000005,0.000133,0.343323,0.000926,0,
0.045837,0.089625,0.067849,0.008396,0.144077,0.265468,0.262667,0.002344,0.091713,0.022023,1,
0.001540,0.642457,0.013852,0.121698,0.001163,0.008474,0.000113,0.155465,0.025022,0.030215,1,
0.064890,0.077405,0.055740,0.143835,0.008603,0.346900,0.009171,0.032289,0.232298,0.028868,1,
0.014662,0.000942,0.268180,0.620577,0.000000,0.002806,0.000044,0.000306,0.092467,0.000016,3,
0.000270,0.014620,0.000035,0.005342,0.049093,0.004955,0.000003,0.416074,0.003754,0.505853,9,
0.002849,0.000015,0.000001,0.050350,0.000283,0.092789,0.000000,0.772394,0.014370,0.066950,7,
0.032844,0.007624,0.028476,0.002480,0.649719,0.033620,0.053018,0.001014,0.083210,0.107996,4,
0.114301,0.015669,0.181023,0.024792,0.114198,0.068033,0.053921,0.002537,0.343002,0.082524,4,
0.004253,0.015372,0.000131,0.024201,0.038299,0.229521,0.000060,0.469239,0.021250,0.197673,5,
0.947450,0.000000,0.000018,0.000377,0.000000,0.012197,0.000000,0.000000,0.039957,0.000000,0,
0.005259,0.000275,0.896160,0.000540,0.000002,0.000399,0.089903,0.000000,0.007461,0.000001,2,
0.058896,0.007142,0.136249,0.001932,0.246762,0.036495,0.389476,0.000142,0.102548,0.020357,4,
0.736371,0.000000,0.000866,0.057236,0.000000,0.107108,0.000002,0.000000,0.098417,0.000000,0,
0.007685,0.036280,0.002929,0.007439,0.445268,0.044754,0.001994,0.037031,0.039203,0.377417,9,
0.039644,0.130259,0.034870,0.119288,0.004648,0.482171,0.009415,0.034205,0.132192,0.013308,8,
0.268551,0.000503,0.197427,0.014364,0.005854,0.076229,0.067949,0.000117,0.364765,0.004241,6,
0.025406,0.000640,0.001852,0.656147,0.000012,0.120972,0.000006,0.069510,0.122477,0.002978,3,
0.392278,0.000003,0.014256,0.000698,0.001347,0.297505,0.193765,0.000002,0.100031,0.000115,5,
0.000002,0.001168,0.000000,0.000728,0.000580,0.000214,0.000000,0.933190,0.000054,0.064064,7,
0.398611,0.000022,0.088595,0.036029,0.000014,0.175626,0.010444,0.000023,0.290580,0.000056,8,
0.007706,0.000013,0.032212,0.000004,0.018992,0.000644,0.936039,0.000000,0.004301,0.000089,6,
0.985809,0.000000,0.000308,0.000000,0.000000,0.002073,0.004371,0.000000,0.007438,0.000000,0,
0.786988,0.000000,0.028389,0.000079,0.000015,0.011371,0.084899,0.000000,0.088257,0.000002,8,
0.000243,0.195913,0.000329,0.046650,0.001198,0.005143,0.000003,0.686711,0.005089,0.058720,7,
0.007250,0.002369,0.630648,0.000249,0.004277,0.000481,0.337862,0.000001,0.016515,0.000348,2,
0.206159,0.000762,0.021500,0.054535,0.013709,0.218058,0.003737,0.004989,0.433897,0.042656,8,
0.013230,0.113524,0.014592,0.015239,0.363647,0.052612,0.006636,0.033958,0.071822,0.314740,4,
0.013549,0.011035,0.007060,0.004966,0.531434,0.022220,0.003851,0.008521,0.060142,0.337222,4,
0.042470,0.000198,0.000675,0.042782,0.039568,0.059976,0.000033,0.067180,0.184455,0.562663,9,
0.014177,0.001066,0.009099,0.002717,0.444989,0.003009,0.001293,0.001829,0.073807,0.448014,8,
0.007202,0.008192,0.001627,0.477997,0.000139,0.042751,0.000005,0.365667,0.071094,0.025327,7,
0.021190,0.045802,0.045176,0.015472,0.340919,0.017859,0.007679,0.011678,0.126430,0.367796,4,
0.036237,0.029132,0.034181,0.505242,0.000236,0.138121,0.000431,0.052545,0.195852,0.008024,3,
0.001667,0.848996,0.051901,0.047982,0.000755,0.006725,0.001125,0.016332,0.018842,0.005674,1,
0.000283,0.000558,0.000683,0.984165,0.000000,0.001657,0.000000,0.008878,0.003774,0.000002,3,
0.568271,0.000001,0.007076,0.001188,0.001855,0.213423,0.031319,0.000004,0.176430,0.000435,5,
0.000011,0.815339,0.000220,0.009880,0.000126,0.000243,0.000001,0.166769,0.000446,0.006965,1,
0.685994,0.000000,0.002501,0.003694,0.000019,0.085464,0.000616,0.000002,0.221641,0.000068,0,
0.000909,0.018552,0.000084,0.010032,0.063865,0.020589,0.000013,0.425727,0.008755,0.451476,4,
0.000064,0.007771,0.000007,0.003059,0.020008,0.001384,0.000000,0.539728,0.001264,0.426715,3,
0.002229,0.000000,0.022666,0.968833,0.000000,0.000073,0.000000,0.000000,0.006199,0.000000,3,
0.035529,0.001607,0.002002,0.026154,0.133124,0.074528,0.000316,0.047536,0.148371,0.530833,5,
0.012967,0.020643,0.006372,0.005707,0.541650,0.037798,0.005071,0.012744,0.055050,0.301997,4,
0.033432,0.112809,0.089213,0.009712,0.366569,0.072924,0.104497,0.004229,0.111762,0.094854,4,
0.000510,0.952153,0.020778,0.006916,0.001532,0.003814,0.002396,0.004431,0.004753,0.002717,1,
0.000606,0.006723,0.000116,0.004948,0.090847,0.002900,0.000007,0.146018,0.007858,0.739976,9,
0.000769,0.799238,0.006835,0.031924,0.004859,0.006183,0.000201,0.097385,0.011554,0.041051,1,
0.030986,0.003301,0.026579,0.002417,0.637363,0.014419,0.021748,0.000876,0.093926,0.168386,4,
0.359086,0.000001,0.006433,0.012060,0.000007,0.483318,0.003514,0.000013,0.135548,0.000021,3,
0.002073,0.000027,0.000002,0.040620,0.000573,0.045029,0.000000,0.780032,0.013266,0.118378,7,
0.001071,0.161409,0.034064,0.765013,0.000000,0.006670,0.000016,0.017512,0.014198,0.000046,3,
0.015560,0.036146,0.336879,0.001445,0.029477,0.010389,0.531402,0.000049,0.036027,0.002625,6,
0.186793,0.001766,0.038527,0.066923,0.003290,0.343403,0.008585,0.003036,0.338593,0.009083,8,
0.003631,0.153663,0.018767,0.666544,0.000009,0.029385,0.000045,0.087627,0.039106,0.001224,3,
0.000761,0.000434,0.029482,0.961333,0.000000,0.000559,0.000000,0.000179,0.007252,0.000000,3,
0.583719,0.000000,0.000326,0.101843,0.000000,0.050624,0.000000,0.000005,0.263481,0.000002,0,
0.008383,0.258108,0.010882,0.202869,0.004480,0.078177,0.000324,0.290786,0.075590,0.070401,3,
0.001035,0.001910,0.000260,0.003661,0.111774,0.001259,0.000009,0.041024,0.012613,0.826457,9,
0.406375,0.000000,0.000024,0.000591,0.000001,0.556721,0.000075,0.000000,0.036212,0.000002,0,
0.000005,0.000218,0.000000,0.001403,0.000409,0.000227,0.000000,0.901021,0.000131,0.096586,7,
0.184225,0.000033,0.007898,0.263749,0.000008,0.234017,0.000105,0.001843,0.307621,0.000500,0,
0.317923,0.000012,0.003451,0.018939,0.015837,0.144012,0.000711,0.001481,0.443119,0.054516,8,
0.228147,0.000164,0.224846,0.002236,0.051926,0.019286,0.187259,0.000019,0.276839,0.009279,6,
0.104564,0.028874,0.085546,0.063462,0.007528,0.427074,0.038771,0.005281,0.229155,0.009746,0,
0.081931,0.039097,0.041101,0.084260,0.047415,0.277838,0.009938,0.031507,0.285844,0.101071,8,
0.000276,0.843849,0.017193,0.071555,0.000132,0.000702,0.000028,0.051122,0.007791,0.007351,1,
0.000424,0.944290,0.023288,0.013421,0.000562,0.002247,0.000766,0.007060,0.005299,0.002644,1,
0.381690,0.000000,0.000001,0.007077,0.000000,0.569977,0.000000,0.000002,0.041253,0.000000,0,
0.015780,0.013012,0.008726,0.004811,0.568664,0.028671,0.006426,0.007193,0.063476,0.283240,4,
0.125818,0.011750,0.288336,0.045620,0.018258,0.057614,0.034085,0.001802,0.388719,0.027998,2,
0.001820,0.021564,0.000305,0.009310,0.148262,0.019122,0.000056,0.196805,0.015751,0.587004,9,
0.088637,0.000325,0.001865,0.040804,0.060440,0.137675,0.000238,0.033741,0.273196,0.363080,9,
0.005075,0.675373,0.158802,0.029899,0.016573,0.006344,0.006951,0.010236,0.050774,0.039973,1,
0.001576,0.000812,0.000039,0.016235,0.018896,0.009770,0.000001,0.344685,0.015832,0.592154,7,
0.003471,0.810300,0.048217,0.028396,0.011718,0.014828,0.004277,0.020645,0.030455,0.027693,1,
0.003940,0.513726,0.077632,0.297830,0.000097,0.013639,0.000346,0.041712,0.047377,0.003701,1,
0.380811,0.000002,0.267842,0.072035,0.000000,0.140313,0.005811,0.000000,0.133187,0.000000,5,
0.000851,0.006117,0.000052,0.027738,0.006313,0.014867,0.000001,0.696231,0.010026,0.237804,9,
0.000005,0.000764,0.000000,0.001229,0.001335,0.000181,0.000000,0.825340,0.000156,0.170990,7,
0.002495,0.000000,0.018486,0.000000,0.002918,0.000056,0.975165,0.000000,0.000874,0.000005,6,
0.040778,0.005659,0.046690,0.001299,0.552072,0.038234,0.201398,0.000250,0.073381,0.040238,5,
0.090523,0.000047,0.061247,0.000301,0.001721,0.051562,0.756954,0.000001,0.037579,0.000067,6,
0.009102,0.000001,0.057823,0.000001,0.013435,0.000102,0.914983,0.000000,0.004502,0.000051,6,
0.026200,0.014517,0.019136,0.003369,0.643744,0.048972,0.036677,0.002427,0.073044,0.131913,4,
0.000208,0.906863,0.004109,0.025709,0.000322,0.002577,0.000061,0.051305,0.003660,0.005187,1,
0.017594,0.001018,0.186909,0.000161,0.037052,0.002985,0.729953,0.000002,0.023249,0.001078,6,
0.004735,0.000015,0.002178,0.964206,0.000000,0.010319,0.000000,0.000511,0.018034,0.000000,3,
0.000144,0.002408,0.000005,0.008999,0.003577,0.003817,0.000000,0.774823,0.002261,0.203966,7,
0.001092,0.000453,0.000013,0.018064,0.007596,0.011337,0.000000,0.537739,0.011031,0.412674,7,
0.511703,0.000000,0.000211,0.003081,0.000045,0.347028,0.000174,0.000011,0.137591,0.000155,0,
0.006468,0.000064,0.020649,0.000009,0.022131,0.002098,0.944615,0.000000,0.003851,0.000115,6,
0.002049,0.014305,0.008620,0.917331,0.000000,0.011322,0.000003,0.024816,0.021475,0.000079,3,
0.088659,0.001180,0.219536,0.395846,0.000002,0.059978,0.001070,0.000518,0.233136,0.000076,3,
0.001564,0.849654,0.080071,0.027844,0.001559,0.003707,0.002054,0.008301,0.018075,0.007171,1,
0.029338,0.000009,0.000020,0.021206,0.000279,0.892216,0.000009,0.017161,0.035528,0.004234,5,
0.000339,0.009830,0.000023,0.020985,0.002645,0.013266,0.000001,0.838291,0.004306,0.110314,7,
0.427150,0.000001,0.003210,0.029612,0.000165,0.154707,0.000247,0.000220,0.382889,0.001799,8,
0.507350,0.000000,0.002172,0.012848,0.000204,0.145742,0.000337,0.000071,0.330027,0.001249,8,
0.093875,0.000211,0.001278,0.030201,0.002964,0.724749,0.000771,0.006969,0.128914,0.010067,5,
0.036027,0.010082,0.035722,0.001795,0.585609,0.054417,0.153436,0.000553,0.070680,0.051679,2,
0.018787,0.031404,0.008448,0.006597,0.548026,0.086055,0.012641,0.012419,0.064184,0.211441,1,
0.019334,0.000650,0.024404,0.837140,0.000000,0.050885,0.000028,0.001476,0.066074,0.000009,3,
0.153542,0.000008,0.000383,0.015712,0.001621,0.683666,0.000268,0.002048,0.136456,0.006296,5,
0.088676,0.000010,0.000091,0.113037,0.002622,0.269748,0.000003,0.115191,0.242225,0.168397,4,
0.084455,0.007277,0.356423,0.206086,0.000005,0.170767,0.012575,0.000376,0.161986,0.000049,0,
0.005326,0.083542,0.002379,0.011448,0.317451,0.049630,0.001168,0.088535,0.033208,0.407313,9,
0.574314,0.000001,0.016611,0.002246,0.000684,0.161310,0.030975,0.000004,0.213582,0.000272,0,
0.003136,0.000001,0.019258,0.000001,0.004661,0.000126,0.971568,0.000000,0.001240,0.000010,2,
0.091907,0.000038,0.000549,0.038074,0.000340,0.754082,0.000178,0.004578,0.107464,0.002789,5,
0.094581,0.000097,0.018418,0.541429,0.000002,0.068462,0.000043,0.002518,0.274091,0.000360,3,
0.009620,0.548845,0.014956,0.041702,0.029644,0.186990,0.007105,0.068881,0.048063,0.044194,1,
0.001369,0.746309,0.126245,0.090316,0.000104,0.002274,0.000498,0.009893,0.020738,0.002254,1,
0.046893,0.000160,0.014280,0.663790,0.000004,0.020370,0.000010,0.007366,0.245691,0.001438,8,
0.001597,0.001868,0.000050,0.016079,0.025556,0.015017,0.000002,0.387853,0.015076,0.536900,9,
0.429718,0.000033,0.047660,0.004932,0.006724,0.140440,0.059696,0.000035,0.308206,0.002556,8,
0.020038,0.002050,0.014134,0.002866,0.544849,0.006658,0.004303,0.001636,0.084007,0.319459,4,
0.167701,0.000000,0.000035,0.016835,0.000065,0.710320,0.000009,0.001035,0.102767,0.001232,5,
0.011983,0.048040,0.002541,0.013684,0.333124,0.142461,0.002407,0.073646,0.051566,0.320548,4,
0.417613,0.000000,0.000080,0.048202,0.000001,0.310565,0.000002,0.000179,0.223212,0.000146,0,
0.254429,0.000231,0.282225,0.036007,0.000015,0.164007,0.046596,0.000022,0.216432,0.000035,0,
0.003082,0.085729,0.001357,0.012879,0.211876,0.031235,0.000365,0.152367,0.024526,0.476583,9,
0.043868,0.079427,0.042523,0.009332,0.279192,0.250777,0.136026,0.004782,0.100541,0.053532,9,
0.170354,0.000218,0.006965,0.117578,0.000524,0.382177,0.000547,0.005896,0.309445,0.006296,8,
0.001115,0.039800,0.000265,0.009389,0.118415,0.015058,0.000041,0.266889,0.011353,0.537676,9,
0.005028,0.002455,0.001111,0.007141,0.178667,0.005672,0.000082,0.029614,0.039244,0.730988,9,
0.010436,0.050704,0.004479,0.006995,0.510515,0.074865,0.005575,0.026466,0.043699,0.266267,9,
0.001816,0.000451,0.000036,0.017501,0.015745,0.008376,0.000001,0.310763,0.018238,0.627072,9,
0.000176,0.000016,0.000000,0.020479,0.000056,0.005114,0.000000,0.928866,0.002077,0.043216,7,
0.181128,0.000031,0.089434,0.341702,0.000000,0.043695,0.000216,0.000163,0.343583,0.000047,2,
0.247040,0.000068,0.005568,0.051172,0.002603,0.299889,0.000833,0.003010,0.374487,0.015330,8,
0.171927,0.000000,0.000101,0.005890,0.000104,0.747025,0.000116,0.000178,0.074237,0.000422,5,
0.570171,0.000000,0.085709,0.067343,0.000000,0.023312,0.000229,0.000000,0.253237,0.000000,8,
0.000553,0.000085,0.000014,0.007417,0.009318,0.000725,0.000000,0.153124,0.008778,0.819986,9,
0.024104,0.017143,0.016619,0.003708,0.637931,0.052864,0.030819,0.003206,0.070030,0.143577,4,
0.002431,0.002681,0.971370,0.007579,0.000001,0.000140,0.002563,0.000003,0.013224,0.000008,2,
0.303704,0.000027,0.019414,0.091706,0.000030,0.238993,0.000975,0.000346,0.344397,0.000408,8,
0.289409,0.000008,0.002545,0.055118,0.001679,0.152740,0.000137,0.002799,0.471729,0.023836,0,
0.017236,0.011735,0.010442,0.004721,0.571096,0.026089,0.007250,0.005954,0.068582,0.276895,4,
0.000873,0.810921,0.015340,0.051548,0.001924,0.003731,0.000172,0.072504,0.015148,0.027838,1,
0.373741,0.000045,0.170873,0.011946,0.000081,0.134532,0.070278,0.000009,0.238418,0.000078,8,
0.033271,0.026596,0.065861,0.008529,0.459947,0.024208,0.028038,0.003548,0.136704,0.213299,4,
0.007536,0.024786,0.004873,0.009921,0.323274,0.016020,0.000955,0.032420,0.051361,0.528854,7,
0.848389,0.000000,0.003605,0.001008,0.000000,0.076001,0.001390,0.000000,0.069607,0.000000,0,
0.015353,0.023783,0.008124,0.005370,0.577729,0.048742,0.009014,0.010019,0.058156,0.243710,4,
0.187071,0.000588,0.019046,0.103135,0.001083,0.319583,0.001898,0.004232,0.355877,0.007487,0,
0.006189,0.000430,0.104695,0.837220,0.000000,0.001284,0.000005,0.000352,0.049820,0.000006,3,
0.105949,0.001469,0.019600,0.309549,0.000164,0.243213,0.000454,0.012167,0.303129,0.004305,8,
0.019202,0.163245,0.028096,0.013396,0.384557,0.087850,0.025652,0.018173,0.081281,0.178549,4,
0.845651,0.000000,0.074171,0.009200,0.000000,0.014198,0.000279,0.000000,0.056501,0.000000,0,
0.089192,0.000141,0.011061,0.504038,0.000014,0.068186,0.000031,0.007932,0.317258,0.002147,0,
0.000095,0.964006,0.003584,0.008856,0.000317,0.001101,0.000084,0.017566,0.001660,0.002732,1,
0.764807,0.000000,0.000277,0.000776,0.000000,0.205035,0.000137,0.000000,0.028968,0.000000,0,
0.001159,0.805100,0.005112,0.022580,0.010331,0.019177,0.000606,0.086936,0.011765,0.037235,1,
0.116786,0.023547,0.146527,0.066486,0.037774,0.116355,0.022342,0.007417,0.396311,0.066454,1,
0.215925,0.000231,0.029737,0.143180,0.000108,0.241092,0.001315,0.001462,0.365531,0.001419,8,
0.032041,0.000000,0.941770,0.002918,0.000000,0.000005,0.000025,0.000000,0.023241,0.000000,3,
0.009635,0.003727,0.396437,0.538983,0.000000,0.006711,0.000185,0.000139,0.044181,0.000001,3,
0.016367,0.014694,0.001499,0.022545,0.192054,0.149269,0.000674,0.112449,0.072271,0.418178,4,
0.039516,0.057877,0.009894,0.042287,0.085141,0.473595,0.007992,0.054549,0.124587,0.104562,1,
0.005288,0.008762,0.029205,0.896144,0.000000,0.021427,0.000021,0.005111,0.034022,0.000020,3,
0.005485,0.175103,0.001849,0.007787,0.356857,0.176283,0.004594,0.073954,0.022921,0.175167,9,
0.000639,0.030476,0.000113,0.006722,0.102780,0.011471,0.000018,0.315486,0.006972,0.525322,9,
0.000238,0.970243,0.005065,0.005140,0.001074,0.004861,0.000885,0.008147,0.002234,0.002115,1,
0.389847,0.000003,0.002855,0.022583,0.000627,0.234417,0.000510,0.000361,0.345234,0.003563,8,
0.000954,0.834671,0.032035,0.048285,0.001740,0.002250,0.000265,0.038993,0.017355,0.023452,1,
0.169880,0.000298,0.012438,0.063091,0.019315,0.081409,0.000669,0.008840,0.506478,0.137582,0,
0.001759,0.021258,0.000275,0.047555,0.010106,0.022611,0.000008,0.615538,0.020067,0.260824,7,
0.000114,0.074079,0.000067,0.009849,0.011436,0.002187,0.000002,0.642243,0.002537,0.257487,7,
0.201691,0.000000,0.000019,0.142628,0.000159,0.196458,0.000000,0.033635,0.372119,0.053291,7,
0.680864,0.000000,0.000884,0.049740,0.000000,0.205085,0.000004,0.000000,0.063423,0.000000,5,
0.070085,0.000010,0.000432,0.475623,0.000002,0.284841,0.000002,0.014957,0.153405,0.000642,3,
0.001945,0.001039,0.979518,0.008365,0.000000,0.000233,0.002560,0.000000,0.006339,0.000000,2,
0.021122,0.018368,0.118114,0.000892,0.091710,0.028089,0.682702,0.000062,0.034680,0.004261,6,
0.000003,0.000743,0.000000,0.001223,0.000882,0.000117,0.000000,0.845678,0.000127,0.151227,7,
0.013675,0.003359,0.133199,0.000243,0.024344,0.007391,0.799239,0.000005,0.017808,0.000740,6,
0.000030,0.944677,0.000938,0.010474,0.000071,0.000634,0.000009,0.040732,0.000720,0.001716,1,
0.000757,0.737115,0.234890,0.011961,0.000044,0.001624,0.006867,0.000366,0.006243,0.000133,2,
0.045514,0.008380,0.104920,0.004500,0.475921,0.013916,0.051149,0.000798,0.152649,0.142253,4,
0.005927,0.000627,0.137050,0.000051,0.003408,0.001420,0.845293,0.000000,0.006158,0.000066,6,
0.021165,0.020379,0.013449,0.004248,0.624921,0.054852,0.022151,0.004738,0.066323,0.167774,4,
0.021075,0.000272,0.251308,0.635409,0.000000,0.004781,0.000050,0.000096,0.087007,0.000002,8,
0.000003,0.000187,0.000000,0.001060,0.000232,0.000190,0.000000,0.935418,0.000075,0.062836,7,
0.136555,0.001050,0.007482,0.059329,0.007083,0.491458,0.002218,0.010102,0.260177,0.024547,8,
0.029064,0.010758,0.022907,0.002951,0.648935,0.040879,0.042610,0.001648,0.077936,0.122313,4,
0.000602,0.875312,0.004107,0.021451,0.002408,0.012213,0.000321,0.064160,0.006704,0.012721,1,
0.001908,0.000315,0.003665,0.971654,0.000000,0.004567,0.000000,0.002969,0.014918,0.000004,3,
0.946771,0.000000,0.000005,0.000028,0.000000,0.043188,0.000005,0.000000,0.010004,0.000000,0,
0.044360,0.003547,0.052332,0.001288,0.585417,0.025200,0.151276,0.000209,0.085315,0.051057,5,
0.876501,0.000000,0.000044,0.000021,0.000000,0.103829,0.000571,0.000000,0.019032,0.000000,0,
0.179470,0.000002,0.000136,0.035462,0.000700,0.572256,0.000023,0.005718,0.194424,0.011809,8,
0.082228,0.003802,0.040642,0.191288,0.000021,0.533566,0.003484,0.002171,0.142588,0.000210,5,
0.018526,0.084453,0.019974,0.011053,0.455119,0.065430,0.015811,0.016541,0.079842,0.233250,9,
0.021895,0.000891,0.057520,0.803840,0.000000,0.026668,0.000045,0.001113,0.088012,0.000016,3,
0.000172,0.035633,0.000032,0.009899,0.010358,0.006374,0.000002,0.736492,0.002704,0.198335,7,
0.860596,0.000000,0.000051,0.007157,0.000000,0.020683,0.000000,0.000000,0.111512,0.000000,0,
0.000006,0.005231,0.000000,0.001173,0.003436,0.000468,0.000000,0.841163,0.000168,0.148354,7,
0.583951,0.000000,0.001743,0.006487,0.000172,0.113001,0.000385,0.000022,0.293497,0.000742,8,
0.000073,0.960155,0.002695,0.009219,0.000260,0.000907,0.000049,0.022348,0.001424,0.002870,1,
0.873512,0.000000,0.000034,0.000180,0.000000,0.116609,0.000013,0.000000,0.009652,0.000000,0,
0.015294,0.006767,0.000697,0.031017,0.099390,0.153933,0.000185,0.185424,0.071334,0.435960,7,
0.084073,0.000009,0.000142,0.015203,0.000845,0.813755,0.000108,0.003502,0.078003,0.004359,5,
0.095399,0.001177,0.096097,0.437421,0.000008,0.081829,0.000554,0.001922,0.285199,0.000394,8,
0.007712,0.000004,0.039826,0.000002,0.014629,0.000256,0.933540,0.000000,0.003972,0.000058,6,
0.001237,0.075732,0.000252,0.008394,0.161478,0.035253,0.000103,0.295717,0.010193,0.411639,9,
0.467641,0.000003,0.007727,0.005834,0.010763,0.080017,0.003136,0.000098,0.411096,0.013686,5,
0.000623,0.014897,0.000061,0.029363,0.004345,0.016935,0.000002,0.777090,0.007630,0.149054,9,
0.110145,0.000907,0.132326,0.367935,0.000010,0.060749,0.000721,0.001255,0.325510,0.000443,8,
0.007405,0.009092,0.707972,0.000740,0.002539,0.001030,0.250629,0.000004,0.020201,0.000388,2,
0.000740,0.002950,0.978572,0.013433,0.000000,0.000190,0.001244,0.000000,0.002870,0.000000,2,
0.000078,0.957583,0.002655,0.008596,0.000406,0.000919,0.000054,0.024205,0.001528,0.003976,1,
0.024047,0.037351,0.019018,0.004585,0.590562,0.087447,0.047831,0.004448,0.067563,0.117148,5,
0.155087,0.000010,0.050863,0.000145,0.018487,0.024821,0.685787,0.000000,0.064340,0.000459,8,
0.001939,0.388742,0.531953,0.026233,0.001575,0.000349,0.001966,0.001859,0.033883,0.011501,1,
0.128354,0.001004,0.031134,0.288320,0.000240,0.135574,0.000473,0.008418,0.399957,0.006525,8,
0.004256,0.026770,0.000446,0.017674,0.128082,0.072452,0.000134,0.267087,0.027585,0.455514,3,
0.028908,0.002906,0.016253,0.003888,0.544015,0.014899,0.007484,0.002127,0.103771,0.275749,8,
0.029684,0.000129,0.000208,0.378010,0.000103,0.226935,0.000002,0.220575,0.123864,0.020490,5,
0.316074,0.000054,0.017496,0.044603,0.000970,0.196143,0.002149,0.000696,0.417126,0.004689,8,
0.000739,0.030000,0.000140,0.030863,0.008108,0.014124,0.000004,0.695594,0.009802,0.210625,9,
0.002210,0.114502,0.002264,0.021667,0.098181,0.011225,0.000144,0.192990,0.026518,0.530298,9,
0.060330,0.000982,0.004810,0.398012,0.000610,0.106280,0.000037,0.082370,0.303197,0.043372,8,
0.000017,0.000039,0.998988,0.000029,0.000000,0.000000,0.000857,0.000000,0.000071,0.000000,2,
0.065468,0.004193,0.009996,0.014149,0.317394,0.124935,0.006688,0.010594,0.182954,0.263629,4,
0.000744,0.660042,0.170455,0.151583,0.000002,0.001470,0.000213,0.003858,0.011496,0.000136,3,
0.001362,0.213877,0.653976,0.001439,0.000419,0.000825,0.121469,0.000018,0.006486,0.000130,2,
0.123439,0.000064,0.059176,0.393688,0.000004,0.021485,0.000077,0.000833,0.400720,0.000515,3,
0.000255,0.891949,0.003490,0.015836,0.002147,0.002817,0.000105,0.061477,0.004302,0.017622,1,
0.578654,0.000000,0.001218,0.000076,0.000016,0.326126,0.059130,0.000000,0.034779,0.000001,0,
0.000861,0.000084,0.979054,0.000106,0.000001,0.000008,0.017640,0.000000,0.002246,0.000000,2,
0.001069,0.000638,0.000302,0.002621,0.101129,0.000508,0.000006,0.018009,0.013627,0.862091,9,
0.001233,0.000031,0.010532,0.980352,0.000000,0.001218,0.000000,0.000056,0.006578,0.000000,3,
0.572145,0.000000,0.000018,0.000969,0.000000,0.386537,0.000014,0.000000,0.040317,0.000000,0,
0.000839,0.871806,0.034478,0.054308,0.000225,0.003738,0.000355,0.019150,0.011827,0.003273,1,
0.192847,0.000018,0.006741,0.259581,0.000003,0.261434,0.000088,0.001155,0.277910,0.000224,5,
0.009100,0.000027,0.000212,0.857325,0.000000,0.035869,0.000000,0.046424,0.050653,0.000390,2,
0.013129,0.004988,0.019390,0.000190,0.120052,0.049165,0.778510,0.000024,0.012700,0.001851,6,
0.003923,0.020461,0.001215,0.007231,0.304363,0.018400,0.000333,0.059839,0.027414,0.556821,9,
0.142602,0.000000,0.752276,0.001019,0.000000,0.001313,0.038588,0.000000,0.064201,0.000000,0,
0.000704,0.008170,0.000139,0.005286,0.101369,0.003669,0.000009,0.147703,0.008652,0.724299,4,
0.054632,0.000000,0.000019,0.002285,0.000019,0.924855,0.000058,0.000093,0.017980,0.000060,5,
0.000759,0.872907,0.096032,0.011182,0.000945,0.001401,0.002940,0.002257,0.008853,0.002724,1,
0.001469,0.073433,0.647592,0.000534,0.000391,0.000678,0.270933,0.000004,0.004911,0.000055,2,
0.027742,0.010119,0.033216,0.000770,0.342178,0.072554,0.462889,0.000160,0.037981,0.012389,4,
0.482621,0.000001,0.027528,0.001329,0.000095,0.244961,0.129206,0.000001,0.114239,0.000019,8,
0.306961,0.000030,0.009374,0.032551,0.000490,0.347036,0.002310,0.000450,0.298934,0.001863,8,
0.005520,0.042132,0.001839,0.008115,0.381543,0.042191,0.001048,0.060681,0.031666,0.425264,4,
0.003735,0.004248,0.000362,0.012559,0.105147,0.015375,0.000032,0.127619,0.029811,0.701111,9,
0.038689,0.079552,0.126047,0.007864,0.344137,0.057499,0.149594,0.002199,0.119952,0.074467,4,
0.711070,0.000000,0.000309,0.000312,0.000005,0.221854,0.001430,0.000000,0.065017,0.000003,8,
0.654490,0.000000,0.001509,0.001132,0.000196,0.186260,0.003261,0.000002,0.153018,0.000133,0,
0.013833,0.077504,0.013888,0.013238,0.395434,0.044598,0.006112,0.027330,0.073549,0.334514,9,
0.002301,0.860877,0.064272,0.012825,0.007804,0.009152,0.009307,0.005770,0.017824,0.009869,1,
0.122774,0.006228,0.128164,0.097922,0.013502,0.050567,0.004838,0.006611,0.501943,0.067451,8,
0.149458,0.000169,0.006354,0.002792,0.012541,0.673009,0.063675,0.000150,0.089755,0.002097,8,
0.026728,0.093545,0.062055,0.015052,0.375730,0.041211,0.025502,0.010185,0.125980,0.224012,7,
0.152766,0.000190,0.162917,0.277948,0.000004,0.039699,0.000670,0.000325,0.365294,0.000187,0,
0.001901,0.833716,0.026348,0.023790,0.012757,0.008447,0.001674,0.030783,0.020898,0.039686,1,
0.020458,0.072653,0.043266,0.423197,0.001872,0.032434,0.000238,0.128498,0.206476,0.070910,1,
0.004142,0.024341,0.904446,0.005532,0.000010,0.001767,0.046245,0.000008,0.013495,0.000014,3,
0.000967,0.852381,0.004503,0.013145,0.014216,0.019220,0.000999,0.055846,0.008754,0.029967,1,
0.002694,0.000005,0.000001,0.055488,0.000148,0.066669,0.000000,0.795347,0.014227,0.065422,7,
0.034349,0.010637,0.031518,0.002176,0.621394,0.050990,0.102735,0.000821,0.074783,0.070596,4,
