0, 1, 2, 3, 4, 5, 6, 7, 8, 9, True
0.000385,0.001921,0.000669,0.013513,0.106352,0.004903,0.000090,0.157798,0.004995,0.709373,4,
0.186744,0.000046,0.001902,0.000202,0.000145,0.013413,0.000369,0.000219,0.793510,0.003452,8,
0.000446,0.008771,0.003487,0.015395,0.566277,0.008509,0.000637,0.139863,0.002462,0.254152,4,
0.150898,0.010406,0.022313,0.187976,0.001310,0.025656,0.000875,0.014407,0.524751,0.061410,8,
0.000153,0.000003,0.003616,0.000001,0.000907,0.000206,0.995011,0.000001,0.000057,0.000045,6,
0.018300,0.377038,0.021905,0.064420,0.057954,0.044780,0.007661,0.034901,0.140495,0.232547,9,
0.002130,0.001970,0.000801,0.001862,0.097402,0.002545,0.000376,0.007264,0.020820,0.864829,9,
0.006653,0.130317,0.069260,0.010491,0.529383,0.037944,0.147284,0.012145,0.014875,0.041649,4,
0.000251,0.785424,0.003294,0.014338,0.023528,0.003735,0.000276,0.115414,0.000976,0.052764,1,
0.252656,0.014239,0.036084,0.050154,0.000350,0.575126,0.005167,0.001398,0.063565,0.001261,0,
0.028644,0.000163,0.001323,0.029797,0.000088,0.937568,0.000134,0.000134,0.001995,0.000155,5,
0.013168,0.000215,0.159143,0.816002,0.000107,0.010042,0.000363,0.000091,0.000659,0.000210,3,
0.051341,0.000013,0.000347,0.000041,0.000014,0.000668,0.000056,0.000003,0.947490,0.000028,8,
0.000039,0.991780,0.002207,0.002327,0.000322,0.000436,0.000181,0.001567,0.000353,0.000789,1,
0.556964,0.000152,0.023342,0.038696,0.000094,0.043730,0.001699,0.000179,0.334124,0.001019,8,
0.028179,0.002631,0.005619,0.032814,0.063714,0.025522,0.000972,0.024560,0.159524,0.656466,0,
0.000139,0.971378,0.003375,0.003688,0.002658,0.003366,0.001105,0.012118,0.000453,0.001721,1,
0.000562,0.000533,0.908026,0.001122,0.000240,0.000428,0.086586,0.000050,0.002424,0.000028,2,
0.978712,0.000051,0.000743,0.000220,0.000044,0.018705,0.000339,0.000003,0.001181,0.000003,0,
0.003443,0.402018,0.019111,0.101396,0.006655,0.021711,0.001499,0.413216,0.008000,0.022950,7,
0.006603,0.913842,0.019468,0.005450,0.000233,0.001338,0.000786,0.003678,0.047146,0.001455,1,
0.010948,0.003830,0.247700,0.689512,0.000084,0.004087,0.000440,0.000977,0.041972,0.000451,3,
0.000067,0.000412,0.943069,0.045499,0.000161,0.000016,0.002636,0.007994,0.000122,0.000024,2,
0.122604,0.002317,0.004070,0.039807,0.001262,0.035922,0.000608,0.002618,0.756867,0.033925,8,
0.000515,0.000252,0.968085,0.000743,0.000206,0.000279,0.028771,0.000004,0.001129,0.000016,2,
0.000092,0.000021,0.013129,0.000002,0.000004,0.000004,0.986745,0.000000,0.000002,0.000000,6,
0.035368,0.003774,0.074326,0.068672,0.499628,0.055145,0.010114,0.011810,0.007416,0.233746,4,
0.000244,0.000316,0.001492,0.007084,0.022623,0.002522,0.000144,0.926009,0.001102,0.038466,7,
0.000438,0.000003,0.992299,0.005604,0.000005,0.000017,0.001617,0.000003,0.000013,0.000002,2,
0.001101,0.001040,0.001064,0.006289,0.071520,0.002745,0.000062,0.032163,0.004078,0.879939,9,
0.912408,0.000001,0.000826,0.000231,0.000092,0.084560,0.000535,0.000142,0.000939,0.000266,0,
0.094872,0.000409,0.001867,0.039316,0.000352,0.064584,0.000363,0.000829,0.792076,0.005331,5,
0.002208,0.950431,0.026777,0.001149,0.000526,0.000932,0.004517,0.001903,0.010677,0.000882,1,
0.001524,0.807734,0.021030,0.074605,0.009474,0.007905,0.002405,0.048918,0.009566,0.016841,1,
0.030409,0.000024,0.000411,0.047256,0.000017,0.916578,0.000019,0.000315,0.004893,0.000077,5,
0.211344,0.000223,0.002067,0.005893,0.000485,0.072235,0.000466,0.001526,0.685024,0.020737,8,
0.000008,0.000002,0.002102,0.000001,0.000532,0.000132,0.997196,0.000000,0.000013,0.000015,6,
0.989809,0.000011,0.000596,0.000782,0.000008,0.008574,0.000052,0.000001,0.000164,0.000001,0,
0.003033,0.000113,0.004328,0.972887,0.000011,0.001663,0.000007,0.001526,0.015055,0.001376,3,
0.000299,0.004530,0.000789,0.028302,0.017490,0.004383,0.000192,0.812245,0.003383,0.128388,7,
0.001226,0.007079,0.031464,0.006460,0.856689,0.007315,0.016128,0.003721,0.002087,0.067830,4,
0.004439,0.001949,0.003007,0.015991,0.365752,0.480819,0.001037,0.022600,0.001663,0.102743,4,
0.153380,0.001955,0.021178,0.005074,0.107307,0.171967,0.053391,0.004697,0.433239,0.047811,9,
0.000778,0.836593,0.008269,0.036749,0.001162,0.001857,0.000313,0.100124,0.004404,0.009751,1,
0.979674,0.000001,0.000407,0.000158,0.000296,0.016373,0.000055,0.000170,0.001292,0.001575,0,
0.910421,0.000179,0.002244,0.001211,0.000211,0.059415,0.000906,0.000152,0.024642,0.000619,2,
0.006349,0.001261,0.001383,0.218461,0.006554,0.029685,0.000550,0.118180,0.241976,0.375600,8,
0.001047,0.000750,0.327431,0.655150,0.000309,0.000561,0.002006,0.002168,0.010009,0.000569,2,
0.000420,0.000071,0.932696,0.000345,0.012917,0.000140,0.053308,0.000031,0.000027,0.000044,2,
0.002129,0.000972,0.001305,0.000591,0.690166,0.010883,0.001446,0.001728,0.002759,0.288020,4,
0.007336,0.000724,0.133847,0.846653,0.000012,0.001600,0.000095,0.000075,0.009474,0.000184,3,
0.000035,0.000021,0.046485,0.000327,0.001106,0.000103,0.951813,0.000037,0.000047,0.000027,6,
0.002228,0.004594,0.001589,0.008165,0.056264,0.005661,0.000420,0.030362,0.033242,0.857474,9,
0.036991,0.294540,0.034600,0.029102,0.016751,0.187848,0.211589,0.002761,0.139545,0.046273,8,
0.997269,0.000001,0.000007,0.000011,0.000001,0.002404,0.000000,0.000000,0.000307,0.000000,0,
0.045228,0.013162,0.017809,0.006433,0.309623,0.109575,0.012002,0.042617,0.080822,0.362730,4,
0.000050,0.912478,0.001767,0.013809,0.001439,0.000317,0.000047,0.066527,0.000144,0.003423,1,
0.822213,0.001118,0.004427,0.002374,0.001082,0.046619,0.003237,0.001228,0.115426,0.002275,0,
0.611376,0.000634,0.131411,0.001513,0.002039,0.013819,0.092135,0.000615,0.143698,0.002759,0,
0.466203,0.008055,0.056037,0.016981,0.006828,0.184854,0.025716,0.006641,0.220130,0.008555,0,
0.006284,0.000031,0.000381,0.009209,0.000076,0.006648,0.000031,0.000728,0.972987,0.003626,8,
0.216159,0.001743,0.012104,0.062354,0.000781,0.015082,0.000572,0.001532,0.670861,0.018812,0,
0.000043,0.000005,0.006150,0.000000,0.000008,0.000004,0.993783,0.000000,0.000005,0.000000,6,
0.001212,0.000468,0.002090,0.023389,0.088717,0.017388,0.000423,0.545903,0.002481,0.317930,9,
0.031572,0.000149,0.625952,0.301640,0.000075,0.001141,0.003223,0.000098,0.036060,0.000090,3,
0.995202,0.000003,0.000572,0.000210,0.000002,0.003878,0.000020,0.000000,0.000113,0.000000,0,
0.000719,0.926098,0.004488,0.018621,0.004132,0.003062,0.000542,0.013631,0.005886,0.022822,1,
0.001640,0.025426,0.092657,0.018065,0.439748,0.008733,0.337794,0.038393,0.003322,0.034221,6,
0.005703,0.001278,0.064262,0.001546,0.887668,0.005862,0.012596,0.005755,0.002050,0.013280,2,
0.000072,0.006315,0.000578,0.012959,0.015713,0.000663,0.000051,0.876736,0.000348,0.086565,7,
0.000745,0.000205,0.060655,0.000127,0.039980,0.000577,0.896322,0.000087,0.000517,0.000785,6,
0.000228,0.000168,0.163568,0.831994,0.000091,0.000235,0.000335,0.001772,0.001529,0.000079,3,
0.020544,0.000147,0.000697,0.137229,0.000133,0.818551,0.000100,0.012808,0.006343,0.003447,5,
0.000307,0.000189,0.098227,0.006151,0.797157,0.000119,0.002561,0.019825,0.000603,0.074861,9,
0.000181,0.000017,0.056690,0.000032,0.004175,0.000100,0.938683,0.000007,0.000075,0.000040,6,
0.000383,0.001211,0.002600,0.002132,0.659162,0.002378,0.001096,0.009885,0.002552,0.318600,4,
0.000105,0.000076,0.000992,0.000234,0.922254,0.000330,0.000739,0.000573,0.000275,0.074422,9,
0.004341,0.000002,0.033265,0.000007,0.000012,0.000082,0.962057,0.000001,0.000231,0.000003,6,
0.011329,0.009503,0.129997,0.017355,0.069321,0.009988,0.697521,0.002818,0.026189,0.025979,6,
0.906850,0.000052,0.015844,0.007415,0.000108,0.013703,0.000201,0.000063,0.054205,0.001560,0,
0.000197,0.000143,0.073294,0.000582,0.004761,0.001122,0.919403,0.000170,0.000120,0.000209,6,
0.004631,0.004661,0.005198,0.209158,0.018596,0.021803,0.001422,0.218417,0.116427,0.399687,7,
0.000024,0.000005,0.004910,0.994964,0.000000,0.000077,0.000000,0.000000,0.000020,0.000000,3,
0.000673,0.003552,0.866772,0.120712,0.000086,0.000062,0.002129,0.000663,0.005287,0.000063,2,
0.000038,0.000005,0.002914,0.000004,0.000669,0.000428,0.995736,0.000001,0.000090,0.000116,6,
0.003216,0.000175,0.000953,0.593808,0.000054,0.383968,0.000034,0.004586,0.010905,0.002300,5,
0.018709,0.009827,0.173909,0.011812,0.401338,0.018118,0.315064,0.017406,0.010076,0.023742,2,
0.020039,0.029051,0.033700,0.004114,0.628952,0.066229,0.094444,0.010663,0.028292,0.084515,4,
0.013914,0.836451,0.013431,0.013956,0.002144,0.007608,0.001552,0.034197,0.058083,0.018665,1,
0.000688,0.000086,0.047653,0.948272,0.000015,0.002393,0.000051,0.000223,0.000488,0.000132,3,
0.000727,0.000002,0.016316,0.981063,0.000003,0.000251,0.000003,0.001148,0.000440,0.000047,3,
0.091173,0.005290,0.129479,0.113402,0.002088,0.012161,0.004988,0.001715,0.634577,0.005127,2,
0.000575,0.000521,0.000541,0.002358,0.088094,0.002520,0.000046,0.036534,0.002320,0.866490,9,
0.000100,0.000387,0.000771,0.015743,0.010115,0.000468,0.000073,0.931544,0.001752,0.039046,7,
0.000466,0.003596,0.001192,0.009064,0.357046,0.006594,0.000393,0.035464,0.006157,0.580028,4,
0.013724,0.013776,0.658561,0.019028,0.139688,0.033107,0.104639,0.003192,0.004786,0.009500,2,
0.015344,0.006483,0.020851,0.013625,0.003727,0.643715,0.214114,0.000421,0.080191,0.001531,5,
0.070342,0.040359,0.009936,0.080019,0.002636,0.027099,0.000902,0.018615,0.691875,0.058218,8,
0.007288,0.000145,0.089947,0.812659,0.000028,0.000888,0.000115,0.000156,0.088412,0.000361,3,
0.000119,0.000061,0.000101,0.009015,0.000877,0.000871,0.000005,0.918039,0.000342,0.070571,7,
0.000030,0.000168,0.000119,0.025110,0.000557,0.000329,0.000007,0.947230,0.000172,0.026278,7,
0.000386,0.001653,0.004080,0.001500,0.859689,0.003462,0.005143,0.002023,0.001379,0.120685,4,
0.007447,0.001011,0.902796,0.005555,0.002188,0.000859,0.078071,0.000299,0.001227,0.000549,2,
0.959752,0.000013,0.001539,0.001519,0.000007,0.032755,0.000308,0.000012,0.004085,0.000011,0,
0.001414,0.958347,0.011243,0.009952,0.000499,0.001896,0.001025,0.005505,0.007988,0.002131,1,
0.001199,0.000591,0.003711,0.000197,0.005718,0.032090,0.951869,0.000042,0.003999,0.000584,6,
0.034392,0.022632,0.416255,0.376191,0.003439,0.009234,0.007734,0.005486,0.118500,0.006138,2,
0.062976,0.001508,0.002442,0.018111,0.004726,0.357298,0.001568,0.002171,0.503422,0.045778,8,
0.000001,0.000000,0.001350,0.000000,0.000053,0.000003,0.998592,0.000000,0.000001,0.000000,6,
0.000267,0.000181,0.000207,0.022283,0.000063,0.000465,0.000000,0.957384,0.000839,0.018310,7,
0.001747,0.828183,0.012021,0.006508,0.007613,0.032195,0.002214,0.091469,0.007983,0.010067,1,
0.000083,0.000052,0.000073,0.046260,0.000187,0.000275,0.000034,0.930147,0.001213,0.021676,7,
0.005523,0.007181,0.469268,0.474286,0.000283,0.011092,0.005688,0.001652,0.024533,0.000493,3,
0.150258,0.000477,0.003129,0.003481,0.002346,0.118120,0.000508,0.003985,0.692178,0.025519,8,
0.000759,0.000287,0.090318,0.000180,0.007935,0.000281,0.898057,0.000024,0.001852,0.000308,2,
0.000261,0.985520,0.003403,0.002542,0.000402,0.001270,0.000486,0.003597,0.001332,0.001187,1,
0.022460,0.009184,0.811579,0.004987,0.028962,0.003085,0.085808,0.001688,0.026449,0.005798,6,
0.000608,0.000039,0.000660,0.015404,0.010357,0.013738,0.000021,0.756619,0.000076,0.202478,3,
0.001268,0.068178,0.066033,0.786967,0.003469,0.003285,0.001044,0.040944,0.017145,0.011667,3,
0.988541,0.000016,0.000115,0.000055,0.000020,0.006541,0.000029,0.000033,0.004580,0.000070,0,
0.011364,0.870231,0.042358,0.003976,0.000972,0.005007,0.021946,0.001909,0.039688,0.002549,1,
0.001917,0.950084,0.008983,0.005120,0.002492,0.010111,0.004869,0.005956,0.005947,0.004520,1,
0.129805,0.002585,0.037011,0.063052,0.000364,0.033009,0.001645,0.000385,0.729761,0.002383,8,
0.000122,0.000093,0.979919,0.018973,0.000003,0.000009,0.000832,0.000001,0.000049,0.000000,2,
0.007500,0.012012,0.152724,0.691402,0.000274,0.003707,0.001599,0.000779,0.128675,0.001330,3,
0.012641,0.004308,0.013337,0.041454,0.297664,0.157514,0.012138,0.012171,0.118829,0.329944,9,
0.009627,0.000148,0.000902,0.006201,0.000030,0.975839,0.000527,0.000032,0.006421,0.000274,5,
0.176758,0.000423,0.004056,0.008204,0.000227,0.057000,0.000272,0.000591,0.748125,0.004344,8,
0.002869,0.001500,0.021215,0.083794,0.311731,0.006667,0.002081,0.058321,0.006330,0.505492,9,
0.003270,0.000001,0.076052,0.000043,0.000039,0.000136,0.920218,0.000001,0.000228,0.000011,6,
0.003043,0.018502,0.004673,0.033624,0.273098,0.023478,0.001893,0.031548,0.036419,0.573721,1,
0.000998,0.004578,0.224482,0.024400,0.057486,0.003022,0.653112,0.020606,0.001622,0.009694,6,
0.983709,0.000054,0.000139,0.000146,0.000050,0.004566,0.000113,0.000063,0.011110,0.000049,0,
0.000104,0.000117,0.019750,0.000197,0.002342,0.001342,0.975923,0.000024,0.000077,0.000123,6,
0.038761,0.000779,0.698471,0.004088,0.000163,0.000674,0.140244,0.000106,0.116463,0.000250,2,
0.000135,0.983122,0.002305,0.002105,0.000834,0.000983,0.000392,0.007374,0.000720,0.002029,1,
0.001776,0.001721,0.024011,0.948267,0.000037,0.009756,0.000135,0.000487,0.013541,0.000270,3,
0.884452,0.000020,0.000422,0.000986,0.000048,0.109880,0.000010,0.001222,0.000662,0.002298,0,
0.140046,0.007678,0.008259,0.009054,0.002819,0.049630,0.003309,0.000969,0.755408,0.022827,8,
0.983243,0.000034,0.000095,0.000126,0.000030,0.016000,0.000016,0.000002,0.000453,0.000001,0,
0.998347,0.000000,0.000377,0.000067,0.000000,0.001063,0.000048,0.000000,0.000096,0.000002,0,
0.315561,0.005777,0.086488,0.010705,0.050797,0.016708,0.352007,0.009243,0.133804,0.018909,6,
0.000614,0.974871,0.003350,0.002610,0.000440,0.001673,0.000315,0.010833,0.003399,0.001895,1,
0.000616,0.000863,0.959448,0.003696,0.006753,0.000914,0.026657,0.000374,0.000487,0.000191,2,
0.027650,0.000287,0.035489,0.728640,0.000037,0.000664,0.000037,0.001393,0.204207,0.001594,3,
0.000331,0.966114,0.005648,0.006554,0.001976,0.003100,0.001172,0.010329,0.001470,0.003305,1,
0.002695,0.320947,0.021378,0.046069,0.227686,0.026383,0.006177,0.224608,0.007939,0.116117,3,
0.000646,0.984450,0.007119,0.000691,0.000169,0.000731,0.001398,0.000753,0.003463,0.000581,1,
0.006364,0.000066,0.045352,0.934759,0.000023,0.000858,0.000080,0.000050,0.012386,0.000062,3,
0.000127,0.980787,0.003001,0.002740,0.001073,0.003486,0.001036,0.005982,0.000481,0.001286,1,
0.000957,0.000100,0.984982,0.001096,0.003812,0.000374,0.008491,0.000015,0.000088,0.000084,2,
0.000136,0.000244,0.019726,0.000194,0.005650,0.001268,0.972135,0.000117,0.000209,0.000320,6,
0.001695,0.240419,0.020120,0.608013,0.003138,0.010815,0.001475,0.098953,0.005935,0.009438,3,
0.005669,0.000942,0.004247,0.948089,0.000046,0.002280,0.000022,0.019360,0.013779,0.005565,3,
0.013374,0.000289,0.003200,0.000213,0.012745,0.032842,0.910719,0.000132,0.024757,0.001730,6,
0.117644,0.003805,0.024146,0.110786,0.000559,0.003158,0.000197,0.009130,0.711954,0.018620,8,
0.018603,0.000781,0.013307,0.918582,0.000080,0.017603,0.000091,0.001523,0.028554,0.000876,3,
0.008425,0.009769,0.743616,0.192854,0.000037,0.003033,0.000353,0.000607,0.041214,0.000093,2,
0.000346,0.000110,0.009895,0.000028,0.081415,0.001068,0.905602,0.000036,0.000348,0.001152,6,
0.000207,0.000514,0.004009,0.000376,0.004212,0.017189,0.971650,0.000050,0.000978,0.000815,6,
0.168908,0.016069,0.015992,0.008166,0.017967,0.124949,0.098690,0.001805,0.479634,0.067820,8,
0.010947,0.054758,0.067986,0.686662,0.002339,0.113554,0.008049,0.004237,0.047659,0.003810,5,
0.046398,0.006763,0.026597,0.016581,0.178398,0.438760,0.168389,0.007508,0.065067,0.045539,5,
0.007340,0.000024,0.000292,0.020541,0.000005,0.970431,0.000015,0.000400,0.000841,0.000111,3,
0.003946,0.875919,0.049522,0.033211,0.000291,0.000593,0.000812,0.007254,0.027065,0.001386,1,
0.001034,0.017919,0.584931,0.381774,0.000160,0.001501,0.001958,0.002213,0.008240,0.000270,2,
0.110658,0.004674,0.011297,0.012363,0.000582,0.610551,0.005391,0.000422,0.241975,0.002087,5,
0.000164,0.000056,0.002696,0.000027,0.002976,0.005061,0.988468,0.000008,0.000247,0.000296,6,
0.137794,0.025302,0.077986,0.161749,0.007712,0.007880,0.004674,0.123803,0.338470,0.114630,7,
0.067115,0.000253,0.750073,0.150965,0.000213,0.003336,0.015189,0.000176,0.012343,0.000337,3,
0.002882,0.006397,0.010633,0.015493,0.267908,0.003835,0.002790,0.186608,0.005346,0.498108,7,
0.000280,0.005265,0.000968,0.033980,0.007308,0.006525,0.000022,0.800795,0.000917,0.143937,7,
0.505280,0.001100,0.038989,0.320288,0.000744,0.095802,0.000880,0.001615,0.034132,0.001169,5,
0.005733,0.012894,0.197748,0.697565,0.002664,0.022167,0.005979,0.007395,0.043294,0.004562,3,
0.069823,0.089757,0.034179,0.228387,0.007857,0.081499,0.004942,0.023166,0.354758,0.105632,8,
0.973890,0.000072,0.000283,0.008522,0.000046,0.015769,0.000018,0.000029,0.001347,0.000024,0,
0.007926,0.000021,0.000080,0.001793,0.000258,0.958748,0.000021,0.000249,0.027255,0.003649,5,
0.674048,0.001049,0.036689,0.008205,0.000386,0.036502,0.018300,0.000360,0.223811,0.000651,0,
0.000063,0.000154,0.000226,0.022486,0.002562,0.000375,0.000033,0.934334,0.001083,0.038686,7,
0.009190,0.129823,0.044058,0.007416,0.528126,0.056462,0.140122,0.011263,0.019894,0.053645,4,
0.000391,0.969734,0.006805,0.012241,0.000299,0.001539,0.000511,0.004245,0.002687,0.001548,1,
0.000517,0.010146,0.003787,0.191196,0.003107,0.006122,0.000155,0.753731,0.001761,0.029479,3,
0.100492,0.068785,0.076226,0.193477,0.002693,0.035204,0.003164,0.011423,0.492495,0.016041,8,
0.208557,0.000098,0.725795,0.001834,0.000088,0.007501,0.042153,0.000065,0.013830,0.000080,2,
0.045975,0.012636,0.242000,0.312980,0.000445,0.005749,0.000671,0.002501,0.375280,0.001764,2,
0.191110,0.000092,0.001051,0.003169,0.000036,0.014081,0.000047,0.000106,0.786788,0.003520,8,
0.027357,0.001343,0.347933,0.515616,0.000352,0.004278,0.002129,0.000444,0.099992,0.000557,2,
0.000241,0.977740,0.007414,0.005159,0.000653,0.001456,0.000721,0.003383,0.001765,0.001468,1,
0.000568,0.000114,0.033396,0.962404,0.000002,0.000445,0.000004,0.000387,0.002660,0.000021,3,
0.031537,0.002850,0.023357,0.887849,0.000399,0.032131,0.000248,0.011910,0.004651,0.005069,8,
0.000790,0.000061,0.000185,0.017974,0.003187,0.045765,0.000045,0.771045,0.009360,0.151589,7,
0.086492,0.133679,0.020798,0.035703,0.014499,0.234607,0.012018,0.009228,0.374329,0.078647,0,
0.963016,0.000007,0.000464,0.000755,0.000008,0.028937,0.000054,0.000009,0.006726,0.000024,0,
0.002459,0.064386,0.007057,0.022201,0.363318,0.045762,0.002103,0.173001,0.007834,0.311879,1,
0.739289,0.000624,0.061143,0.012464,0.000917,0.022469,0.023560,0.000772,0.136067,0.002695,0,
0.004982,0.016515,0.002947,0.009918,0.281572,0.072864,0.002650,0.034429,0.031965,0.542159,9,
0.001242,0.001779,0.032392,0.000520,0.899781,0.002480,0.007608,0.009462,0.001625,0.043110,2,
0.000162,0.000025,0.043065,0.000038,0.002589,0.000261,0.953677,0.000043,0.000088,0.000053,6,
0.018277,0.000129,0.000998,0.010625,0.000664,0.939529,0.000206,0.000457,0.020502,0.008613,5,
0.109680,0.013779,0.112856,0.193459,0.017162,0.147926,0.038622,0.048419,0.262669,0.055427,6,
0.000161,0.000347,0.000334,0.011422,0.004574,0.003753,0.000002,0.873670,0.000422,0.105315,7,
0.002137,0.000182,0.010886,0.021433,0.639201,0.010844,0.001010,0.003509,0.001479,0.309318,4,
0.010331,0.471165,0.094584,0.018146,0.092808,0.038381,0.206287,0.018852,0.024606,0.024839,6,
0.001671,0.953395,0.027285,0.001278,0.000400,0.001099,0.003383,0.001898,0.008949,0.000642,1,
0.924692,0.000119,0.001580,0.000314,0.000165,0.027440,0.000621,0.000110,0.044620,0.000340,0,
0.222399,0.015514,0.435557,0.104772,0.023426,0.095014,0.040384,0.005712,0.029900,0.027323,3,
0.000125,0.911093,0.006410,0.048871,0.001265,0.001244,0.000159,0.026438,0.001269,0.003126,1,
0.002392,0.010224,0.007731,0.020049,0.126037,0.009782,0.000853,0.266854,0.005401,0.550678,9,
0.000333,0.905529,0.002570,0.003721,0.019207,0.012167,0.001196,0.038153,0.000871,0.016252,1,
0.272933,0.000022,0.002642,0.000097,0.000052,0.009521,0.000393,0.000019,0.713968,0.000351,8,
0.001593,0.968366,0.007908,0.005709,0.000134,0.001824,0.000390,0.003332,0.009932,0.000812,1,
0.001992,0.320522,0.014799,0.357184,0.002922,0.004991,0.001374,0.276736,0.006343,0.013137,7,
0.001838,0.000815,0.004244,0.001770,0.718501,0.005312,0.002521,0.000963,0.002640,0.261396,9,
0.000045,0.002820,0.000347,0.029160,0.003884,0.000461,0.000018,0.921983,0.000314,0.040966,7,
0.000967,0.000063,0.012116,0.095409,0.004527,0.000547,0.000072,0.838387,0.001641,0.046272,7,
0.015806,0.001691,0.034402,0.031446,0.019869,0.030481,0.004234,0.009554,0.754085,0.098433,8,
0.001071,0.958557,0.008619,0.013561,0.000341,0.000854,0.000477,0.006439,0.007683,0.002398,1,
0.449911,0.002298,0.284608,0.101567,0.001736,0.011135,0.009624,0.001617,0.134413,0.003091,2,
0.011949,0.000101,0.831101,0.143565,0.000083,0.008967,0.003646,0.000113,0.000402,0.000072,2,
0.023303,0.035796,0.035906,0.059739,0.024882,0.686354,0.042869,0.012557,0.052162,0.026432,5,
0.019592,0.047902,0.023997,0.023422,0.408847,0.086604,0.026375,0.034022,0.043534,0.285705,9,
0.000024,0.000017,0.000411,0.007721,0.000654,0.000205,0.000007,0.988437,0.000032,0.002492,7,
0.065444,0.017217,0.169406,0.381734,0.001399,0.095542,0.008603,0.002840,0.252776,0.005039,3,
0.988835,0.000013,0.000126,0.001039,0.000011,0.009950,0.000002,0.000001,0.000022,0.000001,0,
0.000006,0.000002,0.996452,0.000045,0.000002,0.000007,0.003479,0.000000,0.000006,0.000000,2,
0.000070,0.000050,0.002324,0.000054,0.974422,0.001276,0.017409,0.000050,0.000327,0.004018,4,
0.016430,0.001077,0.001624,0.002711,0.068631,0.005463,0.000217,0.013463,0.026495,0.863889,9,
0.004901,0.000198,0.000609,0.008111,0.000735,0.033410,0.000075,0.801712,0.032965,0.117284,4,
0.056291,0.000468,0.026082,0.014565,0.000484,0.816632,0.021552,0.000280,0.063053,0.000594,5,
0.138891,0.003457,0.198257,0.083997,0.009954,0.277595,0.059035,0.004775,0.210434,0.013605,5,
0.005327,0.008455,0.046887,0.005389,0.003110,0.061057,0.864313,0.000146,0.004786,0.000531,6,
0.270890,0.013301,0.018770,0.014923,0.080721,0.378508,0.004869,0.033823,0.027866,0.156329,5,
0.052339,0.002985,0.009489,0.009627,0.167142,0.037883,0.001641,0.002664,0.014981,0.701249,9,
0.000897,0.006923,0.004146,0.005835,0.002700,0.000653,0.000059,0.814186,0.003886,0.160715,7,
0.994075,0.000003,0.000128,0.000618,0.000004,0.004838,0.000000,0.000002,0.000262,0.000068,0,
0.000258,0.000052,0.000120,0.010156,0.004826,0.006892,0.000007,0.554752,0.001714,0.421223,9,
0.008433,0.017911,0.007576,0.273771,0.007510,0.003918,0.001140,0.143675,0.107305,0.428760,7,
0.079117,0.000598,0.002116,0.028494,0.006556,0.484415,0.000420,0.083270,0.070114,0.244901,7,
0.005147,0.916159,0.039963,0.002500,0.000734,0.001297,0.003199,0.004887,0.024675,0.001439,1,
0.002696,0.000461,0.004776,0.000057,0.000548,0.010962,0.974650,0.000007,0.005618,0.000226,6,
0.966848,0.000023,0.000544,0.001155,0.000021,0.023187,0.000098,0.000040,0.008048,0.000038,0,
0.000371,0.001123,0.002285,0.975395,0.000016,0.001449,0.000005,0.014101,0.003253,0.002003,3,
0.049896,0.003311,0.015695,0.006580,0.302111,0.441872,0.055298,0.007069,0.048374,0.069794,2,
0.036835,0.000245,0.005559,0.002610,0.534363,0.051184,0.010735,0.001756,0.038716,0.317996,8,
0.000673,0.001159,0.023455,0.967702,0.000034,0.005042,0.000032,0.000548,0.000938,0.000416,5,
0.061526,0.011684,0.251576,0.105236,0.105019,0.071160,0.175499,0.018482,0.095207,0.104611,2,
0.018067,0.001969,0.002325,0.003913,0.243269,0.308574,0.001437,0.019530,0.007590,0.393325,5,
0.061916,0.223941,0.275369,0.091903,0.001693,0.055875,0.013271,0.003215,0.269538,0.003280,2,
0.002107,0.786953,0.024828,0.111074,0.004718,0.002586,0.001256,0.016143,0.026892,0.023443,1,
0.013517,0.000145,0.480702,0.000495,0.001137,0.000524,0.502009,0.000053,0.001233,0.000186,2,
0.034951,0.000373,0.000715,0.000231,0.001261,0.931460,0.003111,0.000265,0.027061,0.000573,1,
0.001645,0.004151,0.008989,0.001594,0.851754,0.010724,0.055089,0.000883,0.004246,0.060925,4,
0.417176,0.001561,0.027861,0.007006,0.001705,0.201994,0.042912,0.000939,0.295349,0.003497,0,
0.009563,0.045418,0.338308,0.013704,0.047264,0.014239,0.493487,0.003317,0.023087,0.011613,6,
0.000060,0.000002,0.957662,0.000042,0.000005,0.000027,0.042185,0.000000,0.000016,0.000000,2,
0.000819,0.000064,0.118112,0.876641,0.000003,0.000106,0.000012,0.000450,0.003769,0.000024,3,
0.038581,0.001846,0.124278,0.004954,0.002561,0.022324,0.713579,0.000219,0.089801,0.001856,5,
0.506229,0.003558,0.010073,0.004706,0.007644,0.321924,0.030978,0.002682,0.106455,0.005752,0,
0.154015,0.000798,0.034509,0.002951,0.001016,0.310066,0.054862,0.000530,0.440392,0.000859,5,
0.042785,0.002813,0.013383,0.027755,0.103116,0.024600,0.001320,0.060090,0.029488,0.694650,9,
0.037389,0.003161,0.011679,0.002239,0.571717,0.193484,0.012753,0.009401,0.021589,0.136588,5,
0.001323,0.033374,0.003524,0.011958,0.149194,0.013993,0.000741,0.202106,0.007130,0.576657,9,
0.002737,0.003569,0.013805,0.010546,0.677932,0.004264,0.008982,0.002824,0.014726,0.260614,4,
0.006855,0.007787,0.038976,0.003908,0.277400,0.018050,0.602169,0.001072,0.009156,0.034625,4,
0.009402,0.000777,0.035248,0.002959,0.011217,0.033897,0.895928,0.000618,0.003447,0.006507,1,
0.000538,0.000869,0.001497,0.003543,0.318571,0.001777,0.000232,0.014558,0.002992,0.655422,9,
0.001423,0.030709,0.005772,0.829187,0.000392,0.011652,0.000185,0.099093,0.011233,0.010354,3,
0.000809,0.983626,0.007443,0.000487,0.000097,0.000738,0.001178,0.000517,0.004716,0.000389,1,
0.005155,0.006150,0.003744,0.004707,0.232210,0.026863,0.001280,0.035984,0.016726,0.667183,7,
0.004649,0.000127,0.000418,0.092515,0.000062,0.872737,0.000050,0.004093,0.021561,0.003788,5,
0.769546,0.000975,0.004668,0.008883,0.014927,0.127267,0.000981,0.015602,0.001731,0.055419,0,
0.035913,0.014253,0.218090,0.523384,0.000681,0.079174,0.004641,0.001779,0.120311,0.001773,2,
0.030654,0.002671,0.781239,0.058803,0.000462,0.001128,0.020102,0.000394,0.104004,0.000541,2,
0.001716,0.013629,0.008966,0.014140,0.499736,0.007356,0.004056,0.010588,0.015653,0.424161,4,
0.002813,0.008691,0.023123,0.007553,0.007553,0.038838,0.891338,0.001051,0.015027,0.004014,6,
0.012285,0.066352,0.017599,0.024379,0.292278,0.045390,0.014894,0.014213,0.062660,0.449951,9,
0.001958,0.968054,0.009603,0.001831,0.000673,0.001851,0.001792,0.003192,0.009137,0.001909,1,
0.002118,0.371433,0.010650,0.040109,0.242033,0.021620,0.003348,0.081364,0.010766,0.216559,9,
0.004668,0.000281,0.089751,0.879554,0.000067,0.000411,0.000072,0.005603,0.018922,0.000672,3,
0.002418,0.001908,0.001279,0.002432,0.286905,0.006727,0.000777,0.005305,0.012446,0.679803,9,
0.008606,0.004736,0.054422,0.008288,0.058876,0.046532,0.790107,0.003174,0.015279,0.009979,6,
0.000059,0.000057,0.000812,0.009974,0.003540,0.000571,0.000028,0.974136,0.000167,0.010656,7,
0.005377,0.000055,0.000488,0.004774,0.007072,0.534997,0.000059,0.401885,0.004893,0.040402,7,
0.001086,0.822319,0.037350,0.107814,0.001197,0.000786,0.000587,0.010389,0.012775,0.005696,1,
0.508137,0.001433,0.029901,0.003621,0.004976,0.077111,0.054436,0.000778,0.304893,0.014714,8,
0.359512,0.000164,0.000731,0.000805,0.001324,0.560931,0.000389,0.000911,0.072132,0.003100,0,
0.001246,0.000047,0.239256,0.752670,0.000009,0.000199,0.000052,0.000835,0.005601,0.000085,3,
0.091695,0.340470,0.055633,0.019079,0.051584,0.032238,0.022916,0.040851,0.175167,0.170367,4,
0.000024,0.000823,0.000436,0.009192,0.006616,0.000793,0.000003,0.945004,0.000065,0.037043,7,
0.000068,0.000357,0.000557,0.003665,0.020004,0.000550,0.000044,0.929790,0.000232,0.044732,7,
0.000000,0.000000,0.999012,0.000569,0.000000,0.000001,0.000406,0.000001,0.000011,0.000000,2,
0.024825,0.042017,0.071663,0.011407,0.115455,0.037075,0.609234,0.006140,0.024176,0.058009,6,
0.000154,0.000170,0.943879,0.000532,0.000337,0.000057,0.054393,0.000063,0.000389,0.000026,2,
0.000678,0.000023,0.024317,0.970964,0.000004,0.000461,0.000010,0.000367,0.003097,0.000080,3,
0.689925,0.000881,0.029401,0.077956,0.000051,0.016283,0.000345,0.002573,0.181257,0.001329,8,
0.001448,0.001819,0.002614,0.452490,0.003219,0.002723,0.000596,0.348411,0.061079,0.125601,7,
0.001325,0.974084,0.007230,0.000446,0.000509,0.001347,0.000964,0.002849,0.009212,0.002035,1,
0.000816,0.943154,0.003829,0.005801,0.002300,0.005234,0.000718,0.027531,0.002918,0.007699,1,
0.002602,0.017379,0.002982,0.057546,0.004946,0.012641,0.000104,0.630521,0.009908,0.261371,9,
0.003508,0.048902,0.035093,0.859548,0.000383,0.007581,0.000552,0.022097,0.018162,0.004174,3,
0.209044,0.005876,0.010243,0.012177,0.007688,0.024471,0.002451,0.011202,0.570700,0.146149,9,
0.029954,0.000474,0.004314,0.029454,0.000030,0.834370,0.000659,0.000035,0.100479,0.000230,5,
0.020817,0.025825,0.054840,0.120078,0.002367,0.567130,0.165753,0.001458,0.039279,0.002453,5,
0.003413,0.004574,0.016798,0.941413,0.000057,0.016667,0.000090,0.003951,0.011246,0.001790,3,
0.009987,0.009017,0.053347,0.003585,0.515950,0.011510,0.322044,0.002898,0.008742,0.062921,6,
0.004488,0.000726,0.010984,0.006131,0.754603,0.031793,0.009077,0.016828,0.007146,0.158226,4,
0.002314,0.856333,0.023464,0.061215,0.003186,0.004375,0.002399,0.008567,0.023543,0.014605,1,
0.473664,0.000648,0.006128,0.001008,0.008297,0.145410,0.080610,0.000595,0.272769,0.010872,5,
0.938924,0.000076,0.000852,0.000491,0.000069,0.038800,0.000449,0.000065,0.020132,0.000141,0,
0.000850,0.982499,0.006991,0.000938,0.000214,0.000571,0.000801,0.001412,0.004916,0.000809,1,
0.014111,0.000181,0.000624,0.002309,0.011755,0.905744,0.001223,0.000248,0.049672,0.014132,5,
0.005227,0.000339,0.000823,0.037540,0.000613,0.911177,0.000188,0.017799,0.013162,0.013132,5,
0.000753,0.955803,0.005820,0.006929,0.001473,0.001092,0.000626,0.018271,0.003612,0.005619,1,
0.000071,0.975597,0.001664,0.004486,0.002463,0.000496,0.000140,0.008415,0.000465,0.006203,1,
0.044926,0.021366,0.063626,0.015425,0.188693,0.018111,0.408803,0.002468,0.085335,0.151247,9,
0.000087,0.000004,0.005135,0.000005,0.000625,0.000173,0.993885,0.000000,0.000050,0.000036,6,
0.020540,0.020460,0.541932,0.242997,0.000351,0.008228,0.001553,0.001142,0.161819,0.000978,2,
0.014782,0.003151,0.004787,0.009722,0.223276,0.242058,0.003827,0.078643,0.037807,0.381946,4,
0.010939,0.029736,0.109765,0.003688,0.430344,0.025479,0.344669,0.005732,0.017548,0.022100,4,
0.478760,0.000247,0.019552,0.000457,0.001999,0.017950,0.050946,0.000307,0.428002,0.001779,8,
0.000299,0.964778,0.008630,0.008982,0.002009,0.000550,0.000550,0.006502,0.002702,0.004998,1,
0.311507,0.000854,0.039715,0.578117,0.000429,0.038396,0.000604,0.000708,0.029010,0.000661,3,
0.000107,0.000381,0.006442,0.000234,0.027347,0.005797,0.957711,0.000109,0.000235,0.001635,6,
0.000843,0.001629,0.001271,0.016361,0.045131,0.001892,0.000118,0.209791,0.004632,0.718332,9,
0.002624,0.000761,0.005287,0.000265,0.818283,0.131847,0.015194,0.002294,0.003005,0.020439,5,
0.000683,0.002291,0.001350,0.003432,0.093830,0.003225,0.000092,0.089348,0.003801,0.801949,9,
0.056962,0.000055,0.000431,0.000036,0.001079,0.099026,0.000206,0.000337,0.837249,0.004618,8,
0.006875,0.008018,0.002822,0.021888,0.042225,0.003777,0.000611,0.008215,0.118493,0.787077,9,
0.084816,0.007027,0.060024,0.014256,0.140942,0.185006,0.405615,0.015628,0.058437,0.028249,6,
0.000241,0.862857,0.006883,0.095528,0.003854,0.004605,0.000659,0.016988,0.003249,0.005136,1,
0.030997,0.030879,0.008653,0.154321,0.014045,0.092470,0.003244,0.036183,0.505707,0.123501,8,
0.029771,0.000380,0.000477,0.008939,0.000657,0.456116,0.000258,0.000926,0.484007,0.018468,8,
0.024699,0.003158,0.561610,0.062620,0.003441,0.020987,0.265774,0.000699,0.055634,0.001379,2,
0.000589,0.000851,0.000491,0.003787,0.065057,0.001229,0.000045,0.028918,0.006624,0.892410,9,
0.013637,0.003414,0.027074,0.034428,0.095563,0.478795,0.006433,0.252029,0.023713,0.064912,9,
0.176444,0.034788,0.059769,0.035480,0.065133,0.074541,0.116113,0.007360,0.266857,0.163515,6,
0.000002,0.000012,0.002234,0.997395,0.000000,0.000004,0.000000,0.000282,0.000069,0.000002,3,
0.814472,0.000599,0.034680,0.002024,0.000448,0.030419,0.074006,0.000439,0.042409,0.000504,0,
0.002165,0.018982,0.002970,0.055456,0.080688,0.011346,0.000820,0.173946,0.045099,0.608526,9,
0.000014,0.000001,0.000038,0.001203,0.000362,0.000151,0.000000,0.971562,0.000047,0.026622,7,
0.003023,0.000043,0.986459,0.000469,0.000006,0.000103,0.009577,0.000002,0.000314,0.000004,2,
0.042346,0.017160,0.020472,0.446636,0.001975,0.017600,0.001383,0.279863,0.096706,0.075858,7,
0.117057,0.010476,0.017993,0.102812,0.002752,0.041556,0.001469,0.004708,0.666458,0.034719,8,
0.000197,0.000015,0.110621,0.888678,0.000000,0.000010,0.000002,0.000041,0.000433,0.000003,3,
0.001443,0.960745,0.016823,0.003218,0.000709,0.003530,0.002681,0.003414,0.006283,0.001155,1,
0.001232,0.001824,0.001601,0.001243,0.645413,0.013131,0.003602,0.002284,0.013078,0.316593,9,
0.986550,0.000011,0.008256,0.001746,0.000008,0.002944,0.000227,0.000010,0.000239,0.000008,0,
0.002085,0.004784,0.019246,0.007303,0.810084,0.015755,0.011466,0.005063,0.002734,0.121480,4,
0.172943,0.001378,0.035960,0.034237,0.001096,0.042892,0.008777,0.000382,0.696649,0.005687,8,
0.002315,0.012559,0.008843,0.007024,0.559998,0.009523,0.005662,0.007756,0.012598,0.373723,9,
0.000024,0.000841,0.000220,0.011457,0.001701,0.000247,0.000003,0.949069,0.000182,0.036257,7,
0.000001,0.000001,0.000080,0.000911,0.000513,0.000022,0.000000,0.995372,0.000013,0.003087,7,
0.002509,0.008595,0.002661,0.024676,0.075970,0.003992,0.000672,0.034868,0.056691,0.789365,9,
0.018694,0.002372,0.015710,0.010036,0.428824,0.046179,0.005325,0.048269,0.021559,0.403032,9,
0.002401,0.000285,0.124251,0.857228,0.000039,0.001142,0.000094,0.001226,0.013140,0.000196,3,
0.000750,0.963685,0.003703,0.003834,0.001220,0.006547,0.000765,0.014349,0.002416,0.002732,1,
0.003946,0.944803,0.017449,0.003317,0.000148,0.002556,0.001047,0.001597,0.024512,0.000625,1,
0.000559,0.000868,0.001271,0.001143,0.677089,0.004242,0.001286,0.002639,0.002616,0.308288,4,
0.055674,0.082196,0.010307,0.147828,0.006626,0.159361,0.003351,0.031023,0.410618,0.093017,8,
0.088911,0.004403,0.223191,0.061576,0.000867,0.018889,0.001726,0.001298,0.597751,0.001388,2,
0.000459,0.812505,0.004375,0.019657,0.020504,0.013217,0.000848,0.091203,0.001797,0.035436,4,
0.038109,0.004997,0.019788,0.206698,0.011640,0.010520,0.002608,0.142480,0.084073,0.479087,3,
0.000799,0.000446,0.931435,0.003163,0.016584,0.001015,0.045955,0.000134,0.000163,0.000305,2,
0.000178,0.008483,0.004431,0.063360,0.003409,0.000748,0.000055,0.888605,0.000717,0.030016,7,
0.002017,0.007490,0.083321,0.000523,0.026633,0.004494,0.868718,0.000442,0.003460,0.002901,6,
0.747724,0.001485,0.038701,0.028215,0.000281,0.130242,0.013682,0.000405,0.038797,0.000469,8,
0.000680,0.000195,0.001119,0.008817,0.002123,0.012701,0.000040,0.946958,0.002891,0.024476,7,
0.011966,0.000634,0.695362,0.035174,0.233315,0.003833,0.008743,0.003498,0.000999,0.006477,6,
0.295299,0.000150,0.008906,0.000322,0.000158,0.026857,0.002693,0.000101,0.665319,0.000195,8,
0.000092,0.000001,0.036752,0.000001,0.000075,0.000046,0.963031,0.000000,0.000002,0.000000,6,
0.042447,0.001806,0.002806,0.003571,0.085607,0.717876,0.002575,0.022041,0.048762,0.072509,4,
0.031667,0.006515,0.401724,0.065080,0.120814,0.048625,0.267536,0.007733,0.014008,0.036298,2,
0.151411,0.004225,0.009393,0.004595,0.003937,0.619356,0.021639,0.001961,0.172100,0.011383,0,
0.000275,0.000054,0.041135,0.000026,0.005266,0.000228,0.952574,0.000011,0.000296,0.000136,6,
0.008306,0.768696,0.018073,0.040555,0.011477,0.052304,0.005785,0.042880,0.027043,0.024881,1,
0.000148,0.924454,0.001889,0.019202,0.000715,0.003234,0.000132,0.046656,0.000544,0.003025,1,
0.000986,0.000001,0.002443,0.000001,0.000121,0.000174,0.996172,0.000000,0.000098,0.000005,6,
0.005063,0.860224,0.021244,0.002686,0.038368,0.008238,0.005211,0.026552,0.013199,0.019215,1,
0.000227,0.000130,0.011182,0.000060,0.006856,0.002121,0.978696,0.000027,0.000323,0.000377,6,
0.001345,0.000032,0.001272,0.000060,0.914333,0.074991,0.002839,0.000157,0.000198,0.004773,4,
0.009782,0.005214,0.001185,0.007557,0.019771,0.844173,0.003150,0.001009,0.056000,0.052159,5,
0.009422,0.067511,0.676606,0.033487,0.004319,0.013558,0.146426,0.002396,0.043622,0.002652,2,
0.002052,0.005568,0.004876,0.010293,0.285044,0.005230,0.001026,0.016786,0.012628,0.656498,9,
0.001748,0.001442,0.027914,0.000935,0.874463,0.001440,0.062342,0.001603,0.002129,0.025982,4,
0.060465,0.000822,0.002429,0.002983,0.003089,0.046066,0.000254,0.146983,0.598615,0.138295,9,
0.019155,0.018572,0.758214,0.024272,0.043775,0.004194,0.084931,0.013279,0.025876,0.007730,2,
0.496095,0.003054,0.156255,0.046885,0.087157,0.066417,0.023755,0.005939,0.014979,0.099466,9,
0.006988,0.077607,0.094955,0.014392,0.154396,0.040790,0.562039,0.008818,0.015291,0.024725,6,
0.284662,0.002977,0.028220,0.019136,0.000184,0.011292,0.000295,0.001361,0.649636,0.002238,8,
0.000568,0.970877,0.007690,0.002766,0.001270,0.005694,0.004884,0.002911,0.001750,0.001591,1,
0.002986,0.009397,0.003129,0.020186,0.143571,0.008273,0.000754,0.025179,0.037289,0.749237,9,
0.002839,0.074047,0.012336,0.685820,0.001654,0.032257,0.000880,0.162003,0.011690,0.016474,5,
0.002085,0.014901,0.006024,0.009469,0.513717,0.023982,0.003321,0.017961,0.008523,0.400018,4,
0.048140,0.001216,0.004211,0.002907,0.181512,0.062037,0.001432,0.022500,0.038054,0.637991,4,
0.000542,0.988264,0.002799,0.001359,0.000132,0.000783,0.000294,0.001734,0.003299,0.000794,1,
0.097902,0.002917,0.395600,0.060194,0.274881,0.014832,0.058208,0.016914,0.017233,0.061318,4,
0.045736,0.006091,0.609729,0.033730,0.000487,0.009776,0.001316,0.000663,0.291758,0.000715,2,
0.009320,0.011728,0.004497,0.027576,0.035731,0.039332,0.000807,0.116421,0.012088,0.742500,9,
0.181584,0.000778,0.184116,0.003081,0.000681,0.004030,0.017520,0.000654,0.606162,0.001395,8,
0.028107,0.000384,0.062575,0.000187,0.003311,0.002234,0.888075,0.000103,0.013778,0.001247,6,
0.001560,0.001198,0.010601,0.016134,0.273804,0.002358,0.001463,0.090739,0.004020,0.598123,9,
0.000462,0.001117,0.001229,0.010892,0.058411,0.002333,0.000205,0.596379,0.000729,0.328244,9,
0.001432,0.000347,0.672924,0.319507,0.000060,0.000192,0.001150,0.000987,0.003375,0.000027,2,
0.002493,0.000296,0.054854,0.923437,0.000013,0.000676,0.000027,0.000309,0.017796,0.000100,3,
0.000801,0.976972,0.004997,0.002421,0.000676,0.005173,0.001138,0.002690,0.003606,0.001526,1,
0.003107,0.957403,0.006513,0.002857,0.000735,0.001561,0.000803,0.007684,0.014939,0.004399,1,
0.001474,0.004132,0.582086,0.001255,0.050220,0.002345,0.354439,0.000825,0.001648,0.001575,2,
0.859631,0.000484,0.014851,0.001102,0.031220,0.063649,0.017839,0.000947,0.002445,0.007832,0,
0.000056,0.000034,0.000099,0.004765,0.005173,0.002706,0.000001,0.828796,0.000162,0.158208,7,
0.000143,0.000095,0.992353,0.000947,0.000024,0.000053,0.006021,0.000009,0.000345,0.000010,2,
0.024582,0.001763,0.004985,0.597718,0.000788,0.089269,0.000627,0.007596,0.241105,0.031568,9,
0.000042,0.000730,0.000332,0.037826,0.003074,0.000235,0.000022,0.930091,0.000383,0.027264,7,
0.064231,0.000006,0.000084,0.000034,0.000110,0.044438,0.000013,0.000049,0.889955,0.001080,8,
0.024759,0.099490,0.270359,0.221519,0.039682,0.041298,0.106360,0.023632,0.137578,0.035323,2,
0.010237,0.000122,0.214081,0.743665,0.000046,0.008505,0.000238,0.000072,0.022963,0.000073,3,
0.000050,0.000014,0.009671,0.000003,0.000007,0.000007,0.990246,0.000000,0.000002,0.000000,6,
0.001809,0.000110,0.005238,0.988563,0.000018,0.001277,0.000003,0.000666,0.000485,0.001832,3,
0.004453,0.009387,0.011349,0.011363,0.385899,0.035548,0.003095,0.017881,0.016529,0.504498,9,
0.000437,0.003174,0.022628,0.000314,0.165729,0.007606,0.795384,0.000472,0.000826,0.003431,6,
0.000233,0.882639,0.004051,0.011525,0.002685,0.001362,0.000247,0.087084,0.000909,0.009265,1,
0.098602,0.009651,0.592987,0.011777,0.058227,0.009102,0.156334,0.011759,0.038564,0.012997,4,
0.044755,0.003018,0.009252,0.037352,0.000973,0.772265,0.001787,0.001699,0.125494,0.003404,5,
0.001029,0.000001,0.084329,0.000026,0.000005,0.000015,0.914575,0.000000,0.000019,0.000001,6,
0.004282,0.002432,0.006595,0.001494,0.786313,0.011335,0.040237,0.000806,0.006466,0.140040,4,
0.004966,0.152141,0.005626,0.057890,0.032812,0.030963,0.003904,0.530377,0.012315,0.169006,7,
0.001849,0.958854,0.010184,0.005721,0.000405,0.002144,0.000616,0.008456,0.010245,0.001527,1,
0.162991,0.013608,0.041541,0.007577,0.006167,0.262217,0.040951,0.002859,0.451758,0.010331,8,
0.001063,0.000126,0.004661,0.000175,0.004005,0.009072,0.975964,0.000027,0.003408,0.001499,6,
0.998791,0.000000,0.000085,0.000111,0.000000,0.001000,0.000002,0.000000,0.000011,0.000000,0,
