0, 1, 2, 3, 4, 5, 6, 7, 8, 9, True
0.002812,0.006989,0.000160,0.019693,0.125641,0.074724,0.000102,0.460110,0.008666,0.301104,7,
0.036631,0.000070,0.000035,0.407322,0.000000,0.403504,0.000000,0.025839,0.126505,0.000095,3,
0.495010,0.000000,0.016116,0.051609,0.000001,0.115977,0.000238,0.000099,0.320801,0.000148,8,
0.118754,0.000109,0.107956,0.520368,0.000000,0.130530,0.000156,0.000344,0.121763,0.000019,2,
0.166667,0.000011,0.000177,0.004625,0.000001,0.588364,0.000097,0.000229,0.239607,0.000223,5,
0.000048,0.027150,0.000050,0.016629,0.016965,0.001994,0.000002,0.837147,0.000271,0.099745,7,
0.000021,0.000074,0.000001,0.005561,0.002080,0.000616,0.000000,0.914182,0.000139,0.077327,7,
0.000703,0.005069,0.000352,0.001312,0.301591,0.001763,0.000410,0.024040,0.007469,0.657290,9,
0.002981,0.802182,0.002198,0.016744,0.009058,0.061380,0.001792,0.047662,0.014350,0.041653,1,
0.156224,0.000285,0.017479,0.001034,0.027325,0.111268,0.358913,0.000129,0.307692,0.019651,0,
0.004323,0.001154,0.033934,0.000389,0.237676,0.006011,0.702245,0.000082,0.005730,0.008455,6,
0.009890,0.000000,0.000120,0.092996,0.053171,0.050987,0.000004,0.584917,0.007700,0.200214,4,
0.003712,0.073802,0.000694,0.019865,0.248171,0.118782,0.001076,0.276689,0.010571,0.246639,9,
0.004320,0.000000,0.025390,0.000001,0.003381,0.000052,0.966782,0.000000,0.000073,0.000001,6,
0.000050,0.000000,0.997985,0.001395,0.000000,0.000001,0.000556,0.000000,0.000013,0.000000,2,
0.065370,0.001838,0.004636,0.479914,0.000000,0.158494,0.000005,0.003759,0.285866,0.000119,9,
0.000385,0.952897,0.008840,0.014592,0.000656,0.002872,0.000777,0.009292,0.002654,0.007034,1,
0.004090,0.139937,0.006126,0.002583,0.597689,0.031450,0.063054,0.008405,0.014101,0.132565,4,
0.261289,0.000006,0.002151,0.011374,0.000000,0.140675,0.000121,0.000062,0.584209,0.000113,8,
0.413516,0.000001,0.046739,0.058773,0.000193,0.321156,0.006453,0.000495,0.151676,0.000996,0,
0.031508,0.000000,0.919322,0.005575,0.001530,0.000761,0.037958,0.000003,0.003198,0.000145,2,
0.079743,0.000000,0.000028,0.021474,0.000003,0.845833,0.000003,0.003832,0.048762,0.000322,5,
0.002741,0.000413,0.754235,0.236712,0.000000,0.000841,0.000023,0.000003,0.005031,0.000000,2,
0.046298,0.000004,0.000977,0.405611,0.001006,0.202028,0.000010,0.263696,0.044781,0.035588,5,
0.000552,0.000033,0.005073,0.000003,0.131534,0.000125,0.859389,0.000000,0.001358,0.001932,6,
0.053974,0.000000,0.172726,0.011285,0.491926,0.032423,0.220027,0.000434,0.008792,0.008412,3,
0.053936,0.000938,0.024748,0.000146,0.003229,0.011027,0.617683,0.000007,0.281835,0.006450,6,
0.045165,0.000030,0.000012,0.032329,0.000119,0.648455,0.000002,0.128104,0.120765,0.025018,5,
0.004310,0.043343,0.005776,0.001491,0.705632,0.022090,0.079224,0.004064,0.014054,0.120016,9,
0.000411,0.000031,0.004086,0.000003,0.031181,0.000368,0.963416,0.000000,0.000346,0.000158,6,
0.020715,0.000000,0.951217,0.023917,0.000000,0.001075,0.000888,0.000000,0.002188,0.000000,2,
0.422432,0.000000,0.007881,0.008353,0.000002,0.063446,0.000590,0.000028,0.497017,0.000251,0,
0.882740,0.000000,0.003267,0.000747,0.038033,0.033045,0.005912,0.000006,0.034951,0.001300,0,
0.010268,0.002303,0.000151,0.002860,0.058557,0.030487,0.000264,0.039107,0.104561,0.751443,9,
0.024010,0.468217,0.013554,0.140269,0.000016,0.084340,0.000347,0.020586,0.238977,0.009684,9,
0.000612,0.160093,0.020056,0.787073,0.000000,0.004780,0.000005,0.024462,0.002737,0.000181,3,
0.031752,0.001643,0.000262,0.002228,0.299963,0.438118,0.006607,0.015941,0.059950,0.143534,5,
0.950921,0.000000,0.000006,0.000125,0.000000,0.028452,0.000001,0.000000,0.020493,0.000001,0,
0.001672,0.140242,0.045258,0.002809,0.380224,0.016253,0.397054,0.001686,0.002166,0.012636,6,
0.000023,0.000599,0.047260,0.202806,0.141700,0.000029,0.000027,0.412242,0.000077,0.195236,4,
0.016756,0.000000,0.110302,0.000225,0.018770,0.002893,0.846630,0.000001,0.004111,0.000311,6,
0.060474,0.000001,0.000099,0.001895,0.286474,0.082130,0.000378,0.011143,0.113271,0.444136,4,
0.004925,0.000447,0.653333,0.320433,0.000000,0.000790,0.000083,0.000222,0.019707,0.000060,2,
0.017703,0.000006,0.001764,0.000746,0.667594,0.008712,0.009673,0.001234,0.043409,0.249160,4,
0.002069,0.080138,0.001629,0.163039,0.003879,0.038733,0.000053,0.620606,0.008854,0.081000,3,
0.059835,0.003780,0.005749,0.081994,0.000031,0.040599,0.000097,0.015159,0.752412,0.040344,8,
0.001145,0.605736,0.018536,0.141608,0.011227,0.029150,0.001435,0.166275,0.002538,0.022350,1,
0.000770,0.000365,0.085403,0.000015,0.000235,0.000109,0.910986,0.000000,0.002062,0.000055,6,
0.180306,0.000126,0.001778,0.015561,0.000036,0.266643,0.000490,0.001450,0.529136,0.004473,5,
0.001079,0.025626,0.000757,0.000271,0.546525,0.002151,0.008217,0.002840,0.012674,0.399861,9,
0.001647,0.000002,0.005044,0.000001,0.000191,0.000168,0.990647,0.000000,0.002286,0.000013,6,
0.142606,0.000013,0.000025,0.000513,0.000018,0.305405,0.000111,0.000194,0.548785,0.002331,5,
0.000078,0.000004,0.993827,0.003732,0.000004,0.000008,0.002278,0.000002,0.000060,0.000007,2,
0.000001,0.000002,0.000000,0.005098,0.000137,0.000049,0.000000,0.983379,0.000007,0.011326,7,
0.014978,0.000000,0.050182,0.000023,0.020547,0.000818,0.912935,0.000000,0.000499,0.000017,6,
0.023190,0.000003,0.498017,0.456354,0.000000,0.013845,0.000354,0.000170,0.008054,0.000012,2,
0.075134,0.187305,0.015675,0.017114,0.000484,0.234087,0.016319,0.003075,0.435136,0.015671,8,
0.000415,0.071423,0.000509,0.243158,0.000094,0.011895,0.000002,0.658197,0.002090,0.012217,7,
0.659675,0.000000,0.008254,0.084105,0.000000,0.191452,0.000019,0.000008,0.056486,0.000001,0,
0.019443,0.007316,0.004170,0.001933,0.596172,0.143759,0.122860,0.003473,0.030893,0.069981,4,
0.000344,0.000001,0.702228,0.001153,0.096501,0.000073,0.199069,0.000013,0.000091,0.000527,2,
0.007119,0.000152,0.006145,0.165363,0.253208,0.058572,0.000524,0.353289,0.005768,0.149859,4,
0.015674,0.000004,0.244877,0.010234,0.394158,0.017257,0.308469,0.000475,0.003361,0.005490,1,
0.004807,0.005115,0.416035,0.554148,0.000000,0.002383,0.000012,0.000028,0.017472,0.000000,2,
0.001118,0.966086,0.008809,0.004899,0.000046,0.004408,0.001765,0.000834,0.010375,0.001661,1,
0.000008,0.000000,0.999563,0.000373,0.000000,0.000000,0.000055,0.000000,0.000001,0.000000,2,
0.276504,0.000002,0.009538,0.004907,0.000031,0.046687,0.002503,0.000070,0.657627,0.002129,8,
0.170133,0.000020,0.000281,0.009718,0.000008,0.493893,0.000097,0.001025,0.323569,0.001256,5,
0.000009,0.000049,0.000001,0.009492,0.001281,0.000260,0.000000,0.952528,0.000043,0.036337,7,
0.007764,0.377989,0.020442,0.119989,0.034286,0.077389,0.003902,0.184794,0.029070,0.144375,1,
0.000033,0.000033,0.002033,0.000000,0.002884,0.000002,0.994743,0.000000,0.000208,0.000064,6,
0.154015,0.000000,0.001397,0.192744,0.040253,0.314355,0.000075,0.134874,0.058075,0.104212,5,
0.109857,0.000130,0.004767,0.002803,0.000772,0.027038,0.003736,0.000445,0.810632,0.039820,0,
0.471681,0.000000,0.000001,0.000008,0.000000,0.088047,0.000015,0.000000,0.440222,0.000025,8,
0.950572,0.000000,0.000014,0.000143,0.005950,0.011259,0.000008,0.000004,0.030703,0.001348,0,
0.145700,0.001521,0.010239,0.065764,0.000001,0.178720,0.000321,0.001119,0.595706,0.000909,8,
0.009673,0.000000,0.000013,0.058761,0.019952,0.043508,0.000000,0.669374,0.007450,0.191269,7,
0.000145,0.000000,0.997446,0.001257,0.000000,0.000013,0.001118,0.000000,0.000021,0.000000,2,
0.003739,0.090573,0.101702,0.769862,0.000000,0.004563,0.000006,0.000557,0.028991,0.000007,2,
0.000115,0.000000,0.001697,0.000000,0.000116,0.000005,0.998023,0.000000,0.000044,0.000000,6,
0.240937,0.000000,0.128576,0.273061,0.000000,0.320631,0.000737,0.000061,0.035993,0.000003,5,
0.040297,0.000049,0.003774,0.017454,0.493421,0.111403,0.004991,0.030638,0.048337,0.249636,8,
0.792374,0.000000,0.078662,0.000177,0.000021,0.010373,0.106540,0.000000,0.011852,0.000001,6,
0.000623,0.001438,0.008160,0.983728,0.000000,0.000739,0.000000,0.000817,0.004493,0.000002,3,
0.898091,0.000000,0.000276,0.000110,0.000000,0.088665,0.000187,0.000000,0.012671,0.000000,0,
0.007433,0.002286,0.494694,0.472899,0.000000,0.004512,0.000118,0.000231,0.017812,0.000014,3,
0.001015,0.010790,0.182893,0.079546,0.581796,0.004190,0.017991,0.049425,0.001230,0.071124,9,
0.000603,0.000754,0.000015,0.008020,0.040357,0.009834,0.000003,0.535084,0.003562,0.401768,9,
0.001320,0.960259,0.002173,0.003481,0.000382,0.011114,0.001526,0.002730,0.011176,0.005837,1,
0.001306,0.000000,0.007389,0.000000,0.000784,0.000031,0.990471,0.000000,0.000018,0.000000,6,
0.177101,0.000009,0.002586,0.013008,0.025671,0.112181,0.001694,0.008477,0.445903,0.213372,8,
0.045678,0.000524,0.083475,0.000499,0.000000,0.000973,0.010195,0.000000,0.858522,0.000133,8,
0.085078,0.000332,0.001411,0.004071,0.000005,0.035435,0.000258,0.000281,0.869055,0.004073,8,
0.040640,0.003256,0.180027,0.028641,0.000013,0.002658,0.002058,0.000408,0.729512,0.012788,0,
0.087886,0.000003,0.003600,0.047120,0.210423,0.547750,0.003462,0.031973,0.025511,0.042272,5,
0.000409,0.961525,0.002397,0.008938,0.000719,0.006366,0.000528,0.010795,0.002425,0.005898,1,
0.886414,0.000000,0.011360,0.000254,0.000000,0.045727,0.002065,0.000000,0.054180,0.000000,0,
0.181031,0.000000,0.089335,0.013971,0.572558,0.039505,0.061395,0.000493,0.023737,0.017976,4,
0.024463,0.000075,0.002112,0.329335,0.004412,0.340074,0.000090,0.261099,0.016037,0.022304,7,
0.014185,0.000007,0.000131,0.071334,0.053555,0.280797,0.000024,0.477436,0.009328,0.093201,7,
0.001666,0.000008,0.000210,0.069945,0.039346,0.008267,0.000004,0.628051,0.003218,0.249285,3,
0.006229,0.076468,0.002844,0.013112,0.080293,0.019909,0.001661,0.070549,0.063341,0.665594,9,
0.004443,0.201319,0.014711,0.037724,0.311039,0.043455,0.010249,0.114978,0.014315,0.247768,4,
0.000800,0.004654,0.000116,0.032294,0.046393,0.031041,0.000019,0.749623,0.002037,0.133023,9,
0.003577,0.094123,0.001143,0.003484,0.489171,0.040112,0.006877,0.036090,0.016776,0.308648,9,
0.140903,0.000001,0.318244,0.241246,0.110157,0.083133,0.021282,0.010431,0.039988,0.034615,3,
0.015198,0.037245,0.116360,0.004617,0.006973,0.081975,0.722302,0.000228,0.013821,0.001280,6,
0.003734,0.064735,0.004406,0.000244,0.489658,0.018971,0.369679,0.000431,0.011734,0.036408,6,
0.229999,0.000001,0.000612,0.000081,0.000000,0.033522,0.000422,0.000000,0.735363,0.000000,5,
0.001401,0.964055,0.003958,0.002872,0.000223,0.011523,0.003546,0.001066,0.009084,0.002272,1,
0.049640,0.000000,0.005456,0.040993,0.488712,0.014606,0.000362,0.025665,0.030034,0.344531,9,
0.949545,0.000000,0.001891,0.000660,0.000000,0.035372,0.000013,0.000000,0.012520,0.000000,0,
0.000125,0.000188,0.000003,0.016674,0.000866,0.003662,0.000000,0.920277,0.000681,0.057524,7,
0.001208,0.943503,0.019860,0.009656,0.000052,0.002252,0.001315,0.001463,0.016585,0.004106,1,
0.448173,0.000000,0.028465,0.009270,0.000000,0.057821,0.000972,0.000003,0.455284,0.000012,5,
0.000559,0.974197,0.003001,0.004318,0.000428,0.006162,0.001299,0.003027,0.003551,0.003457,1,
0.009703,0.003590,0.594527,0.227651,0.000000,0.000363,0.000000,0.000000,0.164166,0.000000,2,
0.001503,0.002405,0.252604,0.006096,0.207578,0.007506,0.519074,0.000540,0.000578,0.002115,6,
0.001889,0.519724,0.019914,0.119432,0.047945,0.055200,0.003946,0.189653,0.003372,0.038925,3,
0.003367,0.023262,0.000434,0.005052,0.349099,0.036305,0.001133,0.086162,0.017123,0.478062,9,
0.175208,0.000000,0.071663,0.001202,0.532226,0.008245,0.176587,0.000020,0.025652,0.009196,6,
0.300062,0.000000,0.094101,0.001475,0.011631,0.075991,0.501844,0.000003,0.014737,0.000155,0,
0.003334,0.890001,0.024884,0.001315,0.000241,0.004529,0.033191,0.000148,0.038796,0.003561,1,
0.006024,0.000003,0.000002,0.000162,0.011816,0.004263,0.000004,0.006560,0.116618,0.854548,9,
0.003270,0.793308,0.051008,0.011600,0.008154,0.005040,0.016060,0.005680,0.035967,0.069912,1,
0.000148,0.000205,0.000014,0.000580,0.064843,0.000256,0.000004,0.040948,0.002917,0.890085,9,
0.005316,0.107653,0.001329,0.152980,0.000683,0.033532,0.000024,0.465878,0.062670,0.169934,7,
0.004750,0.001733,0.003413,0.004096,0.632389,0.012340,0.006913,0.014858,0.015543,0.303965,4,
0.092395,0.000000,0.545576,0.016170,0.131865,0.014345,0.182810,0.000137,0.012409,0.004293,6,
0.073486,0.018364,0.032091,0.179930,0.000000,0.061186,0.000174,0.002286,0.631236,0.001247,8,
0.000084,0.030950,0.000015,0.007254,0.015908,0.002773,0.000002,0.718933,0.000851,0.223232,7,
0.001379,0.008919,0.000056,0.001708,0.176654,0.011531,0.000122,0.079584,0.013364,0.706683,9,
0.001849,0.000996,0.008155,0.002250,0.704007,0.001876,0.009984,0.004933,0.007574,0.258376,4,
0.001544,0.000000,0.009323,0.988051,0.000000,0.000465,0.000000,0.000001,0.000618,0.000000,3,
0.000492,0.001168,0.002078,0.987665,0.000000,0.000670,0.000000,0.002609,0.005314,0.000004,3,
0.254727,0.000000,0.019643,0.006789,0.418330,0.173202,0.071141,0.000556,0.040243,0.015371,4,
0.004840,0.000001,0.007716,0.770942,0.000780,0.004869,0.000004,0.180147,0.005199,0.025503,2,
0.000129,0.000025,0.000015,0.000148,0.076669,0.000064,0.000005,0.007079,0.003231,0.912635,9,
0.163072,0.000000,0.028631,0.000390,0.187550,0.034324,0.570202,0.000005,0.014631,0.001194,4,
0.000779,0.487455,0.000808,0.045838,0.004806,0.016049,0.000062,0.343506,0.005987,0.094709,7,
0.304044,0.000042,0.010081,0.009005,0.000000,0.368399,0.001991,0.000011,0.306417,0.000011,5,
0.000015,0.000000,0.001755,0.000000,0.000200,0.000001,0.998028,0.000000,0.000001,0.000000,6,
0.122395,0.002498,0.108686,0.004205,0.000001,0.022334,0.021467,0.000008,0.718235,0.000171,8,
0.006732,0.000000,0.082757,0.000144,0.040844,0.002031,0.866936,0.000001,0.000487,0.000070,6,
0.000815,0.000050,0.003481,0.000004,0.074528,0.000515,0.918707,0.000001,0.001145,0.000754,6,
0.007497,0.026549,0.444369,0.003099,0.012116,0.002588,0.453888,0.000155,0.035420,0.014320,6,
0.000530,0.000216,0.000058,0.023707,0.013290,0.003061,0.000001,0.584722,0.003514,0.370900,7,
0.045173,0.102569,0.012884,0.016804,0.028422,0.094065,0.016068,0.018657,0.361745,0.303613,9,
0.003154,0.000000,0.000000,0.015137,0.002497,0.028520,0.000000,0.816952,0.004408,0.129332,7,
0.136846,0.000080,0.001313,0.083121,0.000431,0.438603,0.000134,0.032686,0.280046,0.026738,5,
0.000104,0.000000,0.000547,0.000000,0.001400,0.000013,0.997808,0.000000,0.000120,0.000006,6,
0.031843,0.000472,0.004879,0.617118,0.000000,0.299732,0.000015,0.012610,0.033175,0.000154,5,
0.038683,0.018595,0.041368,0.447009,0.000001,0.027616,0.000065,0.011686,0.410258,0.004719,8,
0.137899,0.000011,0.000202,0.006371,0.008573,0.212287,0.000238,0.012738,0.448782,0.172899,8,
0.001515,0.037242,0.000106,0.019604,0.013964,0.022508,0.000018,0.505472,0.014607,0.384964,7,
0.093743,0.025581,0.019035,0.006924,0.046399,0.173730,0.104192,0.003599,0.402358,0.124438,0,
0.002715,0.018334,0.005341,0.002871,0.691318,0.009739,0.018464,0.010443,0.010834,0.229943,4,
0.011188,0.000000,0.000000,0.002279,0.009240,0.038362,0.000000,0.268118,0.032198,0.638616,8,
0.009713,0.020839,0.011453,0.160740,0.024625,0.032643,0.000543,0.299585,0.051410,0.388450,3,
0.005957,0.480654,0.019405,0.246886,0.000819,0.120101,0.001092,0.100677,0.014402,0.010006,3,
0.021377,0.000000,0.422330,0.002366,0.297001,0.001495,0.250677,0.000017,0.002496,0.002240,4,
0.010080,0.000001,0.000952,0.028578,0.281822,0.012939,0.000089,0.108525,0.016379,0.540634,9,
0.079550,0.000559,0.017539,0.015531,0.000038,0.014369,0.000954,0.000757,0.853898,0.016806,0,
0.014071,0.002723,0.645191,0.302867,0.000000,0.014325,0.001110,0.000239,0.019448,0.000026,3,
0.008884,0.000000,0.000097,0.063176,0.064779,0.027568,0.000003,0.489229,0.009553,0.336711,7,
0.000757,0.000001,0.019036,0.978694,0.000000,0.000592,0.000000,0.000255,0.000665,0.000000,3,
0.075767,0.000000,0.154320,0.000145,0.000059,0.008665,0.759000,0.000000,0.002043,0.000001,6,
0.009301,0.004183,0.122355,0.824642,0.000000,0.025968,0.000021,0.000222,0.013307,0.000001,3,
0.550450,0.000000,0.001072,0.017103,0.000000,0.288718,0.000016,0.000009,0.142630,0.000002,0,
0.025684,0.124478,0.019539,0.075772,0.118968,0.266682,0.016907,0.112142,0.061896,0.177933,1,
0.000528,0.000111,0.002869,0.000004,0.035391,0.000762,0.959603,0.000000,0.000507,0.000224,6,
0.003310,0.122256,0.002530,0.008366,0.492770,0.045992,0.007733,0.061521,0.011528,0.243994,4,
0.026234,0.000002,0.122685,0.004271,0.246741,0.039887,0.554057,0.000152,0.003897,0.002074,2,
0.063191,0.000039,0.526870,0.137569,0.000000,0.002929,0.000038,0.000002,0.269361,0.000000,8,
0.008525,0.038286,0.002317,0.004847,0.584246,0.096609,0.019454,0.025309,0.023146,0.197261,9,
0.000480,0.024610,0.003760,0.001248,0.578577,0.000790,0.005332,0.007476,0.004408,0.373319,4,
0.055255,0.000003,0.000787,0.033869,0.290875,0.211491,0.000431,0.098211,0.044181,0.264897,9,
0.001345,0.000667,0.000640,0.002056,0.357230,0.002164,0.000506,0.020650,0.009408,0.605335,4,
0.001379,0.194285,0.623777,0.011594,0.002768,0.002474,0.158184,0.000412,0.003222,0.001905,2,
0.163113,0.000002,0.000791,0.091050,0.000295,0.588519,0.000061,0.020982,0.126830,0.008357,5,
0.034221,0.000863,0.063858,0.037511,0.498496,0.062225,0.048950,0.019311,0.047196,0.187368,3,
0.924261,0.000000,0.000048,0.000014,0.000091,0.062888,0.000986,0.000000,0.011708,0.000003,0,
0.087286,0.073368,0.051216,0.008787,0.005548,0.285558,0.265026,0.001015,0.210923,0.011273,8,
0.178519,0.000354,0.003346,0.006661,0.001989,0.257937,0.006647,0.001667,0.517447,0.025433,5,
0.005846,0.331782,0.004118,0.179294,0.001020,0.054941,0.000133,0.296455,0.043890,0.082520,1,
0.003529,0.011544,0.000490,0.000835,0.497686,0.014172,0.004808,0.009868,0.024522,0.432544,9,
0.002908,0.455942,0.003731,0.014765,0.086322,0.022343,0.002779,0.080441,0.022275,0.308495,9,
0.003175,0.028041,0.012152,0.890229,0.000000,0.032947,0.000008,0.025343,0.007921,0.000182,3,
0.001382,0.915493,0.029842,0.031352,0.000009,0.003529,0.000549,0.002243,0.014106,0.001496,1,
0.000304,0.000006,0.873691,0.000107,0.000002,0.000016,0.125591,0.000000,0.000281,0.000001,2,
0.007698,0.022375,0.127957,0.003248,0.174307,0.013214,0.610479,0.000682,0.015611,0.024430,6,
0.077530,0.000002,0.409506,0.020981,0.148505,0.034804,0.273773,0.000535,0.023752,0.010612,2,
0.000306,0.017221,0.000293,0.018896,0.100502,0.004341,0.000033,0.501681,0.001761,0.354967,9,
0.231772,0.000000,0.006121,0.034613,0.326668,0.291771,0.004094,0.009220,0.045435,0.050306,5,
0.986560,0.000000,0.003173,0.000019,0.000000,0.003535,0.000829,0.000000,0.005885,0.000000,0,
0.005546,0.000003,0.000006,0.021702,0.019095,0.127078,0.000001,0.671842,0.007731,0.146997,7,
0.038128,0.393262,0.085809,0.037582,0.000488,0.046160,0.016881,0.004087,0.349547,0.028056,1,
0.070349,0.002274,0.473573,0.200273,0.000000,0.020391,0.000173,0.000006,0.232961,0.000001,2,
0.768217,0.000000,0.002303,0.002622,0.114200,0.052442,0.002001,0.000085,0.049918,0.008212,0,
0.121483,0.000125,0.008868,0.082726,0.000000,0.041456,0.000027,0.000406,0.744616,0.000293,8,
0.006924,0.000164,0.001026,0.116984,0.114445,0.128557,0.000140,0.516639,0.005677,0.109443,7,
0.508828,0.000000,0.000372,0.014273,0.000000,0.336899,0.000012,0.000043,0.139553,0.000020,5,
0.063251,0.000036,0.000492,0.004271,0.345285,0.338101,0.004206,0.014302,0.072943,0.157111,4,
0.002625,0.026043,0.008728,0.000674,0.719201,0.007133,0.136494,0.001230,0.009641,0.088232,4,
0.000004,0.000001,0.000000,0.005737,0.000516,0.000068,0.000000,0.951666,0.000027,0.041981,7,
0.000350,0.000016,0.003256,0.000001,0.009662,0.000228,0.986119,0.000000,0.000306,0.000060,6,
0.001426,0.862360,0.008363,0.034298,0.003140,0.015497,0.001214,0.040169,0.007840,0.025692,1,
0.000159,0.000016,0.976787,0.022373,0.000000,0.000073,0.000525,0.000002,0.000065,0.000000,2,
0.058503,0.000001,0.080947,0.546530,0.061251,0.051755,0.001168,0.081876,0.029210,0.088758,7,
0.004834,0.000033,0.052297,0.910680,0.000014,0.009387,0.000029,0.017986,0.004018,0.000723,3,
0.145558,0.004987,0.012940,0.038265,0.000164,0.406156,0.004803,0.003135,0.377869,0.006121,8,
0.006094,0.033009,0.095544,0.815732,0.000000,0.030797,0.000109,0.006514,0.012074,0.000126,3,
0.003369,0.899658,0.036249,0.004318,0.000082,0.005115,0.012054,0.000341,0.036097,0.002720,1,
0.000329,0.012467,0.000235,0.017299,0.096583,0.004469,0.000027,0.492115,0.001926,0.374550,7,
0.394388,0.000000,0.007098,0.003689,0.000373,0.049864,0.003469,0.000088,0.535529,0.005501,0,
0.004561,0.622754,0.265044,0.063457,0.000016,0.006343,0.005158,0.001245,0.030081,0.001342,7,
0.407657,0.000000,0.018962,0.123101,0.000000,0.057505,0.000027,0.000069,0.392643,0.000036,0,
0.000378,0.000000,0.000221,0.994467,0.000000,0.000239,0.000000,0.004131,0.000559,0.000005,3,
0.023674,0.000285,0.000200,0.012812,0.205243,0.344857,0.000489,0.126454,0.037649,0.248337,5,
0.000358,0.891251,0.011797,0.064159,0.000049,0.001888,0.000087,0.021976,0.003482,0.004954,1,
0.002254,0.000047,0.011272,0.000020,0.062687,0.001121,0.918428,0.000002,0.002865,0.001303,6,
0.006038,0.003576,0.011711,0.000019,0.000299,0.003947,0.955700,0.000000,0.018558,0.000152,6,
0.006771,0.000000,0.990325,0.000979,0.000000,0.000048,0.001546,0.000000,0.000332,0.000000,2,
0.184616,0.000000,0.000345,0.036172,0.000020,0.673390,0.000035,0.002887,0.101639,0.000894,5,
0.120225,0.001000,0.005561,0.013549,0.000003,0.077470,0.000600,0.000409,0.779181,0.002003,8,
0.019351,0.002014,0.000758,0.415868,0.000013,0.372951,0.000008,0.149188,0.036680,0.003169,3,
0.004035,0.000875,0.007052,0.958294,0.000000,0.004869,0.000000,0.000626,0.024246,0.000002,3,
0.000290,0.000129,0.932796,0.066049,0.000000,0.000280,0.000316,0.000006,0.000133,0.000000,1,
0.011452,0.127579,0.034402,0.031513,0.340038,0.056599,0.037153,0.048576,0.037915,0.274773,5,
0.200177,0.000024,0.005473,0.028837,0.000000,0.081741,0.000106,0.000187,0.683147,0.000307,8,
0.004961,0.000114,0.000150,0.051985,0.039828,0.060708,0.000015,0.598089,0.010189,0.233960,7,
0.006191,0.000001,0.526728,0.462354,0.000000,0.001647,0.000085,0.000225,0.002748,0.000021,2,
0.000005,0.000000,0.996580,0.003402,0.000000,0.000000,0.000010,0.000000,0.000003,0.000000,2,
0.782731,0.000000,0.000075,0.012344,0.000000,0.150138,0.000000,0.000013,0.054695,0.000004,0,
0.000791,0.000000,0.983405,0.000016,0.000000,0.000003,0.015766,0.000000,0.000019,0.000000,2,
0.043623,0.000000,0.000080,0.216643,0.003906,0.135150,0.000001,0.483788,0.026940,0.089867,4,
0.107244,0.000248,0.001403,0.000115,0.004152,0.036116,0.056685,0.000032,0.768641,0.025364,6,
0.001535,0.957716,0.008237,0.006201,0.000114,0.008457,0.002427,0.001458,0.011409,0.002447,1,
0.001615,0.000215,0.000014,0.031240,0.002573,0.028770,0.000001,0.791177,0.007204,0.137190,7,
0.000497,0.000107,0.008912,0.000017,0.029193,0.001129,0.959772,0.000001,0.000251,0.000119,6,
0.002361,0.002808,0.000233,0.002563,0.043902,0.003568,0.000109,0.034609,0.039281,0.870566,9,
0.000103,0.000140,0.006340,0.000000,0.019988,0.000008,0.972089,0.000000,0.000666,0.000665,6,
0.032299,0.000085,0.003980,0.000464,0.637714,0.049211,0.181224,0.000360,0.043026,0.051637,5,
0.003809,0.000675,0.001719,0.000503,0.661080,0.003919,0.012585,0.001856,0.020253,0.293600,4,
0.000074,0.003305,0.000013,0.001736,0.043378,0.000453,0.000002,0.206342,0.001446,0.743251,9,
0.087604,0.001221,0.005487,0.019989,0.000623,0.797701,0.008029,0.002318,0.074931,0.002098,5,
0.195345,0.003247,0.023150,0.011787,0.000003,0.305355,0.011671,0.000098,0.449071,0.000273,8,
0.017413,0.000027,0.128106,0.000299,0.000772,0.005430,0.834535,0.000001,0.013260,0.000157,6,
0.000010,0.000300,0.000002,0.012135,0.000578,0.000250,0.000000,0.944147,0.000085,0.042492,7,
0.003281,0.919275,0.015708,0.008537,0.000421,0.013914,0.006478,0.002186,0.023846,0.006354,1,
0.024684,0.268911,0.049966,0.366992,0.000032,0.187244,0.001214,0.023686,0.074306,0.002965,3,
0.002371,0.837530,0.038877,0.073639,0.000080,0.007288,0.000763,0.011476,0.020742,0.007233,1,
0.006385,0.604628,0.031916,0.000871,0.006561,0.012333,0.284358,0.000189,0.042684,0.010075,8,
0.509486,0.000000,0.005395,0.004362,0.000000,0.096348,0.000618,0.000005,0.383758,0.000029,0,
0.120751,0.000104,0.003839,0.030184,0.000051,0.760718,0.001540,0.001331,0.080897,0.000586,5,
0.001173,0.001243,0.080224,0.080058,0.587971,0.002556,0.003891,0.076037,0.001824,0.165023,4,
0.000964,0.966026,0.009534,0.005970,0.000046,0.003532,0.001340,0.001075,0.009554,0.001958,1,
0.000593,0.000020,0.000001,0.003847,0.013410,0.008224,0.000000,0.562368,0.003784,0.407752,4,
0.106940,0.000029,0.001751,0.000174,0.000000,0.012173,0.002390,0.000001,0.876364,0.000177,8,
0.071794,0.165358,0.032187,0.009730,0.013632,0.183800,0.124235,0.003145,0.339518,0.056601,6,
0.000554,0.039296,0.000090,0.005299,0.125265,0.008719,0.000056,0.267053,0.004894,0.548772,9,
0.000521,0.003971,0.021556,0.967547,0.000000,0.002061,0.000001,0.003001,0.001335,0.000007,3,
0.002966,0.008880,0.000065,0.001597,0.008303,0.005013,0.000037,0.031193,0.095768,0.846179,7,
0.001194,0.946854,0.018664,0.003950,0.000057,0.001490,0.002443,0.000556,0.020692,0.004100,1,
0.004810,0.754245,0.026333,0.014383,0.042606,0.031861,0.032894,0.013680,0.020808,0.058382,9,
0.178544,0.000017,0.006474,0.067889,0.000003,0.648458,0.000486,0.000708,0.097276,0.000144,8,
0.395613,0.000000,0.064969,0.186289,0.000000,0.024981,0.000035,0.000044,0.328040,0.000029,2,
0.138840,0.000007,0.001495,0.017029,0.000024,0.037748,0.000062,0.001650,0.788563,0.014582,8,
0.012673,0.000458,0.010733,0.000523,0.196412,0.072115,0.697602,0.000123,0.006259,0.003104,5,
0.000067,0.000880,0.000004,0.010879,0.004372,0.004236,0.000000,0.926488,0.000267,0.052807,7,
0.001116,0.090288,0.000098,0.014015,0.063666,0.049337,0.000068,0.527293,0.005627,0.248494,7,
0.000167,0.000016,0.000018,0.037016,0.006823,0.003493,0.000000,0.897371,0.000317,0.054777,7,
0.000015,0.000215,0.000002,0.010104,0.001801,0.000689,0.000000,0.952096,0.000068,0.035011,7,
0.099506,0.039254,0.076351,0.167231,0.000724,0.255982,0.008926,0.016213,0.313805,0.022007,0,
0.290975,0.000000,0.007209,0.001213,0.414487,0.093265,0.084308,0.000139,0.085133,0.023271,4,
0.251826,0.000000,0.000481,0.010522,0.000014,0.705932,0.000148,0.000147,0.030868,0.000062,5,
0.060274,0.058405,0.002196,0.001715,0.076867,0.393009,0.086806,0.003026,0.230475,0.087228,5,
0.003267,0.000286,0.003600,0.022616,0.436865,0.008216,0.000702,0.089449,0.008329,0.426671,7,
0.205341,0.000003,0.007120,0.000379,0.000011,0.015870,0.011040,0.000003,0.759597,0.000636,0,
0.004346,0.000044,0.000577,0.111418,0.081524,0.058596,0.000037,0.612092,0.004082,0.127284,7,
0.065549,0.000495,0.001259,0.019463,0.090645,0.563594,0.003088,0.043931,0.090088,0.121888,5,
0.002063,0.000013,0.102696,0.152707,0.507520,0.001743,0.001311,0.071920,0.001856,0.158171,2,
0.080389,0.000779,0.000375,0.002487,0.002681,0.767005,0.004232,0.001914,0.131439,0.008699,5,
0.000346,0.977701,0.004930,0.002730,0.000516,0.001632,0.001543,0.001713,0.003509,0.005379,1,
0.404878,0.000003,0.010354,0.004215,0.000026,0.205221,0.009676,0.000033,0.365198,0.000396,0,
0.160787,0.006509,0.042867,0.021178,0.000025,0.154633,0.012260,0.000401,0.599259,0.002082,8,
0.002440,0.000182,0.000187,0.000821,0.304208,0.003427,0.000377,0.011187,0.018488,0.658684,9,
0.007400,0.754195,0.005961,0.008315,0.014036,0.137196,0.023621,0.009095,0.022051,0.018130,1,
0.027827,0.263479,0.119288,0.319147,0.000487,0.103477,0.004477,0.035695,0.107535,0.018589,1,
0.496906,0.000000,0.033684,0.013542,0.004869,0.368879,0.037572,0.000116,0.043752,0.000680,6,
0.001613,0.005192,0.003322,0.000029,0.134919,0.005782,0.843863,0.000014,0.002707,0.002560,6,
0.087884,0.000011,0.005057,0.006774,0.496318,0.260974,0.032941,0.004408,0.047259,0.058374,4,
0.044370,0.000020,0.000241,0.000150,0.000000,0.003592,0.000047,0.000001,0.951487,0.000092,8,
0.400864,0.000000,0.029513,0.085506,0.000048,0.427365,0.001908,0.000316,0.054310,0.000169,8,
0.000054,0.001175,0.000001,0.002016,0.006570,0.001587,0.000000,0.703670,0.000751,0.284176,9,
0.001465,0.000040,0.001322,0.002172,0.403340,0.000832,0.000467,0.010528,0.008120,0.571713,9,
0.001606,0.000000,0.994749,0.001637,0.000000,0.000012,0.000830,0.000000,0.001166,0.000000,2,
0.038246,0.000265,0.010882,0.002883,0.515012,0.170518,0.209826,0.001454,0.024651,0.026262,4,
0.007082,0.000014,0.000318,0.880851,0.000000,0.025405,0.000000,0.065692,0.020166,0.000472,3,
0.114227,0.001826,0.186786,0.007954,0.002105,0.109990,0.424676,0.000153,0.149398,0.002885,6,
0.004345,0.000016,0.195408,0.084995,0.610038,0.004036,0.010014,0.019135,0.002577,0.069437,6,
0.000631,0.859962,0.034337,0.066346,0.000117,0.001431,0.000270,0.017085,0.007937,0.011885,1,
0.003968,0.111630,0.004418,0.416224,0.000254,0.056494,0.000043,0.367826,0.016803,0.022341,7,
0.000137,0.002308,0.000007,0.008329,0.014222,0.004681,0.000001,0.793365,0.000859,0.176090,7,
0.000021,0.000033,0.007306,0.992506,0.000000,0.000042,0.000000,0.000054,0.000037,0.000000,3,
0.001531,0.051217,0.000935,0.004224,0.404664,0.011593,0.001720,0.057943,0.009700,0.456473,4,
0.000132,0.001837,0.003004,0.013509,0.251409,0.000192,0.000082,0.114855,0.001044,0.613936,4,
0.487408,0.000000,0.000592,0.001562,0.050104,0.419636,0.004427,0.000131,0.033640,0.002500,4,
0.000869,0.072976,0.000148,0.003236,0.074446,0.006060,0.000115,0.108270,0.013449,0.720432,9,
0.035509,0.000000,0.044862,0.000037,0.006476,0.001745,0.898204,0.000000,0.012934,0.000234,6,
0.040423,0.000001,0.858625,0.046913,0.000189,0.003263,0.010810,0.000125,0.038306,0.001346,2,
0.008983,0.055772,0.001916,0.006705,0.257003,0.050906,0.005486,0.045110,0.054718,0.513402,9,
0.917192,0.000000,0.000047,0.000438,0.000030,0.051128,0.000015,0.000002,0.031107,0.000041,0,
0.000078,0.000526,0.000009,0.014432,0.007354,0.002688,0.000000,0.892825,0.000320,0.081767,7,
0.814968,0.000000,0.000175,0.001857,0.000537,0.136189,0.000082,0.000030,0.045760,0.000403,0,
0.040548,0.000000,0.048489,0.902177,0.000000,0.000942,0.000000,0.000001,0.007843,0.000000,3,
0.851030,0.000000,0.000075,0.000175,0.000443,0.123464,0.000316,0.000001,0.024434,0.000062,0,
0.979547,0.000000,0.000021,0.000002,0.000000,0.014335,0.000179,0.000000,0.005915,0.000000,0,
0.052761,0.000412,0.000876,0.201449,0.000000,0.677084,0.000006,0.002376,0.065013,0.000023,5,
0.117680,0.029813,0.023312,0.016108,0.004203,0.425660,0.061146,0.002948,0.300014,0.019116,8,
0.007269,0.770908,0.066370,0.006638,0.000002,0.003796,0.004623,0.000103,0.139437,0.000855,1,
0.051282,0.229829,0.018444,0.017416,0.022273,0.171867,0.037325,0.013128,0.298376,0.140059,8,
0.426519,0.000000,0.319751,0.014041,0.000047,0.049079,0.047754,0.000011,0.142629,0.000168,0,
0.029755,0.000007,0.232781,0.257999,0.304341,0.026966,0.009869,0.036480,0.014069,0.087734,4,
0.009632,0.801001,0.029796,0.013975,0.001347,0.026704,0.014687,0.003895,0.077337,0.021626,1,
0.576602,0.000000,0.242320,0.010962,0.000085,0.082832,0.054516,0.000003,0.032652,0.000027,6,
0.678588,0.000000,0.000189,0.000503,0.000000,0.304040,0.000067,0.000000,0.016613,0.000000,0,
0.001424,0.005376,0.005689,0.005545,0.596291,0.003276,0.004029,0.022507,0.006390,0.349473,4,
0.003818,0.000001,0.003528,0.000003,0.002677,0.001934,0.986273,0.000000,0.001732,0.000034,6,
0.000867,0.000000,0.000010,0.042444,0.008854,0.008137,0.000000,0.839263,0.001149,0.099275,7,
0.000923,0.001313,0.000301,0.001469,0.281742,0.001869,0.000275,0.024349,0.008517,0.679243,9,
0.018120,0.000402,0.006915,0.004167,0.724517,0.048775,0.036748,0.005596,0.026680,0.128081,4,
0.070234,0.002166,0.001570,0.007518,0.000082,0.832655,0.003761,0.000810,0.080516,0.000687,5,
0.692792,0.000000,0.234195,0.014996,0.000058,0.012859,0.005445,0.000003,0.039596,0.000055,2,
0.238036,0.000129,0.028225,0.013803,0.000006,0.100033,0.004794,0.000105,0.614109,0.000759,5,
0.043170,0.000002,0.108607,0.007115,0.326047,0.073023,0.431224,0.000337,0.006686,0.003789,4,
0.076929,0.000000,0.060737,0.045714,0.635913,0.081696,0.028496,0.006720,0.019099,0.044696,4,
0.945639,0.000000,0.000068,0.000099,0.009375,0.019139,0.000166,0.000001,0.024967,0.000546,0,
0.151166,0.000014,0.023339,0.367435,0.000061,0.068816,0.000112,0.015715,0.357435,0.015906,3,
0.154336,0.000000,0.001959,0.013468,0.000746,0.804671,0.002126,0.000595,0.021678,0.000422,8,
0.000167,0.000000,0.000001,0.016146,0.001461,0.003471,0.000000,0.937321,0.000297,0.041137,7,
0.000066,0.962755,0.003722,0.013370,0.000512,0.001038,0.000167,0.014638,0.000369,0.003363,1,
0.108299,0.005879,0.018014,0.139109,0.000295,0.182609,0.001075,0.021877,0.488440,0.034402,8,
0.000920,0.008656,0.000401,0.012217,0.195403,0.008191,0.000120,0.249375,0.005111,0.519605,9,
0.002387,0.008140,0.001060,0.003409,0.329195,0.007232,0.001417,0.032459,0.017286,0.597415,9,
0.000018,0.000903,0.000005,0.012117,0.003234,0.000848,0.000000,0.938518,0.000089,0.044267,7,
0.693267,0.000000,0.013741,0.009478,0.000001,0.244137,0.001768,0.000003,0.037601,0.000004,0,
0.957297,0.000000,0.000015,0.000111,0.000000,0.032476,0.000000,0.000000,0.010100,0.000000,0,
0.000042,0.000000,0.999010,0.000232,0.000000,0.000001,0.000710,0.000000,0.000005,0.000000,2,
0.001533,0.944584,0.013558,0.016637,0.000008,0.005399,0.000579,0.001520,0.015052,0.001131,1,
0.000793,0.001544,0.000003,0.004778,0.024513,0.029636,0.000002,0.615724,0.004882,0.318126,7,
0.932439,0.000000,0.000066,0.000408,0.000637,0.032054,0.000031,0.000004,0.034072,0.000288,0,
0.003441,0.032337,0.005412,0.006160,0.650187,0.021333,0.014593,0.025117,0.011262,0.230158,4,
0.000114,0.004563,0.000021,0.018850,0.010985,0.006824,0.000001,0.893662,0.000399,0.064580,7,
0.107216,0.000008,0.000249,0.009173,0.000000,0.041009,0.000004,0.000226,0.841651,0.000464,8,
0.002101,0.000000,0.989713,0.002219,0.000000,0.000028,0.003041,0.000000,0.002891,0.000008,3,
0.000149,0.000004,0.002579,0.000000,0.000475,0.000017,0.996495,0.000000,0.000271,0.000009,6,
0.000049,0.003065,0.000003,0.004039,0.010651,0.001271,0.000000,0.729430,0.000560,0.250932,7,
0.003002,0.000013,0.489050,0.001576,0.000385,0.003506,0.501976,0.000002,0.000478,0.000011,2,
0.018709,0.218737,0.028443,0.448336,0.000066,0.085152,0.000317,0.076206,0.108593,0.015441,3,
0.173462,0.004265,0.065277,0.062249,0.000001,0.178134,0.003595,0.000361,0.512215,0.000440,8,
0.085776,0.000055,0.007412,0.470932,0.000148,0.266949,0.000088,0.055688,0.103263,0.009689,5,
0.333556,0.000000,0.010950,0.356528,0.000000,0.237232,0.000020,0.000393,0.061296,0.000025,0,
0.176521,0.000011,0.010110,0.067667,0.000001,0.040115,0.000063,0.000623,0.703656,0.001235,3,
0.010534,0.000080,0.043369,0.010403,0.782242,0.013422,0.044301,0.004620,0.010066,0.080963,4,
0.003636,0.000354,0.073855,0.081182,0.637755,0.008556,0.007231,0.055136,0.003639,0.128657,2,
0.005011,0.281730,0.002404,0.015949,0.269715,0.247539,0.011567,0.086132,0.008350,0.071602,1,
0.854748,0.000000,0.000048,0.000466,0.000000,0.034184,0.000002,0.000000,0.110550,0.000002,8,
0.002872,0.021721,0.015618,0.000504,0.318816,0.016582,0.610649,0.000280,0.003924,0.009033,6,
0.037745,0.002359,0.152598,0.671805,0.000000,0.043159,0.000185,0.002218,0.089720,0.000211,3,
0.002115,0.918328,0.031574,0.005981,0.000307,0.003940,0.008242,0.000980,0.022174,0.006359,1,
0.000033,0.002535,0.000005,0.009140,0.005710,0.001511,0.000000,0.901464,0.000203,0.079399,7,
0.733368,0.000000,0.000849,0.000506,0.000000,0.081413,0.000407,0.000000,0.183450,0.000005,8,
0.000012,0.000000,0.000000,0.004308,0.000053,0.000164,0.000000,0.973710,0.000047,0.021707,7,
0.001931,0.033607,0.000292,0.003268,0.306343,0.018640,0.000727,0.075709,0.013524,0.545960,4,
0.135710,0.018973,0.055132,0.044542,0.000001,0.152886,0.004138,0.000341,0.587748,0.000528,8,
0.106437,0.000036,0.000671,0.048422,0.008736,0.535003,0.000244,0.065392,0.151768,0.083290,5,
0.001804,0.008155,0.000829,0.000355,0.569973,0.003229,0.008182,0.002968,0.016357,0.388147,4,
0.016677,0.002292,0.028916,0.018488,0.654096,0.115347,0.084279,0.013140,0.012749,0.054015,4,
0.000172,0.972928,0.003368,0.005225,0.001040,0.001492,0.000568,0.006433,0.001403,0.007370,1,
0.000433,0.002236,0.014993,0.973402,0.000000,0.003909,0.000001,0.004463,0.000558,0.000006,3,
0.171069,0.000332,0.008911,0.013540,0.001206,0.615956,0.017645,0.001176,0.166284,0.003878,5,
0.001068,0.000520,0.001060,0.822952,0.000000,0.002870,0.000000,0.161512,0.007491,0.002526,3,
0.000842,0.000191,0.000004,0.003651,0.034126,0.010650,0.000001,0.386000,0.006184,0.558350,9,
0.000095,0.000059,0.004259,0.000001,0.027778,0.000042,0.967471,0.000000,0.000150,0.000145,6,
0.002644,0.867651,0.017963,0.045226,0.000597,0.017372,0.001565,0.018279,0.016111,0.012591,1,
0.001027,0.000026,0.012061,0.000020,0.074549,0.000814,0.910232,0.000002,0.000747,0.000524,6,
0.004245,0.117329,0.024990,0.002432,0.525956,0.013594,0.181949,0.003163,0.016109,0.110234,6,
0.278097,0.000040,0.054070,0.099312,0.000000,0.402055,0.000682,0.000027,0.165715,0.000003,5,
0.002129,0.020051,0.002335,0.383831,0.000540,0.037018,0.000018,0.525560,0.006174,0.022343,7,
0.089934,0.000003,0.005237,0.048215,0.275732,0.475610,0.005005,0.028585,0.025652,0.046027,4,
0.007371,0.000000,0.026783,0.960301,0.000000,0.002319,0.000000,0.000055,0.003172,0.000000,3,
0.001010,0.881118,0.007897,0.033137,0.001253,0.007154,0.000552,0.034373,0.008190,0.025316,1,
0.011895,0.000002,0.080654,0.078818,0.667524,0.008582,0.005330,0.022765,0.006628,0.117802,5,
0.000997,0.000103,0.010416,0.000015,0.209172,0.000397,0.773114,0.000003,0.001998,0.003786,6,
0.109297,0.000005,0.002373,0.513811,0.000001,0.222130,0.000005,0.014391,0.137125,0.000862,0,
0.007116,0.028921,0.026936,0.000668,0.164089,0.018519,0.720054,0.000254,0.016442,0.017000,6,
0.000023,0.000016,0.000000,0.004481,0.001614,0.000525,0.000000,0.904183,0.000156,0.089004,7,
0.022928,0.000998,0.004510,0.000872,0.622126,0.079136,0.181387,0.000975,0.033169,0.053900,5,
0.953838,0.000000,0.000000,0.000016,0.000000,0.037915,0.000000,0.000000,0.008231,0.000000,0,
0.741138,0.000000,0.006790,0.027332,0.000057,0.145767,0.000316,0.000090,0.078264,0.000247,0,
0.000029,0.000260,0.000003,0.010961,0.001809,0.000896,0.000000,0.926810,0.000171,0.059062,7,
0.000072,0.024697,0.000040,0.008648,0.022437,0.001128,0.000002,0.603006,0.000887,0.339082,9,
0.130473,0.000049,0.000044,0.000347,0.002611,0.363593,0.001275,0.000606,0.474488,0.026515,5,
0.003458,0.000361,0.019385,0.026595,0.646753,0.006361,0.003998,0.039610,0.006303,0.247176,9,
0.006894,0.000002,0.026163,0.952893,0.000000,0.009231,0.000002,0.000874,0.003935,0.000006,3,
0.000427,0.960591,0.003090,0.014718,0.000070,0.003168,0.000142,0.008988,0.004431,0.004374,1,
0.002204,0.070975,0.007671,0.006153,0.647593,0.014085,0.017885,0.023434,0.007790,0.202210,4,
0.000459,0.005978,0.000331,0.003584,0.218191,0.001721,0.000122,0.081252,0.004411,0.683951,9,
0.785569,0.000000,0.000072,0.000539,0.000000,0.189062,0.000005,0.000000,0.024753,0.000000,0,
0.387485,0.000000,0.002555,0.213082,0.000000,0.048628,0.000001,0.000745,0.347190,0.000315,8,
0.000056,0.000000,0.984378,0.000186,0.000001,0.000003,0.015368,0.000000,0.000008,0.000000,2,
0.003571,0.279947,0.010009,0.004289,0.385615,0.017096,0.038503,0.013111,0.019794,0.228066,9,
0.040853,0.328459,0.050892,0.001615,0.000163,0.038174,0.201759,0.000063,0.335057,0.002964,1,
0.265789,0.000267,0.018032,0.004643,0.000016,0.336744,0.030771,0.000039,0.343438,0.000262,5,
0.006491,0.000007,0.032838,0.168128,0.461669,0.009225,0.000883,0.121309,0.004813,0.194638,7,
0.719668,0.000000,0.003776,0.001078,0.000000,0.194304,0.002316,0.000000,0.078857,0.000001,5,
0.022642,0.000000,0.933024,0.030623,0.000001,0.004193,0.006409,0.000003,0.003102,0.000002,2,
0.053715,0.000000,0.021641,0.829388,0.000000,0.079758,0.000003,0.000151,0.015343,0.000001,3,
0.148676,0.002979,0.005191,0.009456,0.000017,0.253957,0.003108,0.000439,0.574315,0.001862,5,
0.001836,0.000008,0.003608,0.985807,0.000000,0.004770,0.000000,0.001829,0.002140,0.000003,3,
0.113564,0.002965,0.004263,0.005422,0.001647,0.673953,0.027686,0.000969,0.164914,0.004616,0,
0.000145,0.963171,0.005716,0.016853,0.000061,0.000782,0.000097,0.008100,0.001626,0.003451,1,
0.128707,0.000150,0.001255,0.000338,0.043150,0.079635,0.043738,0.000263,0.602476,0.100290,8,
0.001270,0.000000,0.996800,0.001078,0.000000,0.000018,0.000739,0.000000,0.000096,0.000000,2,
0.078558,0.000514,0.019660,0.514736,0.000000,0.069750,0.000017,0.002721,0.313771,0.000273,2,
0.003560,0.000000,0.014522,0.977103,0.000000,0.001817,0.000000,0.000629,0.002364,0.000004,3,
0.000106,0.000129,0.000003,0.007811,0.007461,0.002382,0.000000,0.821629,0.000607,0.159872,7,
0.001736,0.581860,0.035380,0.001402,0.122512,0.004575,0.197296,0.001094,0.010026,0.044120,4,
