0, 1, 2, 3, 4, 5, 6, 7, 8, 9, True
0.000869,0.001087,0.001381,0.006732,0.227046,0.050188,0.000264,0.354793,0.001694,0.355946,7,
0.010068,0.001189,0.002380,0.441599,0.000603,0.476677,0.000643,0.026028,0.035097,0.005716,3,
0.925721,0.000099,0.010707,0.012003,0.000051,0.005122,0.000317,0.000087,0.045627,0.000266,8,
0.072854,0.005495,0.094000,0.392495,0.000972,0.079201,0.005416,0.001533,0.345485,0.002550,2,
0.157619,0.002280,0.002838,0.004436,0.001664,0.675285,0.002315,0.001877,0.147435,0.004250,5,
0.000212,0.044799,0.001290,0.026095,0.006058,0.000800,0.000170,0.872207,0.000811,0.047559,7,
0.000029,0.000030,0.000095,0.006833,0.001767,0.000198,0.000001,0.887669,0.000091,0.103287,7,
0.000217,0.000578,0.000729,0.002280,0.326450,0.001377,0.000188,0.026459,0.002390,0.639332,9,
0.002314,0.845808,0.004084,0.015658,0.006742,0.026160,0.000918,0.046029,0.010269,0.042017,1,
0.133299,0.002992,0.028066,0.008733,0.046126,0.112671,0.265342,0.002608,0.356266,0.043896,0,
0.002409,0.000977,0.036271,0.001844,0.025126,0.014554,0.906581,0.000638,0.005306,0.006294,6,
0.003469,0.000900,0.001922,0.012506,0.128927,0.081742,0.000789,0.247722,0.007561,0.514462,4,
0.004767,0.041113,0.007009,0.033895,0.129573,0.128421,0.001692,0.335078,0.010182,0.308270,9,
0.002117,0.000001,0.092832,0.000023,0.000099,0.000178,0.904642,0.000000,0.000099,0.000009,6,
0.000110,0.000037,0.986501,0.008824,0.000107,0.000010,0.004282,0.000026,0.000087,0.000017,2,
0.004686,0.003656,0.002440,0.775195,0.000098,0.075080,0.000094,0.001809,0.132776,0.004167,9,
0.000366,0.957976,0.005525,0.006829,0.001624,0.001428,0.000727,0.019514,0.001734,0.004277,1,
0.013725,0.085256,0.036684,0.011852,0.491310,0.091246,0.091593,0.025784,0.025403,0.127148,4,
0.196202,0.000138,0.003064,0.005178,0.000154,0.069440,0.000598,0.000188,0.723400,0.001637,8,
0.891756,0.000504,0.025131,0.008531,0.000208,0.021987,0.008530,0.000492,0.041818,0.001043,0,
0.006498,0.001190,0.923526,0.012410,0.031902,0.006310,0.013772,0.000528,0.001438,0.002426,2,
0.003403,0.000018,0.000052,0.005908,0.000059,0.984362,0.000007,0.000176,0.004886,0.001128,5,
0.004286,0.001716,0.757183,0.204245,0.000068,0.000859,0.002001,0.000167,0.029350,0.000125,2,
0.054468,0.003597,0.007344,0.053421,0.012026,0.581779,0.002173,0.166216,0.043186,0.075790,5,
0.000739,0.000045,0.015278,0.000018,0.039081,0.000580,0.942377,0.000030,0.000653,0.001200,6,
0.054447,0.016439,0.197003,0.283894,0.076215,0.076873,0.159646,0.028186,0.051744,0.055554,3,
0.041694,0.001817,0.022787,0.002969,0.016179,0.035412,0.705882,0.000596,0.152278,0.020385,6,
0.003786,0.000704,0.000814,0.078411,0.001102,0.832034,0.000499,0.025308,0.024270,0.033072,5,
0.002428,0.019153,0.010465,0.009003,0.719418,0.037549,0.036760,0.005234,0.010167,0.149823,9,
0.000517,0.000077,0.016209,0.000030,0.004274,0.001457,0.976496,0.000015,0.000641,0.000284,6,
0.006338,0.000594,0.794589,0.145122,0.000951,0.025164,0.023862,0.000395,0.002355,0.000630,2,
0.496871,0.000030,0.011573,0.003248,0.000304,0.023580,0.001728,0.000050,0.460609,0.002006,0,
0.950765,0.000056,0.019178,0.000277,0.004194,0.017596,0.004743,0.000112,0.001705,0.001373,0,
0.038036,0.001696,0.003805,0.005871,0.042077,0.026109,0.000806,0.059281,0.071914,0.750405,9,
0.035916,0.270642,0.033182,0.162169,0.005059,0.024967,0.002894,0.038839,0.392261,0.034071,9,
0.000485,0.087267,0.025615,0.840636,0.000477,0.001972,0.000273,0.035913,0.004615,0.002747,3,
0.017144,0.009657,0.005353,0.017883,0.163411,0.515700,0.009338,0.014367,0.078886,0.168261,5,
0.969894,0.000086,0.001222,0.017613,0.000075,0.010585,0.000092,0.000132,0.000193,0.000107,0,
0.000562,0.018482,0.042537,0.002710,0.298176,0.017785,0.607635,0.003603,0.001633,0.006877,6,
0.000475,0.001845,0.036816,0.022358,0.526294,0.000539,0.001047,0.280866,0.000945,0.128816,4,
0.013350,0.000168,0.164946,0.000189,0.011191,0.007675,0.798034,0.000078,0.003605,0.000764,6,
0.284815,0.001087,0.006674,0.004229,0.059995,0.071243,0.001979,0.030233,0.203089,0.336655,4,
0.003403,0.003762,0.801618,0.104324,0.005654,0.001491,0.004751,0.003593,0.067196,0.004209,2,
0.006052,0.000050,0.003816,0.000363,0.779428,0.012761,0.002595,0.003206,0.002946,0.188783,4,
0.001993,0.063786,0.006612,0.210448,0.007560,0.018651,0.000284,0.535861,0.009959,0.144847,3,
0.011965,0.002271,0.005123,0.118775,0.002343,0.004955,0.000437,0.009468,0.810354,0.034308,8,
0.000118,0.846529,0.006877,0.067005,0.009860,0.002095,0.000972,0.058600,0.000773,0.007169,1,
0.001109,0.000961,0.069818,0.000532,0.009085,0.001530,0.913800,0.000129,0.002567,0.000469,6,
0.164278,0.000353,0.004582,0.016253,0.000950,0.234403,0.000923,0.000607,0.564731,0.012921,5,
0.002290,0.001801,0.004007,0.001338,0.510183,0.005432,0.002665,0.004337,0.004788,0.463160,9,
0.000550,0.000007,0.004257,0.000011,0.000613,0.001375,0.991445,0.000002,0.001687,0.000053,6,
0.030802,0.000050,0.000108,0.000369,0.000143,0.786861,0.000032,0.000038,0.180129,0.001468,5,
0.000224,0.000156,0.939564,0.039346,0.000442,0.000034,0.019197,0.000703,0.000252,0.000083,2,
0.000003,0.000002,0.000053,0.006477,0.000126,0.000012,0.000000,0.983916,0.000018,0.009394,7,
0.035589,0.009754,0.134800,0.013403,0.283278,0.031736,0.446197,0.012562,0.014757,0.017925,6,
0.029828,0.000675,0.484194,0.386613,0.003556,0.041963,0.017685,0.001068,0.032280,0.002138,2,
0.118556,0.135547,0.021818,0.018813,0.002251,0.120855,0.011829,0.002067,0.544811,0.023453,8,
0.000365,0.012976,0.002985,0.134990,0.000946,0.001571,0.000053,0.825641,0.001215,0.019257,7,
0.938285,0.000160,0.011334,0.013837,0.000098,0.025416,0.000372,0.000194,0.010159,0.000144,0,
0.023505,0.007242,0.015816,0.003965,0.322021,0.413083,0.110910,0.007116,0.043556,0.052785,4,
0.000520,0.000132,0.957557,0.006828,0.000731,0.000036,0.033472,0.000559,0.000102,0.000063,2,
0.004871,0.007126,0.029119,0.240623,0.142300,0.030107,0.003518,0.318347,0.006420,0.217568,4,
0.025519,0.002390,0.320597,0.008348,0.088832,0.011047,0.527924,0.002771,0.004428,0.008145,1,
0.003768,0.000603,0.232512,0.733476,0.000025,0.001624,0.000314,0.000382,0.027100,0.000195,2,
0.000726,0.981657,0.006517,0.001860,0.000203,0.001541,0.000709,0.001146,0.004876,0.000767,1,
0.000001,0.000001,0.998772,0.000841,0.000000,0.000000,0.000384,0.000000,0.000001,0.000000,2,
0.504847,0.000089,0.012728,0.004725,0.000587,0.012968,0.003786,0.000180,0.457074,0.003016,8,
0.032819,0.000077,0.000717,0.009325,0.000460,0.790099,0.000146,0.000218,0.161218,0.004923,5,
0.000009,0.000035,0.000138,0.003912,0.001363,0.000078,0.000001,0.974408,0.000079,0.019976,7,
0.002745,0.490001,0.016691,0.125555,0.063069,0.020671,0.003117,0.118470,0.020972,0.138709,1,
0.000734,0.000247,0.089423,0.000038,0.009325,0.000182,0.898848,0.000036,0.000869,0.000300,6,
0.087390,0.004170,0.010372,0.022559,0.045701,0.699539,0.004044,0.062212,0.011819,0.052194,5,
0.289559,0.000205,0.013123,0.005705,0.002725,0.008735,0.003328,0.000640,0.649825,0.026154,0,
0.127724,0.000748,0.001244,0.001166,0.001452,0.171676,0.001675,0.001011,0.691028,0.002275,8,
0.997742,0.000000,0.000369,0.000554,0.000001,0.001227,0.000001,0.000000,0.000082,0.000023,0,
0.180711,0.006419,0.015934,0.072864,0.001555,0.083358,0.002227,0.002040,0.625566,0.009325,8,
0.000465,0.000102,0.003814,0.109639,0.000805,0.011404,0.000120,0.867321,0.000531,0.005797,7,
0.000176,0.000008,0.982931,0.005659,0.000008,0.000055,0.011056,0.000011,0.000092,0.000006,2,
0.003348,0.014651,0.194706,0.715064,0.000134,0.002587,0.000303,0.003045,0.064906,0.001254,2,
0.000028,0.000003,0.004002,0.000001,0.000238,0.000106,0.995547,0.000000,0.000071,0.000004,6,
0.113091,0.003257,0.106535,0.316176,0.001384,0.277881,0.011674,0.001944,0.165502,0.002555,5,
0.037277,0.004963,0.014192,0.006263,0.181872,0.606082,0.007924,0.031800,0.032453,0.077175,8,
0.400978,0.008510,0.249150,0.012195,0.007772,0.027195,0.256588,0.006488,0.021295,0.009830,6,
0.000277,0.000264,0.012870,0.979926,0.000009,0.000240,0.000005,0.001361,0.004856,0.000192,3,
0.997265,0.000001,0.000201,0.000013,0.000001,0.001780,0.000119,0.000000,0.000619,0.000001,0,
0.002634,0.001472,0.158819,0.805148,0.000219,0.002419,0.001029,0.000885,0.026199,0.001176,3,
0.002602,0.058490,0.086725,0.079501,0.581789,0.004835,0.059943,0.078735,0.010457,0.036921,9,
0.000474,0.000243,0.000409,0.009102,0.038023,0.005126,0.000023,0.386310,0.001640,0.558650,9,
0.000958,0.979980,0.001828,0.001647,0.000488,0.003434,0.000469,0.002807,0.004711,0.003679,1,
0.000092,0.000003,0.004968,0.000001,0.000022,0.000053,0.994847,0.000000,0.000013,0.000001,6,
0.020465,0.000136,0.004578,0.001181,0.004303,0.024306,0.000650,0.002303,0.893362,0.048716,8,
0.086975,0.001916,0.194907,0.013848,0.001525,0.003330,0.054891,0.000386,0.637572,0.004651,8,
0.162427,0.000268,0.002876,0.005420,0.000194,0.010477,0.000262,0.000172,0.811308,0.006595,8,
0.129951,0.008798,0.343741,0.088102,0.005312,0.003784,0.006526,0.010403,0.388509,0.014872,0,
0.041412,0.001115,0.009580,0.026141,0.109733,0.747642,0.004948,0.004588,0.007851,0.046991,5,
0.000176,0.976559,0.001746,0.004595,0.000857,0.001846,0.000217,0.009393,0.001080,0.003531,1,
0.889641,0.000891,0.002401,0.001063,0.000747,0.031531,0.004223,0.000586,0.068136,0.000782,0,
0.041223,0.001430,0.102603,0.004804,0.767813,0.021442,0.033221,0.002880,0.003829,0.020756,4,
0.002829,0.000608,0.024868,0.117906,0.001638,0.086896,0.001321,0.752711,0.003972,0.007250,7,
0.005729,0.000829,0.003357,0.006553,0.079816,0.311401,0.001175,0.476108,0.008730,0.106303,7,
0.005048,0.001310,0.003619,0.013499,0.051171,0.025946,0.000348,0.390228,0.002765,0.506066,3,
0.003654,0.027756,0.005781,0.036975,0.106341,0.009769,0.001672,0.052481,0.061817,0.693755,9,
0.001507,0.185873,0.020795,0.048991,0.455470,0.009183,0.006955,0.127972,0.007812,0.135442,4,
0.000318,0.001435,0.001200,0.018152,0.012628,0.020335,0.000050,0.874209,0.000824,0.070848,9,
0.002714,0.033015,0.004846,0.014399,0.367519,0.044576,0.003189,0.042586,0.014560,0.472596,9,
0.040040,0.000517,0.276629,0.667633,0.000344,0.002238,0.001784,0.002621,0.007471,0.000722,3,
0.004115,0.017360,0.036034,0.008064,0.017038,0.097292,0.797576,0.001458,0.016642,0.004419,6,
0.009433,0.036703,0.028072,0.003854,0.266659,0.049090,0.541730,0.002753,0.013723,0.047982,6,
0.116161,0.000100,0.002043,0.000131,0.000106,0.031587,0.000768,0.000064,0.848906,0.000135,5,
0.000814,0.982316,0.003153,0.001113,0.000225,0.005419,0.001068,0.001251,0.003755,0.000887,1,
0.036057,0.000913,0.006522,0.007757,0.205789,0.023589,0.001959,0.001896,0.008738,0.706781,9,
0.996998,0.000001,0.000592,0.000031,0.000001,0.001580,0.000179,0.000000,0.000618,0.000000,0,
0.000110,0.000081,0.000163,0.012834,0.000397,0.001104,0.000000,0.944743,0.000295,0.040272,7,
0.000963,0.977999,0.007967,0.001955,0.000238,0.000591,0.000486,0.003133,0.005789,0.000878,1,
0.404921,0.003638,0.035038,0.069126,0.002860,0.097953,0.009572,0.002617,0.368991,0.005284,5,
0.000373,0.982957,0.002629,0.001338,0.000476,0.002942,0.000518,0.005833,0.001687,0.001247,1,
0.008003,0.000890,0.901335,0.045292,0.000087,0.000358,0.000172,0.000159,0.043586,0.000119,2,
0.000061,0.000530,0.039040,0.001219,0.032627,0.003311,0.921200,0.000703,0.000173,0.001135,6,
0.002197,0.468515,0.032064,0.113045,0.045375,0.016707,0.009831,0.277029,0.004231,0.031004,3,
0.001005,0.007769,0.001840,0.012634,0.278186,0.019660,0.000588,0.085225,0.009225,0.583867,9,
0.369430,0.003288,0.071650,0.006143,0.047172,0.011062,0.355663,0.005147,0.111790,0.018654,6,
0.382028,0.001142,0.284511,0.006262,0.000983,0.032662,0.276177,0.000991,0.014349,0.000894,0,
0.002600,0.935828,0.027579,0.000469,0.000897,0.003887,0.015728,0.000980,0.011157,0.000876,1,
0.042350,0.000180,0.000792,0.002052,0.008959,0.005498,0.000150,0.043361,0.139677,0.756980,9,
0.003518,0.857225,0.033873,0.003001,0.022251,0.008172,0.009079,0.034467,0.016883,0.011533,1,
0.000263,0.000428,0.000314,0.005457,0.051708,0.000303,0.000039,0.047415,0.001863,0.892209,9,
0.018777,0.034918,0.010499,0.140257,0.004490,0.010787,0.001655,0.368276,0.062647,0.347693,7,
0.004380,0.003079,0.007012,0.003769,0.641502,0.016248,0.003932,0.006222,0.003678,0.310178,4,
0.062531,0.000264,0.514394,0.014059,0.014356,0.007335,0.376757,0.002446,0.004505,0.003351,6,
0.095261,0.011217,0.040490,0.151857,0.000722,0.019277,0.000844,0.002721,0.669827,0.007785,8,
0.000139,0.010999,0.000452,0.019028,0.008275,0.000992,0.000086,0.838091,0.000568,0.121369,7,
0.000902,0.002960,0.000644,0.006571,0.071644,0.009614,0.000212,0.087491,0.012681,0.807280,9,
0.000655,0.001277,0.010525,0.003877,0.809001,0.003208,0.003774,0.006359,0.002388,0.158936,4,
0.001646,0.000019,0.016577,0.976041,0.000002,0.004375,0.000004,0.000016,0.001311,0.000008,3,
0.000798,0.000816,0.005094,0.981301,0.000005,0.000124,0.000005,0.007635,0.003972,0.000250,3,
0.000524,0.000008,0.001260,0.000032,0.931950,0.058209,0.002563,0.000139,0.000807,0.004507,4,
0.022363,0.012607,0.036752,0.253865,0.036295,0.060838,0.002737,0.233388,0.008498,0.332656,2,
0.000391,0.000740,0.000669,0.008036,0.030500,0.000335,0.000149,0.036030,0.017360,0.905790,9,
0.003996,0.000050,0.008873,0.000118,0.898240,0.025330,0.058979,0.000074,0.001488,0.002852,4,
0.001675,0.094758,0.004992,0.018012,0.005010,0.007570,0.000301,0.785909,0.005353,0.076419,7,
0.178846,0.000196,0.007232,0.010339,0.000087,0.512795,0.004645,0.000049,0.285394,0.000417,5,
0.000001,0.000001,0.001803,0.000000,0.000096,0.000005,0.998090,0.000000,0.000003,0.000000,6,
0.161613,0.002008,0.139320,0.014857,0.001748,0.018486,0.049295,0.000479,0.608950,0.003244,8,
0.009870,0.000098,0.530567,0.004824,0.000802,0.002722,0.450689,0.000091,0.000290,0.000049,6,
0.000319,0.000023,0.004383,0.000012,0.012912,0.001470,0.979800,0.000008,0.000563,0.000510,6,
0.019077,0.023832,0.384156,0.021082,0.095885,0.011708,0.378021,0.007022,0.040381,0.018835,6,
0.001388,0.000251,0.001609,0.022841,0.002764,0.001098,0.000052,0.786125,0.002122,0.181750,7,
0.163592,0.062658,0.030978,0.018360,0.044013,0.046425,0.016444,0.026334,0.412689,0.178507,9,
0.000026,0.000006,0.000070,0.001921,0.000161,0.004221,0.000001,0.982392,0.000505,0.010697,7,
0.171535,0.007912,0.015578,0.132104,0.009091,0.241431,0.005296,0.027085,0.326322,0.063645,5,
0.000058,0.000005,0.003513,0.000002,0.000661,0.000227,0.995286,0.000001,0.000226,0.000021,6,
0.005088,0.000749,0.009623,0.586395,0.000946,0.365693,0.000368,0.009611,0.016088,0.005441,5,
0.008214,0.008499,0.030805,0.367264,0.001573,0.003418,0.000720,0.008612,0.553597,0.017297,8,
0.042731,0.000168,0.001470,0.003240,0.009962,0.057386,0.000415,0.010217,0.792795,0.081616,8,
0.003736,0.006263,0.002123,0.024833,0.010101,0.007102,0.000111,0.433829,0.011372,0.500530,7,
0.081596,0.022673,0.023745,0.017103,0.075222,0.124724,0.070191,0.004462,0.462272,0.118012,0,
0.000268,0.001631,0.003942,0.002198,0.875975,0.002374,0.003687,0.007322,0.001245,0.101359,4,
0.004998,0.001656,0.002084,0.011918,0.003785,0.057015,0.001641,0.377255,0.398436,0.141210,8,
0.004627,0.019631,0.017687,0.305577,0.061910,0.012281,0.001420,0.188772,0.062026,0.326070,3,
0.006408,0.379351,0.032714,0.314396,0.006719,0.091933,0.004203,0.112452,0.018244,0.033580,3,
0.000080,0.000011,0.007132,0.000167,0.934913,0.000721,0.055282,0.000264,0.000460,0.000969,4,
0.001026,0.000158,0.001140,0.002220,0.129668,0.004293,0.000296,0.016982,0.017619,0.826598,9,
0.218184,0.001003,0.045585,0.038312,0.002557,0.007224,0.002107,0.001872,0.667447,0.015709,0,
0.012809,0.009724,0.555677,0.295070,0.004068,0.016248,0.028725,0.003087,0.071845,0.002746,3,
0.004430,0.002305,0.004395,0.016165,0.090138,0.028623,0.002435,0.569822,0.047360,0.234327,7,
0.000933,0.000024,0.027966,0.968070,0.000003,0.000358,0.000007,0.000768,0.001808,0.000062,3,
0.030903,0.000308,0.202875,0.000837,0.000387,0.010803,0.750700,0.000191,0.002745,0.000251,6,
0.004052,0.002528,0.076424,0.869064,0.000042,0.031550,0.000444,0.000534,0.015046,0.000317,3,
0.792764,0.000363,0.001917,0.004175,0.000286,0.076622,0.000878,0.000475,0.121886,0.000634,0,
0.006461,0.346440,0.017935,0.134534,0.145155,0.040482,0.010903,0.083171,0.044988,0.169931,1,
0.000090,0.000035,0.001715,0.000009,0.006141,0.002591,0.988846,0.000004,0.000150,0.000420,6,
0.001330,0.069429,0.007925,0.020075,0.533801,0.023224,0.003740,0.085480,0.007110,0.247884,4,
0.001771,0.000349,0.022248,0.000328,0.955855,0.003392,0.011781,0.000516,0.000883,0.002877,2,
0.062589,0.001271,0.328480,0.216151,0.000760,0.004288,0.003577,0.000958,0.380635,0.001292,8,
0.003239,0.030808,0.004279,0.015345,0.466799,0.120022,0.008080,0.019721,0.017949,0.313757,9,
0.000413,0.005837,0.008912,0.007226,0.669311,0.001992,0.002085,0.014956,0.002540,0.286728,4,
0.607537,0.002198,0.019784,0.019853,0.013996,0.065140,0.002146,0.061435,0.034480,0.173431,9,
0.000184,0.000261,0.000503,0.000741,0.531868,0.000592,0.000200,0.009280,0.001196,0.455176,4,
0.001279,0.010872,0.740543,0.008289,0.027091,0.003374,0.193939,0.008350,0.003464,0.002799,2,
0.047294,0.001114,0.004941,0.030828,0.007172,0.731065,0.001863,0.033759,0.104297,0.037668,5,
0.040861,0.047818,0.112281,0.132806,0.116671,0.033981,0.048885,0.025027,0.245990,0.195680,3,
0.998838,0.000000,0.000176,0.000018,0.000000,0.000786,0.000097,0.000000,0.000081,0.000004,0,
0.071160,0.042062,0.047249,0.010286,0.018972,0.264847,0.272132,0.001423,0.255810,0.016060,8,
0.213606,0.000612,0.006866,0.006625,0.005328,0.179142,0.005186,0.000832,0.554157,0.027645,5,
0.004877,0.343669,0.007928,0.239131,0.005493,0.016264,0.000725,0.151759,0.046021,0.184132,1,
0.002819,0.005464,0.001932,0.005088,0.286886,0.018436,0.001908,0.010707,0.023939,0.642822,9,
0.002537,0.200522,0.011234,0.028472,0.200719,0.014005,0.001990,0.109604,0.017486,0.413431,9,
0.001061,0.010700,0.018342,0.926305,0.000440,0.007930,0.000260,0.023587,0.008299,0.003076,3,
0.000801,0.946226,0.013278,0.022914,0.000247,0.000972,0.000446,0.002325,0.010753,0.002037,1,
0.000163,0.000105,0.881403,0.000287,0.000214,0.000027,0.117650,0.000012,0.000136,0.000004,2,
0.004030,0.008260,0.096537,0.011088,0.053743,0.015879,0.780024,0.003397,0.011701,0.015342,6,
0.185277,0.002717,0.563257,0.032795,0.013534,0.010581,0.150162,0.003042,0.029034,0.009602,2,
0.000488,0.017609,0.003081,0.031489,0.060844,0.002331,0.000445,0.568003,0.005327,0.310384,9,
0.030783,0.000941,0.005948,0.006174,0.544472,0.293051,0.005555,0.002318,0.011147,0.099613,5,
0.983829,0.000004,0.009965,0.000867,0.000003,0.002128,0.002759,0.000005,0.000434,0.000005,0,
0.000674,0.000021,0.000340,0.003357,0.004661,0.057349,0.000024,0.895500,0.002045,0.036029,7,
0.067619,0.355178,0.083511,0.041691,0.007072,0.016702,0.018384,0.006289,0.369290,0.034265,1,
0.159107,0.003050,0.487205,0.059029,0.000650,0.009755,0.003381,0.000885,0.276038,0.000900,2,
0.930289,0.000242,0.006920,0.000735,0.015165,0.021079,0.002108,0.001985,0.003086,0.018391,0,
0.143582,0.000565,0.015305,0.147431,0.000214,0.017295,0.000319,0.000771,0.669271,0.005247,8,
0.002136,0.008669,0.008961,0.054502,0.091995,0.150662,0.001706,0.610854,0.002680,0.067835,7,
0.250323,0.000383,0.001807,0.013032,0.000277,0.679444,0.000445,0.000468,0.052997,0.000824,5,
0.003843,0.001176,0.002207,0.003499,0.619036,0.238280,0.003217,0.016944,0.013982,0.097815,4,
0.002783,0.010197,0.021796,0.004039,0.772827,0.013699,0.091474,0.003422,0.007985,0.071779,4,
0.000030,0.000017,0.000121,0.029432,0.000515,0.000041,0.000001,0.928315,0.000245,0.041284,7,
0.001022,0.000133,0.025531,0.000042,0.004224,0.001870,0.965568,0.000011,0.001382,0.000216,6,
0.000179,0.948069,0.003149,0.013856,0.004142,0.001875,0.000314,0.013574,0.002638,0.012203,1,
0.000250,0.000293,0.956478,0.031766,0.000131,0.000232,0.010041,0.000409,0.000358,0.000042,2,
0.001024,0.000121,0.032968,0.945177,0.001975,0.001471,0.000319,0.005365,0.005157,0.006423,7,
0.001769,0.000050,0.037052,0.949243,0.000040,0.000539,0.000044,0.010046,0.000784,0.000434,3,
0.201692,0.003575,0.019703,0.024683,0.001700,0.198343,0.006560,0.002251,0.525073,0.016420,8,
0.003448,0.009054,0.095260,0.840035,0.000732,0.012781,0.001141,0.015055,0.018394,0.004100,3,
0.003244,0.941566,0.025467,0.001758,0.000436,0.002278,0.007972,0.001278,0.014969,0.001031,1,
0.000884,0.003224,0.002955,0.020092,0.081526,0.003383,0.000439,0.484090,0.001760,0.401646,7,
0.717552,0.000009,0.007411,0.000510,0.000322,0.004064,0.001800,0.000230,0.264732,0.003370,0,
0.013303,0.495760,0.308057,0.079836,0.002925,0.005780,0.014827,0.018371,0.055341,0.005800,7,
0.587709,0.000752,0.019450,0.093142,0.000554,0.018169,0.001149,0.000928,0.276033,0.002115,0,
0.000000,0.000000,0.000000,0.999773,0.000000,0.000022,0.000000,0.000191,0.000008,0.000006,3,
0.005628,0.001875,0.002494,0.023263,0.249246,0.208938,0.002143,0.044052,0.025243,0.437118,5,
0.000253,0.923427,0.006129,0.033904,0.000560,0.000575,0.000115,0.027600,0.002530,0.004906,1,
0.003889,0.000234,0.027793,0.000192,0.008709,0.007002,0.947611,0.000095,0.002506,0.001970,6,
0.008006,0.002473,0.033188,0.000206,0.002163,0.010562,0.925527,0.000075,0.017142,0.000657,6,
0.001508,0.000023,0.990986,0.004907,0.000036,0.000768,0.001451,0.000012,0.000290,0.000020,2,
0.000681,0.000011,0.000199,0.015495,0.000087,0.978817,0.000017,0.000058,0.002418,0.002216,5,
0.201100,0.000693,0.008701,0.010957,0.000269,0.018787,0.000675,0.000234,0.754246,0.004339,8,
0.006211,0.004142,0.005161,0.546879,0.001592,0.317944,0.001173,0.062778,0.022234,0.031886,3,
0.014068,0.001142,0.033926,0.919418,0.000092,0.003349,0.000110,0.002773,0.024573,0.000548,3,
0.000067,0.000196,0.563634,0.434575,0.000002,0.000139,0.001110,0.000222,0.000052,0.000003,1,
0.014485,0.142818,0.062634,0.016805,0.202882,0.291044,0.034431,0.119866,0.028486,0.086551,5,
0.234565,0.000342,0.007528,0.019541,0.000119,0.019817,0.000348,0.000186,0.715369,0.002185,8,
0.004216,0.016298,0.002541,0.047512,0.045391,0.099121,0.000953,0.285224,0.010751,0.487993,7,
0.007075,0.001635,0.465534,0.496276,0.004766,0.005337,0.004324,0.001382,0.010197,0.003475,2,
0.000037,0.000059,0.917854,0.081311,0.000152,0.000013,0.000427,0.000131,0.000002,0.000013,2,
0.935601,0.000033,0.000758,0.011104,0.000030,0.051379,0.000029,0.000050,0.000943,0.000073,0,
0.000045,0.000018,0.990106,0.000071,0.000028,0.000155,0.009561,0.000000,0.000015,0.000001,2,
0.010238,0.002468,0.008530,0.216688,0.022482,0.114224,0.002136,0.234176,0.061877,0.327180,4,
0.224868,0.000806,0.004734,0.001995,0.003683,0.031320,0.034270,0.000434,0.673032,0.024858,6,
0.001102,0.977364,0.005892,0.002072,0.000268,0.003561,0.000962,0.002104,0.005711,0.000963,1,
0.001173,0.000369,0.001048,0.104469,0.004391,0.013051,0.000088,0.689868,0.009711,0.175833,7,
0.000041,0.000168,0.003440,0.000111,0.001128,0.005166,0.989328,0.000015,0.000236,0.000367,6,
0.002093,0.004588,0.001573,0.024359,0.050635,0.002277,0.000390,0.040545,0.059900,0.813640,9,
0.001372,0.000887,0.121114,0.000299,0.025081,0.000570,0.847340,0.000289,0.001740,0.001307,6,
0.010505,0.000500,0.008401,0.001323,0.703928,0.166890,0.038615,0.002132,0.039185,0.028520,5,
0.001654,0.000852,0.002370,0.001456,0.665294,0.005938,0.002355,0.001113,0.002889,0.316080,4,
0.000085,0.000776,0.000281,0.008796,0.029521,0.000364,0.000031,0.283915,0.001128,0.675105,9,
0.004156,0.000675,0.002964,0.018356,0.001126,0.951127,0.003139,0.000324,0.011736,0.006396,5,
0.223552,0.001256,0.024707,0.007173,0.000377,0.093803,0.012358,0.000220,0.634967,0.001588,8,
0.011158,0.000347,0.119760,0.002006,0.002798,0.007767,0.843876,0.000065,0.011637,0.000587,6,
0.000026,0.000394,0.000217,0.037531,0.000490,0.000079,0.000001,0.926337,0.000394,0.034531,7,
0.003212,0.952908,0.010433,0.003655,0.000851,0.006176,0.003299,0.003048,0.013736,0.002682,1,
0.018568,0.181762,0.053052,0.473969,0.002596,0.138857,0.003797,0.016955,0.091389,0.019055,3,
0.004188,0.878880,0.020098,0.039293,0.001036,0.003316,0.001166,0.025731,0.020138,0.006155,1,
0.025544,0.369275,0.126665,0.007481,0.030912,0.038706,0.324297,0.007226,0.054841,0.015051,8,
0.515709,0.000070,0.006414,0.001311,0.000103,0.025782,0.001398,0.000058,0.448412,0.000743,0,
0.030202,0.000810,0.003402,0.035090,0.000756,0.885667,0.001609,0.000499,0.037511,0.004454,5,
0.000298,0.002523,0.028013,0.005292,0.808158,0.000799,0.006585,0.011494,0.001589,0.135248,4,
0.000717,0.983973,0.004532,0.002424,0.000157,0.001022,0.000515,0.001590,0.004225,0.000845,1,
0.000256,0.000023,0.000270,0.005863,0.017897,0.002920,0.000015,0.593511,0.001834,0.377411,4,
0.092971,0.000395,0.003716,0.003088,0.000414,0.025841,0.003035,0.000185,0.867681,0.002673,8,
0.097794,0.151148,0.037972,0.031978,0.023120,0.110984,0.097529,0.004669,0.323579,0.121227,6,
0.001190,0.001558,0.002175,0.005029,0.097102,0.006791,0.000214,0.295876,0.002140,0.587926,9,
0.000939,0.003151,0.054122,0.916934,0.000072,0.001641,0.000097,0.017999,0.004379,0.000664,3,
0.009003,0.004733,0.002699,0.002517,0.015416,0.012986,0.000405,0.233106,0.034194,0.684941,7,
0.000830,0.983586,0.005868,0.001180,0.000185,0.000302,0.000757,0.001033,0.005235,0.001025,1,
0.001487,0.792134,0.020864,0.015101,0.081422,0.013834,0.014454,0.011309,0.012850,0.036545,9,
0.111039,0.001883,0.013010,0.023311,0.002541,0.696899,0.006899,0.010344,0.124601,0.009471,8,
0.404353,0.000593,0.061340,0.007363,0.000559,0.010178,0.001810,0.001004,0.510992,0.001808,2,
0.221264,0.000128,0.003662,0.004957,0.000439,0.011809,0.000171,0.001931,0.732602,0.023038,8,
0.008167,0.012482,0.017959,0.008745,0.076670,0.167662,0.669393,0.002092,0.016134,0.020696,5,
0.000079,0.000207,0.000195,0.012643,0.001328,0.001418,0.000002,0.944382,0.000110,0.039636,7,
0.004533,0.141357,0.005432,0.060168,0.030744,0.026620,0.003652,0.550151,0.010786,0.166556,7,
0.000050,0.000045,0.000689,0.025117,0.001225,0.000618,0.000015,0.963123,0.000262,0.008855,7,
0.000016,0.000193,0.000148,0.017172,0.001651,0.000205,0.000002,0.943752,0.000083,0.036778,7,
0.132036,0.018602,0.082136,0.142514,0.013182,0.097309,0.016164,0.017164,0.425947,0.054947,0,
0.314106,0.005739,0.028075,0.006279,0.230348,0.262468,0.062812,0.007144,0.057488,0.025541,4,
0.040843,0.000084,0.001040,0.011198,0.000075,0.941820,0.000326,0.000113,0.003927,0.000574,5,
0.021942,0.024696,0.005184,0.000637,0.015583,0.813280,0.009568,0.004284,0.093742,0.011083,5,
0.019448,0.006420,0.048914,0.021455,0.196064,0.011876,0.008109,0.200945,0.024978,0.461790,7,
0.341457,0.000088,0.018426,0.002313,0.000612,0.014142,0.013476,0.000061,0.605904,0.003521,0,
0.007242,0.005431,0.033135,0.146436,0.030056,0.017813,0.003995,0.683702,0.007407,0.064783,7,
0.021792,0.001269,0.003287,0.002350,0.031934,0.849703,0.002090,0.038048,0.025494,0.024034,5,
0.000007,0.000005,0.001821,0.000022,0.987812,0.000022,0.000338,0.002374,0.000045,0.007554,2,
0.008314,0.000505,0.000435,0.003735,0.003055,0.935804,0.001005,0.000297,0.034336,0.012516,5,
0.000302,0.985572,0.003197,0.000763,0.000877,0.000752,0.000629,0.004606,0.001565,0.001736,1,
0.631741,0.000110,0.008937,0.000821,0.000242,0.035163,0.005939,0.000102,0.315950,0.000994,0,
0.255259,0.005409,0.048490,0.021059,0.001419,0.052108,0.015165,0.000620,0.594139,0.006331,8,
0.000335,0.000499,0.000413,0.004073,0.313719,0.002528,0.000208,0.016413,0.008441,0.653371,9,
0.001394,0.927836,0.003455,0.005508,0.004155,0.035058,0.004220,0.002846,0.007085,0.008442,1,
0.005121,0.330567,0.040875,0.413190,0.018082,0.015983,0.005958,0.023367,0.095302,0.051552,1,
0.542342,0.001505,0.089672,0.018865,0.010302,0.270413,0.048790,0.006313,0.007198,0.004600,6,
0.001718,0.002328,0.011484,0.000154,0.037073,0.016193,0.926109,0.000104,0.002513,0.002325,6,
0.016303,0.000311,0.004534,0.000694,0.673506,0.252217,0.013015,0.001970,0.007335,0.030114,4,
0.091823,0.000041,0.001621,0.000321,0.000046,0.001862,0.000116,0.000007,0.903934,0.000231,8,
0.708881,0.002187,0.036902,0.101667,0.001234,0.100232,0.006006,0.002361,0.037378,0.003153,8,
0.000087,0.000191,0.000114,0.002183,0.006761,0.000617,0.000001,0.650682,0.000208,0.339156,9,
0.000428,0.000409,0.002051,0.003007,0.427865,0.000768,0.000322,0.006289,0.002224,0.556638,9,
0.000742,0.000348,0.981390,0.005281,0.001132,0.000256,0.009373,0.000048,0.001280,0.000150,2,
0.004422,0.000432,0.008853,0.000779,0.702830,0.199250,0.066258,0.001739,0.005323,0.010116,4,
0.002104,0.000186,0.001140,0.956596,0.000051,0.006550,0.000035,0.013407,0.008866,0.011065,3,
0.075786,0.003029,0.105107,0.005134,0.019169,0.130302,0.474322,0.002118,0.180304,0.004728,6,
0.002422,0.001929,0.453191,0.025230,0.284173,0.012058,0.030867,0.174656,0.001704,0.013769,6,
0.000860,0.893985,0.011939,0.039659,0.001301,0.000585,0.000524,0.037355,0.005093,0.008698,1,
0.004953,0.035080,0.014161,0.303387,0.003316,0.017178,0.000808,0.534486,0.015244,0.071387,7,
0.000163,0.000622,0.000321,0.009955,0.009363,0.002005,0.000004,0.776960,0.000401,0.200206,7,
0.000049,0.000105,0.014869,0.984405,0.000000,0.000040,0.000002,0.000465,0.000062,0.000003,3,
0.000884,0.010920,0.005106,0.012329,0.414547,0.006345,0.000898,0.089445,0.005540,0.453985,4,
0.001024,0.007336,0.016439,0.053378,0.206354,0.001304,0.001542,0.147356,0.007747,0.557520,4,
0.012705,0.000054,0.001397,0.000478,0.571102,0.394233,0.002245,0.000325,0.006858,0.010603,4,
0.001299,0.010731,0.001714,0.012489,0.044031,0.005348,0.000294,0.142158,0.016433,0.765503,9,
0.043196,0.000055,0.082020,0.000112,0.003812,0.005029,0.858886,0.000048,0.005741,0.001103,6,
0.051047,0.003651,0.776566,0.075528,0.012893,0.006191,0.031212,0.001914,0.029286,0.011713,2,
0.004464,0.029889,0.004319,0.030868,0.139847,0.038353,0.002703,0.026009,0.062289,0.661258,9,
0.978386,0.000038,0.000344,0.000169,0.000123,0.018225,0.000029,0.000004,0.002135,0.000546,0,
0.000126,0.002166,0.000387,0.054208,0.007012,0.001265,0.000069,0.867657,0.000685,0.066425,7,
0.907064,0.000428,0.001577,0.000698,0.004019,0.031458,0.000975,0.000809,0.042236,0.010737,0,
0.073145,0.000303,0.054615,0.858630,0.000176,0.007220,0.000241,0.000239,0.005155,0.000277,3,
0.994480,0.000002,0.000228,0.000124,0.000006,0.004001,0.000037,0.000003,0.001056,0.000063,0,
0.999757,0.000000,0.000065,0.000004,0.000000,0.000113,0.000038,0.000000,0.000022,0.000000,0,
0.034839,0.014323,0.004198,0.189416,0.000293,0.728656,0.000390,0.002659,0.023746,0.001480,5,
0.098507,0.020283,0.024250,0.025849,0.013545,0.319957,0.056028,0.002246,0.395391,0.043945,8,
0.004783,0.924616,0.026438,0.001819,0.000079,0.000800,0.001564,0.000611,0.038953,0.000339,1,
0.072098,0.222695,0.028999,0.014584,0.034973,0.146744,0.024979,0.012398,0.353386,0.089144,8,
0.471760,0.002639,0.252376,0.004717,0.004808,0.032873,0.122022,0.001425,0.101568,0.005813,0,
0.088269,0.012927,0.356386,0.075779,0.228656,0.050623,0.032947,0.053860,0.020323,0.080231,4,
0.016776,0.846125,0.021585,0.012055,0.004001,0.009359,0.009216,0.008082,0.055061,0.017739,1,
0.753313,0.000734,0.135892,0.003143,0.000610,0.013102,0.080962,0.000510,0.011053,0.000680,6,
0.956457,0.000004,0.000113,0.000013,0.000004,0.039552,0.000165,0.000004,0.003681,0.000007,0,
0.000159,0.000838,0.002721,0.001654,0.697054,0.000936,0.001388,0.008349,0.001865,0.285034,4,
0.005717,0.000019,0.008985,0.000022,0.000950,0.002372,0.979198,0.000004,0.002663,0.000072,6,
0.000147,0.000099,0.001403,0.011957,0.004893,0.001416,0.000055,0.960692,0.000436,0.018900,7,
0.001190,0.002314,0.001977,0.005535,0.103918,0.002116,0.000404,0.021960,0.016196,0.844390,9,
0.004002,0.002382,0.003618,0.001204,0.764591,0.065370,0.010060,0.001107,0.003918,0.143748,4,
0.009373,0.000471,0.001015,0.005012,0.000292,0.964755,0.001681,0.000109,0.015672,0.001619,5,
0.222570,0.001330,0.650136,0.016572,0.010497,0.059629,0.024168,0.001288,0.006957,0.006852,2,
0.166830,0.001493,0.038376,0.063363,0.001792,0.104861,0.009427,0.001016,0.600701,0.012142,5,
0.005141,0.001995,0.051091,0.003954,0.425491,0.080302,0.414754,0.003213,0.006112,0.007946,4,
0.003480,0.000093,0.011466,0.000548,0.938674,0.022960,0.005858,0.001893,0.000646,0.014382,4,
0.997364,0.000001,0.000309,0.000074,0.000012,0.002067,0.000034,0.000005,0.000086,0.000051,0,
0.009987,0.000425,0.026387,0.199925,0.001225,0.005851,0.000969,0.001487,0.746430,0.007314,3,
0.623568,0.000157,0.005293,0.003466,0.000185,0.353085,0.003821,0.000498,0.009241,0.000687,8,
0.000035,0.000017,0.000170,0.007021,0.006895,0.001433,0.000015,0.927462,0.000641,0.056310,7,
0.000007,0.990045,0.000902,0.003325,0.000477,0.000147,0.000059,0.004113,0.000070,0.000855,1,
0.027608,0.006413,0.013879,0.299068,0.007102,0.055370,0.001989,0.009055,0.495406,0.084112,8,
0.003286,0.006074,0.007596,0.046415,0.113803,0.008827,0.001130,0.194072,0.006669,0.612127,9,
0.000997,0.004508,0.003534,0.018644,0.360880,0.003636,0.000637,0.037464,0.011232,0.558467,9,
0.000025,0.000935,0.000339,0.014594,0.002910,0.000195,0.000005,0.940771,0.000197,0.040031,7,
0.968207,0.000063,0.010288,0.001299,0.000005,0.015262,0.001842,0.000013,0.003007,0.000014,0,
0.996053,0.000002,0.000074,0.000122,0.000002,0.003622,0.000001,0.000000,0.000124,0.000000,0,
0.000002,0.000001,0.997894,0.000778,0.000001,0.000002,0.001296,0.000001,0.000025,0.000000,2,
0.001498,0.969683,0.007023,0.007053,0.000103,0.001753,0.000322,0.002658,0.009112,0.000795,1,
0.000627,0.004595,0.000517,0.035249,0.014039,0.021097,0.000179,0.673103,0.006888,0.243706,7,
0.997712,0.000000,0.000532,0.000490,0.000001,0.000972,0.000002,0.000002,0.000282,0.000007,0,
0.003603,0.009518,0.016027,0.007017,0.699411,0.056830,0.015853,0.047669,0.007108,0.136966,4,
0.000077,0.003350,0.000571,0.024491,0.006704,0.002242,0.000024,0.905272,0.000364,0.056905,7,
0.025100,0.000095,0.000743,0.011660,0.000112,0.027922,0.000094,0.000150,0.932146,0.001977,8,
0.000941,0.000850,0.983715,0.005830,0.001531,0.000270,0.004923,0.000099,0.001425,0.000417,3,
0.000222,0.000069,0.017219,0.000011,0.002685,0.000292,0.978635,0.000006,0.000801,0.000060,6,
0.000074,0.002308,0.000278,0.017136,0.004910,0.000442,0.000018,0.817647,0.000993,0.156194,7,
0.007088,0.001195,0.656033,0.002811,0.000287,0.002729,0.328047,0.000043,0.001685,0.000083,2,
0.042316,0.141736,0.057612,0.379990,0.006305,0.046541,0.003012,0.079466,0.206612,0.036409,3,
0.149971,0.002478,0.070417,0.060222,0.002372,0.152732,0.011385,0.001009,0.544800,0.004613,8,
0.239296,0.012529,0.020940,0.057031,0.006293,0.371772,0.002531,0.049275,0.186476,0.053856,5,
0.850604,0.001116,0.018774,0.028027,0.000746,0.055482,0.001018,0.001001,0.041264,0.001970,0,
0.218548,0.007374,0.031931,0.149053,0.005299,0.035094,0.005831,0.007857,0.520309,0.018704,3,
0.024780,0.002352,0.096560,0.007560,0.713559,0.018472,0.050321,0.028182,0.012018,0.046197,4,
0.005958,0.005093,0.128299,0.010432,0.635469,0.005470,0.019456,0.071959,0.005740,0.112123,2,
0.001502,0.684158,0.005181,0.019917,0.087091,0.072321,0.005691,0.063869,0.003983,0.056287,1,
0.386445,0.000482,0.002785,0.000846,0.000515,0.056589,0.001245,0.000860,0.549093,0.001140,8,
0.000491,0.003892,0.009496,0.000486,0.460786,0.021454,0.493789,0.000429,0.001083,0.008094,6,
0.067282,0.053892,0.157928,0.490281,0.001075,0.029156,0.002019,0.003421,0.187136,0.007808,3,
0.002052,0.951766,0.022531,0.001603,0.001095,0.001852,0.005231,0.002889,0.009493,0.001490,1,
0.000021,0.000655,0.000217,0.006247,0.005948,0.000338,0.000003,0.905197,0.000091,0.081284,7,
0.386485,0.000449,0.002846,0.000672,0.000728,0.046230,0.001733,0.000444,0.559198,0.001214,8,
0.000014,0.000010,0.000040,0.020878,0.000028,0.000101,0.000005,0.970948,0.000420,0.007556,7,
0.000591,0.002134,0.001006,0.003392,0.309529,0.011503,0.000284,0.044425,0.002812,0.624326,4,
0.155488,0.006993,0.048655,0.038042,0.000921,0.055201,0.007291,0.000594,0.682314,0.004501,8,
0.060606,0.001017,0.002877,0.008027,0.015747,0.728221,0.001038,0.029139,0.103078,0.050250,5,
0.002011,0.001484,0.003072,0.001986,0.533669,0.005842,0.002150,0.002904,0.004316,0.442565,4,
0.002552,0.003382,0.015173,0.002123,0.759938,0.152920,0.034199,0.006912,0.002763,0.020039,4,
0.000223,0.964976,0.002949,0.002678,0.002244,0.000947,0.000507,0.019533,0.000930,0.005013,1,
0.000493,0.013145,0.035998,0.931298,0.000102,0.005645,0.000123,0.011604,0.001028,0.000564,3,
0.113601,0.002335,0.008636,0.007304,0.004487,0.711211,0.021705,0.000400,0.120359,0.009963,5,
0.000216,0.000478,0.001533,0.932051,0.000036,0.000473,0.000005,0.053032,0.002614,0.009562,3,
0.000346,0.000213,0.000245,0.017897,0.025020,0.006442,0.000013,0.275589,0.004804,0.669431,9,
0.000067,0.000057,0.007518,0.000019,0.006460,0.000388,0.985170,0.000012,0.000131,0.000177,6,
0.000773,0.937934,0.007207,0.023742,0.001675,0.003988,0.000739,0.006014,0.009494,0.008434,1,
0.000947,0.000165,0.027042,0.000240,0.008261,0.002510,0.958868,0.000033,0.000959,0.000975,6,
0.008145,0.050312,0.106722,0.007800,0.399933,0.015852,0.333121,0.018662,0.015575,0.043877,6,
0.254722,0.003469,0.039555,0.102807,0.001954,0.426978,0.007504,0.001995,0.158467,0.002548,5,
0.001919,0.008355,0.010056,0.235290,0.003676,0.011052,0.000277,0.668403,0.004952,0.056020,7,
0.000632,0.000062,0.001143,0.000638,0.829461,0.145662,0.000909,0.004363,0.000511,0.016618,4,
0.009599,0.000098,0.048658,0.927461,0.000036,0.009889,0.000058,0.000463,0.003527,0.000210,3,
0.001407,0.856899,0.008674,0.021242,0.004656,0.003862,0.000689,0.069655,0.008086,0.024830,1,
0.016218,0.012306,0.116284,0.008710,0.580428,0.153164,0.017147,0.018589,0.006990,0.070163,5,
0.002265,0.000394,0.044823,0.000327,0.040193,0.002298,0.903666,0.000151,0.002161,0.003723,6,
0.545846,0.001432,0.013066,0.103271,0.000846,0.108176,0.000799,0.011653,0.208615,0.006297,0,
0.007604,0.012953,0.048273,0.003590,0.060899,0.040658,0.793029,0.001287,0.016250,0.015455,6,
0.000034,0.000112,0.000125,0.019143,0.002541,0.000226,0.000012,0.904777,0.000827,0.072202,7,
0.015789,0.006985,0.013115,0.001203,0.171143,0.699843,0.062538,0.002670,0.010129,0.016585,5,
0.996994,0.000001,0.000006,0.000011,0.000001,0.002663,0.000000,0.000000,0.000323,0.000000,0,
0.684400,0.002223,0.016374,0.004799,0.011380,0.110665,0.008278,0.003584,0.143022,0.015274,0,
0.000038,0.000131,0.000152,0.025380,0.000866,0.000357,0.000001,0.920916,0.000129,0.052031,7,
0.000182,0.002346,0.001064,0.013516,0.012001,0.000711,0.000042,0.695332,0.000592,0.274215,9,
0.061331,0.000290,0.000377,0.000283,0.002588,0.687321,0.000345,0.000758,0.238110,0.008598,5,
0.000261,0.000488,0.004515,0.000894,0.871830,0.000885,0.001348,0.003353,0.000443,0.115983,9,
0.004093,0.001635,0.019008,0.947723,0.000081,0.023543,0.000108,0.000562,0.002434,0.000814,3,
0.000765,0.947983,0.003173,0.006764,0.000420,0.001568,0.000188,0.031143,0.003778,0.004218,1,
0.001164,0.018292,0.010816,0.011683,0.728270,0.017685,0.010683,0.026908,0.004757,0.169741,4,
0.000172,0.001295,0.000834,0.007079,0.255627,0.001276,0.000167,0.099225,0.002177,0.632148,9,
0.967535,0.000003,0.000063,0.000016,0.000001,0.028469,0.000021,0.000002,0.003887,0.000003,0,
0.606137,0.000088,0.005145,0.009062,0.000174,0.016715,0.000070,0.000284,0.360254,0.002071,8,
0.000017,0.000021,0.992358,0.000120,0.000014,0.000009,0.007452,0.000002,0.000006,0.000000,2,
0.004748,0.110470,0.019574,0.021845,0.491493,0.035223,0.017994,0.020513,0.022603,0.255537,9,
0.061992,0.346785,0.098958,0.004935,0.004268,0.034265,0.210556,0.001474,0.230001,0.006765,1,
0.066531,0.000358,0.011661,0.011254,0.000816,0.649924,0.022919,0.000142,0.233702,0.002693,5,
0.009342,0.004437,0.143427,0.374321,0.149476,0.007223,0.007370,0.140054,0.015796,0.148553,7,
0.027927,0.000032,0.002384,0.000285,0.000143,0.935877,0.002453,0.000023,0.030770,0.000107,5,
0.017848,0.000385,0.916266,0.034362,0.000705,0.009113,0.018006,0.000249,0.002709,0.000357,2,
0.021008,0.000174,0.019853,0.931789,0.000033,0.025530,0.000058,0.000385,0.001100,0.000071,3,
0.154292,0.002354,0.007407,0.002014,0.000431,0.076733,0.002243,0.000804,0.750693,0.003030,5,
0.001257,0.000268,0.005038,0.983187,0.000005,0.006606,0.000006,0.000965,0.002081,0.000587,3,
0.143413,0.003655,0.008974,0.004314,0.003700,0.623685,0.020359,0.001670,0.179447,0.010781,0,
0.000040,0.981662,0.001767,0.007626,0.000452,0.000122,0.000045,0.005242,0.000544,0.002501,1,
0.111603,0.001868,0.005664,0.007603,0.023837,0.070574,0.020266,0.001728,0.616139,0.140717,8,
0.000850,0.000011,0.956327,0.038492,0.000008,0.000297,0.003982,0.000006,0.000021,0.000006,2,
0.169714,0.006254,0.067151,0.298168,0.003276,0.029368,0.003685,0.007345,0.405096,0.009944,2,
0.004056,0.000031,0.021155,0.969051,0.000010,0.000929,0.000009,0.000543,0.004032,0.000185,3,
0.000234,0.003025,0.000492,0.048276,0.007499,0.001278,0.000126,0.811137,0.002891,0.125042,7,
0.005872,0.145155,0.076888,0.012573,0.477073,0.029105,0.183720,0.009660,0.016672,0.043282,4,
