0, 1, 2, 3, 4, 5, 6, 7, 8, 9, True
0.064673,0.000000,0.730406,0.141300,0.063621,0.000000,0.000000,0.000000,0.000000,0.000000,2,
0.000000,0.000000,0.863238,0.071495,0.065267,0.000000,0.000000,0.000000,0.000000,0.000000,2,
0.000000,0.000000,0.000000,0.000000,0.000000,0.000000,0.000000,0.062050,0.000000,0.937950,7,
0.000000,1.000000,0.000000,0.000000,0.000000,0.000000,0.000000,0.000000,0.000000,0.000000,1,
0.000000,1.000000,0.000000,0.000000,0.000000,0.000000,0.000000,0.000000,0.000000,0.000000,1,
0.000000,0.000000,1.000000,0.000000,0.000000,0.000000,0.000000,0.000000,0.000000,0.000000,2,
0.000000,0.000000,1.000000,0.000000,0.000000,0.000000,0.000000,0.000000,0.000000,0.000000,2,
0.000000,0.000000,0.000000,0.000000,0.628751,0.000000,0.371249,0.000000,0.000000,0.000000,4,
0.000000,0.000000,0.203932,0.000000,0.076410,0.000000,0.719658,0.000000,0.000000,0.000000,2,
0.340949,0.000000,0.066746,0.000000,0.301469,0.074624,0.077071,0.000000,0.072396,0.066746,4,
0.143954,0.000000,0.000000,0.856046,0.000000,0.000000,0.000000,0.000000,0.000000,0.000000,3,
0.000000,0.000000,0.000000,0.000000,0.061361,0.064681,0.000000,0.750771,0.000000,0.123187,4,
1.000000,0.000000,0.000000,0.000000,0.000000,0.000000,0.000000,0.000000,0.000000,0.000000,0,
0.063935,0.000000,0.000000,0.000000,0.000000,0.936065,0.000000,0.000000,0.000000,0.000000,5,
0.000000,0.000000,0.000000,0.000000,0.000000,0.000000,0.000000,1.000000,0.000000,0.000000,7,
0.000000,0.000000,0.144521,0.000000,0.144451,0.000000,0.711028,0.000000,0.000000,0.000000,6,
0.068527,0.000000,0.069136,0.208099,0.077124,0.000000,0.000000,0.427668,0.000000,0.149447,7,
0.000000,0.000000,0.000000,0.000000,0.000000,0.000000,1.000000,0.000000,0.000000,0.000000,6,
0.000000,0.000000,0.000000,0.000000,0.000000,0.000000,0.000000,1.000000,0.000000,0.000000,7,
0.000000,0.000000,0.000000,0.000000,0.224826,0.000000,0.000000,0.420744,0.000000,0.354430,9,
0.163299,0.138003,0.065161,0.000000,0.130322,0.000000,0.351563,0.000000,0.081270,0.070382,2,
0.000000,0.000000,0.000000,0.000000,0.000000,0.000000,0.000000,0.376521,0.130834,0.492645,9,
0.000000,0.000000,0.000000,0.000000,0.000000,0.134058,0.000000,0.000000,0.865942,0.000000,8,
0.060182,0.000000,0.000000,0.000000,0.224091,0.064337,0.000000,0.218639,0.000000,0.432751,7,
0.000000,0.000000,0.000000,0.132412,0.000000,0.795555,0.000000,0.000000,0.000000,0.072033,5,
0.000000,0.000000,0.000000,0.000000,0.000000,0.000000,0.000000,0.935064,0.000000,0.064936,7,
0.000000,0.000000,0.709965,0.070599,0.000000,0.070600,0.148836,0.000000,0.000000,0.000000,2,
0.000000,0.000000,0.064070,0.000000,0.873666,0.000000,0.000000,0.000000,0.000000,0.062264,4,
0.000000,0.000000,0.000000,0.087350,0.000000,0.000000,0.000000,0.912650,0.000000,0.000000,7,
1.000000,0.000000,0.000000,0.000000,0.000000,0.000000,0.000000,0.000000,0.000000,0.000000,0,
0.000000,1.000000,0.000000,0.000000,0.000000,0.000000,0.000000,0.000000,0.000000,0.000000,1,
0.000000,0.000000,1.000000,0.000000,0.000000,0.000000,0.000000,0.000000,0.000000,0.000000,2,
0.070220,0.000000,0.000000,0.140710,0.335536,0.214899,0.000000,0.000000,0.000000,0.238635,5,
0.215096,0.000000,0.000000,0.206768,0.067776,0.000000,0.000000,0.000000,0.215097,0.295263,8,
0.131619,0.000000,0.000000,0.000000,0.000000,0.077169,0.000000,0.000000,0.791212,0.000000,8,
0.132894,0.000000,0.000000,0.000000,0.000000,0.000000,0.000000,0.000000,0.798332,0.068774,8,
0.000000,0.000000,0.684241,0.102228,0.057310,0.000000,0.000000,0.156221,0.000000,0.000000,2,
0.000000,0.431391,0.000000,0.000000,0.504170,0.000000,0.064439,0.000000,0.000000,0.000000,4,
0.000000,0.000000,0.000000,0.000000,0.000000,1.000000,0.000000,0.000000,0.000000,0.000000,5,
0.083170,0.000000,0.000000,0.000000,0.261717,0.655113,0.000000,0.000000,0.000000,0.000000,5,
0.000000,0.918067,0.000000,0.000000,0.081933,0.000000,0.000000,0.000000,0.000000,0.000000,1,
0.000000,0.650627,0.000000,0.222186,0.000000,0.063594,0.000000,0.063593,0.000000,0.000000,1,
0.062817,0.000000,0.871223,0.065960,0.000000,0.000000,0.000000,0.000000,0.000000,0.000000,2,
0.000000,0.000000,0.000000,0.000000,0.934738,0.000000,0.000000,0.000000,0.000000,0.065262,4,
0.000000,0.000000,0.000000,0.083024,0.000000,0.000000,0.000000,0.916976,0.000000,0.000000,7,
0.000000,0.000000,0.000000,0.000000,0.000000,0.000000,1.000000,0.000000,0.000000,0.000000,6,
0.000000,0.000000,0.000000,0.000000,0.269868,0.000000,0.000000,0.111534,0.000000,0.618599,9,
0.000000,0.000000,0.000000,0.000000,0.065987,0.000000,0.000000,0.076196,0.070543,0.787274,9,
0.000000,1.000000,0.000000,0.000000,0.000000,0.000000,0.000000,0.000000,0.000000,0.000000,1,
0.000000,1.000000,0.000000,0.000000,0.000000,0.000000,0.000000,0.000000,0.000000,0.000000,1,
0.000000,1.000000,0.000000,0.000000,0.000000,0.000000,0.000000,0.000000,0.000000,0.000000,1,
0.167751,0.000000,0.000000,0.000000,0.000000,0.000000,0.000000,0.000000,0.209429,0.622820,0,
0.000000,0.000000,0.073343,0.000000,0.000000,0.000000,0.926657,0.000000,0.000000,0.000000,6,
0.124668,0.000000,0.072617,0.072616,0.000000,0.065898,0.067926,0.000000,0.505706,0.090569,3,
0.000000,0.000000,0.000000,0.000000,0.066654,0.425137,0.000000,0.000000,0.374745,0.133464,5,
0.000000,0.000000,0.000000,0.000000,0.000000,1.000000,0.000000,0.000000,0.000000,0.000000,5,
0.000000,0.000000,0.000000,0.000000,0.363493,0.144032,0.418361,0.000000,0.074114,0.000000,6,
0.863466,0.000000,0.000000,0.000000,0.136534,0.000000,0.000000,0.000000,0.000000,0.000000,0,
0.000000,0.000000,0.000000,0.000000,0.000000,0.000000,0.000000,0.752374,0.000000,0.247626,4,
0.066422,0.203360,0.070015,0.085751,0.000000,0.000000,0.574451,0.000000,0.000000,0.000000,6,
0.000000,0.000000,0.000000,0.062083,0.065848,0.000000,0.000000,0.796033,0.000000,0.076036,9,
0.000000,0.000000,0.000000,0.000000,0.194883,0.000000,0.000000,0.087364,0.000000,0.717753,9,
0.000000,0.000000,0.000000,0.000000,0.000000,0.000000,0.000000,1.000000,0.000000,0.000000,7,
0.000000,0.000000,0.000000,0.000000,0.000000,0.000000,0.000000,0.150937,0.000000,0.849063,9,
0.000000,1.000000,0.000000,0.000000,0.000000,0.000000,0.000000,0.000000,0.000000,0.000000,1,
0.000000,0.000000,0.000000,0.000000,0.000000,0.000000,0.000000,0.377646,0.000000,0.622354,9,
0.000000,0.074227,0.000000,0.000000,0.429690,0.000000,0.000000,0.066391,0.000000,0.429691,7,
0.000000,0.000000,0.000000,0.000000,0.061965,0.000000,0.938035,0.000000,0.000000,0.000000,6,
0.066869,0.000000,0.636507,0.085817,0.000000,0.000000,0.075438,0.000000,0.135369,0.000000,2,
1.000000,0.000000,0.000000,0.000000,0.000000,0.000000,0.000000,0.000000,0.000000,0.000000,0,
0.000000,0.000000,0.000000,0.000000,0.385184,0.064493,0.000000,0.271724,0.000000,0.278600,9,
0.077101,0.000000,0.000000,0.000000,0.000000,0.000000,0.000000,0.077102,0.285966,0.559830,8,
0.000000,0.000000,0.000000,0.126247,0.000000,0.572039,0.000000,0.301714,0.000000,0.000000,5,
0.000000,0.000000,0.000000,0.058147,0.000000,0.000000,0.000000,0.941853,0.000000,0.000000,7,
0.000000,0.000000,0.000000,0.000000,0.207608,0.000000,0.000000,0.000000,0.000000,0.792392,9,
0.000000,1.000000,0.000000,0.000000,0.000000,0.000000,0.000000,0.000000,0.000000,0.000000,1,
0.070350,0.000000,0.304460,0.491038,0.000000,0.000000,0.000000,0.000000,0.134152,0.000000,2,
0.000000,0.000000,1.000000,0.000000,0.000000,0.000000,0.000000,0.000000,0.000000,0.000000,2,
0.216503,0.000000,0.233283,0.078590,0.000000,0.065753,0.199994,0.000000,0.205877,0.000000,3,
0.000000,0.000000,0.000000,0.000000,0.000000,0.857619,0.000000,0.142381,0.000000,0.000000,5,
0.000000,0.000000,0.073213,0.865869,0.000000,0.060918,0.000000,0.000000,0.000000,0.000000,3,
0.936227,0.000000,0.000000,0.000000,0.000000,0.000000,0.063773,0.000000,0.000000,0.000000,0,
0.157147,0.000000,0.000000,0.294522,0.000000,0.063960,0.000000,0.000000,0.484371,0.000000,8,
0.000000,0.000000,0.000000,0.787046,0.000000,0.212954,0.000000,0.000000,0.000000,0.000000,3,
0.072677,0.000000,0.000000,0.139683,0.000000,0.000000,0.277941,0.000000,0.509699,0.000000,5,
0.000000,0.000000,0.000000,1.000000,0.000000,0.000000,0.000000,0.000000,0.000000,0.000000,3,
0.000000,0.000000,0.000000,0.062195,0.000000,0.000000,0.000000,0.666355,0.000000,0.271451,9,
0.065840,0.000000,0.000000,0.000000,0.076026,0.638831,0.000000,0.000000,0.219303,0.000000,5,
0.000000,1.000000,0.000000,0.000000,0.000000,0.000000,0.000000,0.000000,0.000000,0.000000,1,
0.225640,0.000000,0.000000,0.000000,0.000000,0.067106,0.000000,0.000000,0.707254,0.000000,8,
0.219121,0.000000,0.000000,0.000000,0.071273,0.292363,0.275178,0.000000,0.068032,0.074033,6,
0.000000,0.000000,0.000000,0.000000,0.000000,0.000000,0.000000,1.000000,0.000000,0.000000,7,
0.139510,0.000000,0.145964,0.000000,0.000000,0.065551,0.000000,0.000000,0.648975,0.000000,5,
0.000000,0.000000,0.000000,0.650325,0.000000,0.281273,0.000000,0.000000,0.000000,0.068402,3,
0.000000,1.000000,0.000000,0.000000,0.000000,0.000000,0.000000,0.000000,0.000000,0.000000,1,
0.000000,0.000000,0.936486,0.000000,0.000000,0.000000,0.063514,0.000000,0.000000,0.000000,2,
0.000000,0.334290,0.000000,0.000000,0.414973,0.000000,0.179294,0.000000,0.000000,0.071443,1,
0.164945,0.000000,0.000000,0.207461,0.000000,0.000000,0.000000,0.000000,0.627595,0.000000,8,
0.000000,0.000000,0.000000,1.000000,0.000000,0.000000,0.000000,0.000000,0.000000,0.000000,3,
0.000000,0.065573,0.000000,0.000000,0.715185,0.000000,0.077587,0.000000,0.000000,0.141654,4,
0.000000,0.000000,0.000000,0.000000,0.933560,0.000000,0.000000,0.000000,0.000000,0.066440,4,
0.000000,0.770818,0.073926,0.000000,0.155256,0.000000,0.000000,0.000000,0.000000,0.000000,8,
0.000000,0.000000,0.000000,0.000000,0.000000,0.000000,0.000000,1.000000,0.000000,0.000000,7,
0.141944,0.000000,0.000000,0.000000,0.000000,0.000000,0.000000,0.000000,0.702966,0.155091,9,
0.000000,0.000000,0.000000,0.000000,0.000000,0.000000,0.000000,0.906081,0.000000,0.093919,7,
0.000000,0.134154,0.000000,0.000000,0.783832,0.000000,0.082014,0.000000,0.000000,0.000000,4,
0.000000,0.000000,0.655044,0.344956,0.000000,0.000000,0.000000,0.000000,0.000000,0.000000,2,
0.000000,0.000000,0.081524,0.000000,0.852994,0.000000,0.000000,0.065482,0.000000,0.000000,4,
0.000000,1.000000,0.000000,0.000000,0.000000,0.000000,0.000000,0.000000,0.000000,0.000000,1,
0.080547,0.000000,0.000000,0.000000,0.000000,0.000000,0.919453,0.000000,0.000000,0.000000,6,
0.000000,0.110829,0.825184,0.063987,0.000000,0.000000,0.000000,0.000000,0.000000,0.000000,2,
0.000000,0.000000,0.000000,0.000000,0.201449,0.077804,0.659238,0.000000,0.000000,0.061510,6,
0.135715,0.000000,0.000000,0.000000,0.000000,0.282408,0.000000,0.065431,0.215851,0.300594,5,
0.494585,0.000000,0.000000,0.000000,0.000000,0.000000,0.000000,0.000000,0.375385,0.130030,8,
0.000000,1.000000,0.000000,0.000000,0.000000,0.000000,0.000000,0.000000,0.000000,0.000000,1,
0.137716,0.000000,0.217610,0.000000,0.499604,0.000000,0.000000,0.145070,0.000000,0.000000,4,
0.000000,0.000000,0.000000,0.000000,0.655634,0.000000,0.344366,0.000000,0.000000,0.000000,4,
0.000000,0.000000,0.932352,0.000000,0.000000,0.000000,0.067648,0.000000,0.000000,0.000000,2,
1.000000,0.000000,0.000000,0.000000,0.000000,0.000000,0.000000,0.000000,0.000000,0.000000,0,
0.000000,1.000000,0.000000,0.000000,0.000000,0.000000,0.000000,0.000000,0.000000,0.000000,1,
0.482671,0.000000,0.000000,0.067372,0.000000,0.449957,0.000000,0.000000,0.000000,0.000000,0,
0.176809,0.000000,0.000000,0.000000,0.000000,0.000000,0.000000,0.000000,0.657700,0.165491,8,
0.000000,0.000000,0.803318,0.131144,0.000000,0.000000,0.000000,0.065538,0.000000,0.000000,2,
0.129647,0.000000,0.000000,0.000000,0.000000,0.522056,0.000000,0.000000,0.282753,0.065543,5,
0.000000,1.000000,0.000000,0.000000,0.000000,0.000000,0.000000,0.000000,0.000000,0.000000,1,
0.933338,0.000000,0.000000,0.000000,0.000000,0.066662,0.000000,0.000000,0.000000,0.000000,0,
0.000000,0.000000,0.000000,0.000000,0.299642,0.000000,0.000000,0.000000,0.000000,0.700358,2,
0.069607,0.000000,0.000000,0.451075,0.000000,0.137137,0.000000,0.000000,0.141497,0.200684,3,
0.068084,0.000000,0.126978,0.000000,0.804938,0.000000,0.000000,0.000000,0.000000,0.000000,4,
0.135372,0.000000,0.000000,0.000000,0.000000,0.000000,0.864628,0.000000,0.000000,0.000000,6,
0.000000,0.000000,0.000000,0.000000,0.000000,0.078051,0.193609,0.000000,0.665228,0.063112,9,
0.000000,1.000000,0.000000,0.000000,0.000000,0.000000,0.000000,0.000000,0.000000,0.000000,1,
0.000000,0.000000,0.000000,0.000000,0.247451,0.000000,0.000000,0.000000,0.000000,0.752549,4,
0.000000,0.000000,0.000000,0.801303,0.000000,0.134220,0.000000,0.064477,0.000000,0.000000,3,
0.000000,0.000000,0.000000,0.000000,0.930051,0.000000,0.069949,0.000000,0.000000,0.000000,4,
0.000000,0.000000,0.289863,0.710137,0.000000,0.000000,0.000000,0.000000,0.000000,0.000000,3,
0.000000,0.000000,0.000000,0.000000,0.000000,0.131426,0.000000,0.000000,0.868574,0.000000,3,
0.000000,0.000000,0.000000,0.075851,0.000000,0.924149,0.000000,0.000000,0.000000,0.000000,5,
0.000000,0.000000,0.000000,0.000000,0.116764,0.000000,0.000000,0.000000,0.000000,0.883236,9,
0.000000,0.000000,0.000000,0.000000,0.139555,0.000000,0.860445,0.000000,0.000000,0.000000,6,
0.073819,0.000000,0.000000,0.857580,0.000000,0.068601,0.000000,0.000000,0.000000,0.000000,3,
0.000000,0.000000,0.063267,0.000000,0.000000,0.000000,0.936733,0.000000,0.000000,0.000000,6,
0.325032,0.000000,0.000000,0.000000,0.000000,0.074746,0.000000,0.000000,0.600222,0.000000,8,
0.064296,0.000000,0.000000,0.000000,0.130702,0.000000,0.000000,0.337660,0.000000,0.467341,4,
0.000000,0.000000,0.000000,0.000000,0.279369,0.000000,0.000000,0.580664,0.000000,0.139967,9,
0.000000,0.000000,0.000000,0.060579,0.128308,0.000000,0.000000,0.000000,0.000000,0.811113,4,
0.000000,1.000000,0.000000,0.000000,0.000000,0.000000,0.000000,0.000000,0.000000,0.000000,1,
1.000000,0.000000,0.000000,0.000000,0.000000,0.000000,0.000000,0.000000,0.000000,0.000000,0,
0.142397,0.000000,0.299785,0.213115,0.000000,0.000000,0.146100,0.000000,0.198604,0.000000,3,
0.000000,0.000000,0.075496,0.000000,0.150029,0.000000,0.774475,0.000000,0.000000,0.000000,6,
0.579870,0.000000,0.000000,0.000000,0.000000,0.000000,0.000000,0.000000,0.357960,0.062170,0,
0.000000,0.064606,0.000000,0.000000,0.653873,0.000000,0.000000,0.000000,0.000000,0.281521,4,
0.135377,0.000000,0.000000,0.583395,0.000000,0.281228,0.000000,0.000000,0.000000,0.000000,3,
0.433334,0.000000,0.000000,0.000000,0.000000,0.000000,0.000000,0.000000,0.566666,0.000000,8,
0.000000,0.000000,0.063141,0.000000,0.726700,0.000000,0.000000,0.000000,0.000000,0.210160,9,
0.279776,0.000000,0.000000,0.071026,0.000000,0.000000,0.649198,0.000000,0.000000,0.000000,6,
0.000000,0.000000,0.091847,0.000000,0.067397,0.000000,0.840756,0.000000,0.000000,0.000000,6,
0.000000,0.000000,0.000000,0.000000,0.000000,0.000000,0.000000,1.000000,0.000000,0.000000,7,
0.000000,0.000000,0.655270,0.078524,0.000000,0.065698,0.200508,0.000000,0.000000,0.000000,2,
0.000000,1.000000,0.000000,0.000000,0.000000,0.000000,0.000000,0.000000,0.000000,0.000000,1,
0.127971,0.000000,0.000000,0.000000,0.203031,0.000000,0.000000,0.099125,0.346273,0.223601,0,
0.000000,0.000000,0.000000,0.000000,0.806208,0.000000,0.000000,0.000000,0.000000,0.193792,4,
0.267786,0.000000,0.000000,0.143640,0.000000,0.000000,0.000000,0.000000,0.588574,0.000000,8,
0.000000,0.000000,0.078436,0.062008,0.000000,0.000000,0.859557,0.000000,0.000000,0.000000,6,
0.000000,0.000000,0.000000,0.000000,0.000000,0.000000,1.000000,0.000000,0.000000,0.000000,6,
0.074084,0.000000,0.067012,0.209749,0.000000,0.299259,0.000000,0.000000,0.349896,0.000000,0,
0.000000,0.000000,0.143049,0.209169,0.000000,0.000000,0.000000,0.582353,0.065429,0.000000,3,
0.208298,0.000000,0.000000,0.000000,0.000000,0.158567,0.000000,0.000000,0.633135,0.000000,0,
0.000000,0.000000,0.000000,0.543380,0.000000,0.000000,0.062217,0.267201,0.000000,0.127203,3,
0.000000,0.000000,0.000000,0.000000,0.926818,0.000000,0.000000,0.000000,0.000000,0.073182,4,
0.000000,0.000000,0.000000,0.151967,0.000000,0.572420,0.000000,0.067785,0.061879,0.145950,3,
0.000000,0.000000,0.000000,0.000000,0.852498,0.000000,0.081464,0.000000,0.000000,0.066038,9,
0.000000,0.000000,0.000000,0.000000,0.000000,0.070199,0.929801,0.000000,0.000000,0.000000,6,
0.000000,0.000000,0.787792,0.000000,0.000000,0.144125,0.000000,0.000000,0.068082,0.000000,2,
0.000000,0.000000,0.000000,0.000000,0.100726,0.000000,0.000000,0.063706,0.063706,0.771862,9,
0.000000,1.000000,0.000000,0.000000,0.000000,0.000000,0.000000,0.000000,0.000000,0.000000,1,
0.863865,0.000000,0.000000,0.000000,0.000000,0.071550,0.000000,0.064586,0.000000,0.000000,0,
0.000000,0.000000,0.774708,0.000000,0.000000,0.000000,0.225292,0.000000,0.000000,0.000000,2,
0.412479,0.000000,0.000000,0.000000,0.065661,0.068580,0.064593,0.069862,0.318825,0.000000,8,
0.207355,0.000000,0.000000,0.148646,0.269084,0.000000,0.312101,0.000000,0.062814,0.000000,2,
0.662942,0.000000,0.066844,0.000000,0.064722,0.000000,0.000000,0.000000,0.000000,0.205491,0,
0.138030,0.000000,0.000000,0.000000,0.000000,0.861970,0.000000,0.000000,0.000000,0.000000,5,
0.560285,0.000000,0.000000,0.000000,0.302380,0.066759,0.000000,0.000000,0.070576,0.000000,0,
0.000000,0.065518,0.064078,0.870403,0.000000,0.000000,0.000000,0.000000,0.000000,0.000000,3,
0.132600,0.000000,0.000000,0.000000,0.796182,0.000000,0.000000,0.071218,0.000000,0.000000,4,
0.000000,1.000000,0.000000,0.000000,0.000000,0.000000,0.000000,0.000000,0.000000,0.000000,1,
0.000000,0.000000,0.068212,0.000000,0.284161,0.000000,0.580115,0.000000,0.000000,0.067512,6,
0.076265,0.000000,0.923735,0.000000,0.000000,0.000000,0.000000,0.000000,0.000000,0.000000,2,
0.000000,0.000000,0.000000,0.000000,0.254315,0.000000,0.745685,0.000000,0.000000,0.000000,6,
0.000000,0.000000,0.000000,0.000000,0.143555,0.000000,0.000000,0.503425,0.000000,0.353020,7,
0.061597,0.000000,0.000000,0.204847,0.000000,0.597261,0.000000,0.000000,0.136295,0.000000,5,
0.128346,0.000000,0.000000,0.164213,0.000000,0.073992,0.000000,0.000000,0.633449,0.000000,8,
0.000000,0.000000,0.000000,0.222241,0.000000,0.209992,0.000000,0.567766,0.000000,0.000000,5,
0.000000,0.073458,0.000000,0.217690,0.000000,0.434733,0.000000,0.200662,0.000000,0.073458,5,
0.000000,0.137799,0.000000,0.794350,0.000000,0.000000,0.000000,0.067851,0.000000,0.000000,3,
0.000000,0.000000,0.000000,0.000000,0.125982,0.000000,0.000000,0.399514,0.000000,0.474505,9,
0.000000,0.000000,0.000000,0.000000,0.000000,0.000000,0.000000,1.000000,0.000000,0.000000,7,
0.000000,0.000000,0.595326,0.000000,0.130014,0.000000,0.274660,0.000000,0.000000,0.000000,2,
0.000000,0.000000,0.000000,0.863954,0.000000,0.000000,0.000000,0.068023,0.068023,0.000000,3,
0.000000,1.000000,0.000000,0.000000,0.000000,0.000000,0.000000,0.000000,0.000000,0.000000,1,
0.058008,0.000000,0.000000,0.000000,0.058008,0.000000,0.883984,0.000000,0.000000,0.000000,6,
0.068735,0.000000,0.000000,0.000000,0.067190,0.000000,0.000000,0.792811,0.000000,0.071265,3,
0.000000,0.000000,0.000000,0.000000,0.000000,0.000000,1.000000,0.000000,0.000000,0.000000,6,
0.000000,0.000000,0.000000,0.000000,0.000000,1.000000,0.000000,0.000000,0.000000,0.000000,5,
0.000000,0.000000,0.074830,0.000000,0.438899,0.069779,0.000000,0.000000,0.276536,0.139956,4,
0.000000,0.000000,0.000000,0.000000,0.000000,0.000000,1.000000,0.000000,0.000000,0.000000,6,
0.000000,0.000000,0.000000,0.000000,0.000000,0.000000,0.000000,0.935291,0.000000,0.064709,7,
0.000000,0.000000,1.000000,0.000000,0.000000,0.000000,0.000000,0.000000,0.000000,0.000000,2,
0.000000,0.000000,0.000000,0.137795,0.064385,0.000000,0.000000,0.797820,0.000000,0.000000,7,
0.000000,0.000000,0.000000,0.000000,0.000000,0.000000,0.000000,0.776436,0.000000,0.223564,7,
0.000000,0.000000,0.000000,0.000000,1.000000,0.000000,0.000000,0.000000,0.000000,0.000000,4,
0.074043,0.000000,0.000000,0.359252,0.000000,0.223771,0.000000,0.000000,0.000000,0.342934,5,
0.000000,0.000000,0.000000,0.000000,0.000000,0.000000,0.000000,0.934526,0.000000,0.065474,7,
0.000000,0.000000,0.000000,0.000000,0.000000,0.000000,0.000000,0.000000,1.000000,0.000000,8,
0.000000,0.000000,0.795602,0.204398,0.000000,0.000000,0.000000,0.000000,0.000000,0.000000,2,
0.000000,0.000000,0.000000,0.653993,0.067532,0.000000,0.000000,0.137358,0.069490,0.071628,3,
0.000000,0.000000,0.131377,0.868623,0.000000,0.000000,0.000000,0.000000,0.000000,0.000000,3,
0.000000,0.000000,0.000000,0.000000,0.068632,0.000000,0.000000,0.000000,0.000000,0.931368,9,
0.154624,0.000000,0.068743,0.068743,0.068743,0.076857,0.000000,0.000000,0.283604,0.278687,3,
0.000000,0.000000,0.231018,0.000000,0.353229,0.000000,0.156683,0.000000,0.063956,0.195113,2,
0.000000,0.000000,1.000000,0.000000,0.000000,0.000000,0.000000,0.000000,0.000000,0.000000,2,
0.000000,0.000000,0.348885,0.169596,0.000000,0.133778,0.000000,0.347741,0.000000,0.000000,7,
0.000000,0.000000,0.000000,0.000000,0.058573,0.000000,0.000000,0.814898,0.000000,0.126529,7,
0.000000,0.000000,0.000000,0.862609,0.000000,0.000000,0.000000,0.000000,0.000000,0.137391,5,
0.000000,0.000000,0.000000,0.220097,0.286495,0.000000,0.000000,0.287128,0.000000,0.206280,7,
0.000000,0.000000,0.000000,0.000000,0.000000,0.057682,0.000000,0.814184,0.000000,0.128134,7,
0.000000,0.000000,0.000000,0.000000,0.000000,0.000000,0.000000,0.925832,0.000000,0.074168,7,
0.219682,0.000000,0.210356,0.215247,0.000000,0.000000,0.000000,0.000000,0.354715,0.000000,0,
0.000000,0.000000,0.000000,0.198328,0.137122,0.071012,0.000000,0.066109,0.365343,0.162086,3,
0.000000,0.000000,0.000000,0.000000,0.919850,0.000000,0.080150,0.000000,0.000000,0.000000,4,
0.000000,0.000000,0.000000,0.000000,0.151282,0.000000,0.000000,0.163655,0.000000,0.685064,4,
0.000000,1.000000,0.000000,0.000000,0.000000,0.000000,0.000000,0.000000,0.000000,0.000000,1,
0.000000,0.000000,0.000000,0.000000,0.638876,0.140700,0.000000,0.148860,0.000000,0.071564,4,
0.000000,0.000000,0.000000,1.000000,0.000000,0.000000,0.000000,0.000000,0.000000,0.000000,3,
0.000000,0.000000,0.000000,0.939122,0.000000,0.060878,0.000000,0.000000,0.000000,0.000000,3,
0.000000,0.000000,0.000000,0.000000,0.000000,0.561496,0.000000,0.438504,0.000000,0.000000,5,
0.000000,0.216745,0.000000,0.000000,0.642135,0.000000,0.000000,0.000000,0.000000,0.141119,4,
0.000000,0.000000,0.000000,0.063864,0.000000,0.000000,0.000000,0.803692,0.000000,0.132443,7,
0.000000,0.000000,0.000000,1.000000,0.000000,0.000000,0.000000,0.000000,0.000000,0.000000,3,
0.000000,1.000000,0.000000,0.000000,0.000000,0.000000,0.000000,0.000000,0.000000,0.000000,1,
0.000000,0.416902,0.000000,0.000000,0.273867,0.153558,0.000000,0.000000,0.085700,0.069973,4,
0.000000,0.000000,0.000000,0.000000,0.590706,0.212802,0.000000,0.067041,0.067040,0.062412,5,
0.000000,0.000000,0.000000,0.343495,0.000000,0.552593,0.000000,0.000000,0.103912,0.000000,5,
0.000000,0.000000,1.000000,0.000000,0.000000,0.000000,0.000000,0.000000,0.000000,0.000000,2,
0.000000,0.000000,0.280404,0.000000,0.137236,0.067618,0.000000,0.141977,0.000000,0.372764,4,
0.351582,0.000000,0.000000,0.000000,0.000000,0.000000,0.000000,0.000000,0.648418,0.000000,8,
0.000000,0.000000,0.000000,0.000000,0.000000,0.932777,0.000000,0.067223,0.000000,0.000000,5,
0.000000,0.000000,0.000000,0.000000,0.000000,0.071386,0.000000,0.000000,0.928614,0.000000,8,
0.000000,0.000000,0.000000,0.000000,0.000000,0.000000,0.000000,0.132098,0.000000,0.867902,9,
0.852504,0.000000,0.000000,0.000000,0.000000,0.066860,0.000000,0.000000,0.080636,0.000000,0,
0.000000,0.000000,0.000000,0.000000,0.000000,0.000000,0.000000,1.000000,0.000000,0.000000,7,
0.000000,0.000000,0.000000,0.000000,0.000000,0.351286,0.000000,0.581794,0.066920,0.000000,7,
0.000000,0.000000,1.000000,0.000000,0.000000,0.000000,0.000000,0.000000,0.000000,0.000000,2,
0.000000,0.000000,0.000000,0.065186,0.060351,0.000000,0.000000,0.447830,0.000000,0.426634,9,
0.000000,0.000000,1.000000,0.000000,0.000000,0.000000,0.000000,0.000000,0.000000,0.000000,2,
0.135182,0.000000,0.000000,0.078592,0.000000,0.069151,0.000000,0.000000,0.640071,0.077004,3,
0.000000,0.000000,0.000000,0.000000,0.060683,0.000000,0.000000,0.848292,0.000000,0.091025,7,
0.000000,0.000000,0.000000,0.000000,0.787530,0.000000,0.000000,0.212470,0.000000,0.000000,4,
0.000000,0.000000,0.000000,0.000000,0.072426,0.283475,0.000000,0.063335,0.441181,0.139583,8,
0.000000,0.000000,0.934886,0.000000,0.000000,0.000000,0.000000,0.000000,0.000000,0.065114,2,
0.000000,0.000000,0.000000,0.000000,0.000000,0.793211,0.000000,0.000000,0.206789,0.000000,5,
0.000000,1.000000,0.000000,0.000000,0.000000,0.000000,0.000000,0.000000,0.000000,0.000000,1,
0.000000,0.000000,0.142331,0.641051,0.000000,0.000000,0.000000,0.000000,0.137820,0.078798,3,
0.000000,0.000000,1.000000,0.000000,0.000000,0.000000,0.000000,0.000000,0.000000,0.000000,2,
0.068744,0.000000,0.068744,0.000000,0.266941,0.000000,0.595570,0.000000,0.000000,0.000000,6,
0.000000,0.000000,0.000000,0.000000,0.782695,0.069696,0.000000,0.000000,0.000000,0.147609,4,
0.210830,0.000000,0.000000,0.000000,0.000000,0.059876,0.000000,0.000000,0.665928,0.063366,8,
0.083880,0.000000,0.000000,0.141065,0.000000,0.000000,0.000000,0.000000,0.775054,0.000000,8,
0.000000,0.000000,0.000000,0.319335,0.000000,0.680665,0.000000,0.000000,0.000000,0.000000,5,
0.066979,0.000000,0.201054,0.464337,0.062653,0.064708,0.000000,0.000000,0.140270,0.000000,3,
0.000000,0.000000,0.000000,0.000000,0.000000,0.071023,0.069129,0.646259,0.000000,0.213589,7,
0.000000,0.000000,0.000000,0.000000,0.308513,0.000000,0.000000,0.000000,0.000000,0.691487,9,
0.128404,0.000000,0.209094,0.333907,0.000000,0.000000,0.000000,0.000000,0.328594,0.000000,2,
0.000000,0.000000,0.061909,0.800361,0.000000,0.075822,0.000000,0.061908,0.000000,0.000000,3,
0.000000,0.000000,0.000000,0.000000,0.000000,0.000000,1.000000,0.000000,0.000000,0.000000,6,
0.000000,0.000000,0.000000,0.000000,0.000000,0.000000,0.000000,1.000000,0.000000,0.000000,7,
0.204436,0.000000,0.136367,0.592019,0.000000,0.067178,0.000000,0.000000,0.000000,0.000000,3,
0.000000,0.000000,0.000000,0.000000,0.000000,0.000000,0.000000,1.000000,0.000000,0.000000,7,
0.000000,0.000000,0.000000,0.000000,0.000000,0.440731,0.000000,0.559269,0.000000,0.000000,8,
0.000000,0.000000,0.000000,0.000000,1.000000,0.000000,0.000000,0.000000,0.000000,0.000000,4,
0.000000,0.000000,0.429228,0.000000,0.505647,0.000000,0.065125,0.000000,0.000000,0.000000,4,
0.000000,0.000000,0.938220,0.000000,0.000000,0.061780,0.000000,0.000000,0.000000,0.000000,2,
0.145334,0.074019,0.000000,0.234007,0.000000,0.000000,0.066205,0.000000,0.417312,0.063123,8,
0.000000,0.000000,0.000000,0.000000,0.000000,0.071680,0.000000,0.324183,0.087788,0.516349,9,
0.000000,0.000000,0.000000,0.000000,0.214045,0.072428,0.000000,0.000000,0.000000,0.713527,9,
1.000000,0.000000,0.000000,0.000000,0.000000,0.000000,0.000000,0.000000,0.000000,0.000000,0,
0.136528,0.000000,0.587979,0.000000,0.000000,0.000000,0.202288,0.000000,0.073205,0.000000,0,
1.000000,0.000000,0.000000,0.000000,0.000000,0.000000,0.000000,0.000000,0.000000,0.000000,0,
0.000000,1.000000,0.000000,0.000000,0.000000,0.000000,0.000000,0.000000,0.000000,0.000000,1,
0.064360,0.000000,0.000000,0.000000,0.000000,0.000000,0.000000,0.129323,0.000000,0.806316,9,
0.000000,1.000000,0.000000,0.000000,0.000000,0.000000,0.000000,0.000000,0.000000,0.000000,1,
0.000000,0.000000,0.000000,0.179983,0.000000,0.488813,0.000000,0.258689,0.072515,0.000000,5,
0.063687,0.000000,0.000000,0.000000,0.000000,0.207397,0.000000,0.000000,0.728916,0.000000,5,
0.430350,0.000000,0.064290,0.000000,0.148860,0.000000,0.066398,0.068729,0.221372,0.000000,0,
0.000000,0.000000,0.000000,0.070823,0.267532,0.070823,0.000000,0.070822,0.000000,0.520000,4,
0.000000,0.064749,0.592438,0.213318,0.000000,0.000000,0.000000,0.000000,0.129495,0.000000,2,
0.000000,0.081285,0.785825,0.000000,0.064598,0.000000,0.000000,0.068292,0.000000,0.000000,2,
0.069245,0.000000,0.150615,0.494204,0.000000,0.071292,0.000000,0.000000,0.214644,0.000000,8,
0.069539,0.000000,0.070973,0.000000,0.214199,0.000000,0.072500,0.066913,0.302586,0.203290,0,
0.000000,0.000000,0.061128,0.116930,0.068343,0.478429,0.000000,0.055802,0.219368,0.000000,5,
0.000000,0.000000,0.716962,0.071890,0.064023,0.000000,0.000000,0.147125,0.000000,0.000000,2,
0.066098,0.000000,0.143326,0.074289,0.216720,0.067521,0.432047,0.000000,0.000000,0.000000,2,
0.000000,0.000000,0.000000,0.000000,0.000000,0.000000,0.000000,0.066007,0.066007,0.867987,9,
0.000000,0.000000,0.064971,0.058112,0.091884,0.069457,0.000000,0.126227,0.000000,0.589349,8,
0.000000,0.000000,1.000000,0.000000,0.000000,0.000000,0.000000,0.000000,0.000000,0.000000,2,
0.000000,0.000000,0.000000,0.000000,0.000000,0.000000,0.000000,1.000000,0.000000,0.000000,7,
0.136896,0.000000,0.000000,0.072743,0.064153,0.000000,0.000000,0.000000,0.726208,0.000000,8,
0.221197,0.000000,0.000000,0.000000,0.000000,0.000000,0.076342,0.000000,0.702461,0.000000,0,
0.070190,0.000000,0.000000,0.000000,0.070190,0.000000,0.000000,0.000000,0.160758,0.698861,9,
0.557781,0.000000,0.000000,0.000000,0.067655,0.000000,0.223087,0.000000,0.151477,0.000000,0,
0.075643,0.000000,0.068280,0.067050,0.000000,0.000000,0.789027,0.000000,0.000000,0.000000,6,
0.000000,0.000000,0.000000,0.069064,0.000000,0.650734,0.000000,0.212726,0.067476,0.000000,5,
0.931100,0.000000,0.000000,0.068900,0.000000,0.000000,0.000000,0.000000,0.000000,0.000000,0,
0.000000,0.000000,0.837299,0.000000,0.000000,0.000000,0.000000,0.162701,0.000000,0.000000,2,
0.000000,0.000000,1.000000,0.000000,0.000000,0.000000,0.000000,0.000000,0.000000,0.000000,6,
0.084955,0.000000,0.648905,0.200679,0.000000,0.000000,0.000000,0.000000,0.065462,0.000000,2,
0.784457,0.000000,0.000000,0.145020,0.000000,0.070523,0.000000,0.000000,0.000000,0.000000,0,
0.000000,0.000000,0.000000,0.928560,0.000000,0.071440,0.000000,0.000000,0.000000,0.000000,3,
0.204701,0.000000,0.000000,0.000000,0.000000,0.126539,0.000000,0.000000,0.668759,0.000000,8,
0.156783,0.000000,0.000000,0.077621,0.339405,0.000000,0.285128,0.000000,0.000000,0.141064,8,
0.000000,0.000000,1.000000,0.000000,0.000000,0.000000,0.000000,0.000000,0.000000,0.000000,2,
0.073955,0.000000,0.785760,0.065106,0.000000,0.000000,0.000000,0.000000,0.000000,0.075178,2,
0.000000,0.071471,0.204176,0.724353,0.000000,0.000000,0.000000,0.000000,0.000000,0.000000,2,
0.000000,0.000000,0.000000,0.065713,0.000000,0.870801,0.000000,0.000000,0.063486,0.000000,5,
0.000000,0.000000,0.000000,0.000000,0.367681,0.000000,0.000000,0.066524,0.068859,0.496936,9,
0.000000,1.000000,0.000000,0.000000,0.000000,0.000000,0.000000,0.000000,0.000000,0.000000,1,
0.202255,0.000000,0.000000,0.000000,0.797745,0.000000,0.000000,0.000000,0.000000,0.000000,9,
0.000000,0.000000,0.000000,0.000000,0.498773,0.000000,0.000000,0.000000,0.000000,0.501227,9,
0.000000,0.000000,0.000000,0.000000,0.000000,0.000000,1.000000,0.000000,0.000000,0.000000,6,
0.000000,0.000000,1.000000,0.000000,0.000000,0.000000,0.000000,0.000000,0.000000,0.000000,2,
0.000000,0.000000,0.000000,0.000000,0.077905,0.000000,0.000000,0.127813,0.000000,0.794282,9,
0.000000,0.000000,0.000000,0.799616,0.000000,0.200384,0.000000,0.000000,0.000000,0.000000,3,
0.000000,0.000000,0.768387,0.093188,0.000000,0.000000,0.000000,0.000000,0.000000,0.138425,2,
0.000000,0.000000,0.000000,0.000000,0.000000,0.000000,0.000000,1.000000,0.000000,0.000000,7,
0.000000,0.000000,0.000000,0.000000,0.134033,0.000000,0.000000,0.000000,0.149155,0.716812,9,
0.062617,0.000000,0.000000,0.634658,0.000000,0.196296,0.000000,0.106428,0.000000,0.000000,3,
0.000000,1.000000,0.000000,0.000000,0.000000,0.000000,0.000000,0.000000,0.000000,0.000000,1,
0.000000,0.763711,0.000000,0.159087,0.000000,0.000000,0.000000,0.077202,0.000000,0.000000,1,
0.000000,0.000000,0.000000,0.000000,0.142287,0.066036,0.000000,0.066035,0.000000,0.725641,9,
0.000000,0.465578,0.061291,0.000000,0.256396,0.065009,0.082230,0.000000,0.069497,0.000000,1,
0.000000,0.000000,0.000000,0.000000,0.000000,0.000000,0.000000,0.087186,0.000000,0.912814,9,
0.000000,0.000000,0.000000,0.222099,0.205045,0.000000,0.000000,0.134509,0.000000,0.438348,7,
0.000000,0.000000,0.577673,0.000000,0.000000,0.000000,0.422327,0.000000,0.000000,0.000000,6,
0.064037,0.000000,0.000000,0.782461,0.000000,0.000000,0.000000,0.073456,0.080046,0.000000,3,
0.000000,0.000000,0.000000,0.000000,0.141105,0.000000,0.000000,0.198039,0.000000,0.660855,9,
0.000000,0.000000,0.000000,0.000000,0.000000,0.000000,0.000000,0.591330,0.061107,0.347563,9,
0.000000,0.000000,0.000000,0.074555,0.000000,0.925445,0.000000,0.000000,0.000000,0.000000,5,
0.000000,0.000000,0.000000,0.000000,0.000000,0.000000,1.000000,0.000000,0.000000,0.000000,6,
0.000000,0.000000,1.000000,0.000000,0.000000,0.000000,0.000000,0.000000,0.000000,0.000000,2,
0.000000,1.000000,0.000000,0.000000,0.000000,0.000000,0.000000,0.000000,0.000000,0.000000,1,
0.000000,0.000000,0.000000,0.091327,0.235438,0.062390,0.000000,0.132143,0.140990,0.337712,9,
0.128874,0.000000,0.000000,0.109179,0.000000,0.000000,0.000000,0.000000,0.761947,0.000000,8,
0.000000,0.000000,0.000000,0.062736,0.137676,0.000000,0.000000,0.133084,0.130653,0.535852,9,
0.000000,0.000000,0.805808,0.068307,0.000000,0.064544,0.061341,0.000000,0.000000,0.000000,6,
0.000000,0.079885,0.000000,0.103132,0.072925,0.000000,0.000000,0.554592,0.000000,0.189466,7,
0.000000,0.000000,0.000000,0.000000,0.000000,0.000000,0.000000,0.935907,0.000000,0.064093,7,
0.000000,0.000000,0.000000,0.000000,0.000000,0.000000,1.000000,0.000000,0.000000,0.000000,6,
0.075434,0.080643,0.000000,0.000000,0.413805,0.067470,0.000000,0.000000,0.000000,0.362647,5,
0.355096,0.000000,0.000000,0.000000,0.000000,0.070573,0.000000,0.000000,0.270626,0.303706,9,
0.000000,0.000000,0.000000,0.000000,0.611568,0.000000,0.000000,0.060116,0.000000,0.328316,4,
0.000000,0.000000,1.000000,0.000000,0.000000,0.000000,0.000000,0.000000,0.000000,0.000000,2,
1.000000,0.000000,0.000000,0.000000,0.000000,0.000000,0.000000,0.000000,0.000000,0.000000,0,
0.000000,1.000000,0.000000,0.000000,0.000000,0.000000,0.000000,0.000000,0.000000,0.000000,1,
0.000000,0.000000,0.068642,0.931358,0.000000,0.000000,0.000000,0.000000,0.000000,0.000000,3,
0.453457,0.000000,0.063403,0.000000,0.483139,0.000000,0.000000,0.000000,0.000000,0.000000,0,
0.000000,0.000000,0.000000,0.000000,0.000000,0.000000,0.000000,1.000000,0.000000,0.000000,7,
0.000000,0.000000,0.000000,1.000000,0.000000,0.000000,0.000000,0.000000,0.000000,0.000000,3,
0.000000,0.000000,0.000000,0.000000,0.579987,0.064660,0.000000,0.000000,0.000000,0.355352,4,
0.000000,0.000000,0.000000,0.000000,0.503954,0.156966,0.000000,0.000000,0.000000,0.339080,4,
0.000000,0.000000,0.000000,0.000000,0.000000,0.000000,0.000000,1.000000,0.000000,0.000000,7,
0.000000,0.000000,0.000000,1.000000,0.000000,0.000000,0.000000,0.000000,0.000000,0.000000,3,
0.000000,0.000000,0.793668,0.206332,0.000000,0.000000,0.000000,0.000000,0.000000,0.000000,2,
0.000000,0.000000,0.000000,0.000000,0.289408,0.000000,0.000000,0.000000,0.000000,0.710592,9,
0.000000,0.000000,0.000000,0.483656,0.000000,0.439432,0.000000,0.000000,0.076912,0.000000,3,
0.064359,0.000000,0.724427,0.135063,0.000000,0.000000,0.000000,0.000000,0.076151,0.000000,2,
0.000000,0.000000,0.000000,0.000000,0.063291,0.304959,0.000000,0.000000,0.553620,0.078129,5,
0.000000,0.072983,0.356620,0.000000,0.373879,0.000000,0.000000,0.129384,0.000000,0.067134,2,
0.000000,0.000000,0.068400,0.000000,0.000000,0.000000,0.931600,0.000000,0.000000,0.000000,6,
0.000000,0.000000,0.000000,0.000000,0.064454,0.000000,0.000000,0.000000,0.064454,0.871092,8,
0.148518,0.000000,0.000000,0.273167,0.000000,0.000000,0.000000,0.000000,0.509700,0.068616,3,
0.000000,0.000000,0.000000,1.000000,0.000000,0.000000,0.000000,0.000000,0.000000,0.000000,3,
0.000000,0.000000,0.000000,0.000000,0.000000,0.000000,0.000000,0.928128,0.000000,0.071872,7,
0.000000,0.000000,0.000000,0.000000,0.000000,0.000000,0.000000,0.943460,0.000000,0.056540,7,
0.428354,0.000000,0.000000,0.000000,0.000000,0.431955,0.000000,0.000000,0.139691,0.000000,2,
0.000000,0.000000,0.000000,0.000000,0.308713,0.000000,0.000000,0.287258,0.000000,0.404028,9,
0.000000,0.000000,0.000000,0.000000,0.000000,0.000000,0.000000,0.937437,0.000000,0.062563,7,
0.095005,0.000000,0.000000,0.071819,0.071818,0.077573,0.000000,0.197698,0.071819,0.414269,9,
0.000000,0.000000,0.000000,0.000000,0.067699,0.654803,0.000000,0.277499,0.000000,0.000000,5,
0.000000,0.070983,0.000000,0.066399,0.000000,0.000000,0.000000,0.484743,0.000000,0.377875,7,
0.000000,0.000000,0.075135,0.706829,0.000000,0.064075,0.000000,0.000000,0.067202,0.086759,3,
0.132797,0.000000,0.463950,0.000000,0.129634,0.000000,0.273619,0.000000,0.000000,0.000000,2,
0.000000,1.000000,0.000000,0.000000,0.000000,0.000000,0.000000,0.000000,0.000000,0.000000,1,
0.000000,0.000000,0.000000,0.304845,0.000000,0.606144,0.000000,0.000000,0.000000,0.089011,5,
0.000000,0.000000,0.000000,0.000000,0.000000,0.000000,0.000000,0.940275,0.000000,0.059725,7,
0.000000,0.000000,0.000000,0.000000,1.000000,0.000000,0.000000,0.000000,0.000000,0.000000,4,
0.000000,0.000000,0.000000,0.140914,0.417514,0.000000,0.000000,0.065230,0.000000,0.376342,4,
0.000000,0.000000,0.000000,0.000000,0.000000,0.000000,0.000000,0.924213,0.000000,0.075787,7,
0.000000,0.000000,0.000000,0.068567,0.000000,0.931433,0.000000,0.000000,0.000000,0.000000,5,
0.000000,0.000000,0.000000,0.000000,0.000000,0.000000,0.000000,1.000000,0.000000,0.000000,7,
0.000000,0.000000,0.000000,0.000000,0.000000,0.934873,0.000000,0.065127,0.000000,0.000000,5,
0.000000,0.000000,0.000000,0.000000,0.000000,0.075425,0.000000,0.348902,0.000000,0.575672,7,
0.000000,0.000000,0.000000,0.000000,0.000000,0.371612,0.000000,0.628388,0.000000,0.000000,5,
0.000000,0.000000,1.000000,0.000000,0.000000,0.000000,0.000000,0.000000,0.000000,0.000000,2,
1.000000,0.000000,0.000000,0.000000,0.000000,0.000000,0.000000,0.000000,0.000000,0.000000,0,
0.000000,0.000000,0.000000,0.000000,0.000000,0.000000,1.000000,0.000000,0.000000,0.000000,6,
0.000000,0.000000,0.000000,0.000000,0.645595,0.000000,0.000000,0.000000,0.149646,0.204760,6,
0.071218,0.000000,0.361240,0.000000,0.503255,0.000000,0.000000,0.064287,0.000000,0.000000,4,
0.000000,0.000000,0.000000,0.000000,0.000000,0.000000,0.000000,1.000000,0.000000,0.000000,7,
0.000000,1.000000,0.000000,0.000000,0.000000,0.000000,0.000000,0.000000,0.000000,0.000000,1,
0.000000,0.000000,0.074228,0.000000,0.654234,0.000000,0.000000,0.000000,0.000000,0.271538,4,
0.000000,0.000000,0.000000,0.000000,0.064087,0.000000,0.000000,0.058503,0.000000,0.877410,4,
0.000000,1.000000,0.000000,0.000000,0.000000,0.000000,0.000000,0.000000,0.000000,0.000000,1,
0.000000,0.000000,0.000000,0.070068,0.000000,0.929932,0.000000,0.000000,0.000000,0.000000,5,
0.000000,0.000000,0.000000,0.000000,0.000000,0.000000,0.000000,0.833699,0.000000,0.166301,3,
0.278397,0.000000,0.000000,0.000000,0.153517,0.568086,0.000000,0.000000,0.000000,0.000000,5,
0.401454,0.000000,0.220402,0.000000,0.000000,0.000000,0.378144,0.000000,0.000000,0.000000,6,
0.784563,0.000000,0.000000,0.075525,0.000000,0.000000,0.000000,0.000000,0.068707,0.071205,0,
0.000000,0.000000,0.000000,0.000000,0.000000,0.000000,0.000000,0.143063,0.000000,0.856937,7,
0.000000,0.000000,0.000000,0.000000,0.000000,0.000000,1.000000,0.000000,0.000000,0.000000,6,
0.779843,0.000000,0.000000,0.065214,0.000000,0.075710,0.000000,0.000000,0.079234,0.000000,0,
0.000000,0.000000,0.000000,0.000000,0.000000,0.000000,0.000000,0.136887,0.000000,0.863113,9,
1.000000,0.000000,0.000000,0.000000,0.000000,0.000000,0.000000,0.000000,0.000000,0.000000,0,
0.000000,0.000000,0.942788,0.000000,0.000000,0.000000,0.000000,0.057212,0.000000,0.000000,2,
0.000000,0.000000,1.000000,0.000000,0.000000,0.000000,0.000000,0.000000,0.000000,0.000000,2,
0.000000,0.000000,0.000000,0.000000,0.000000,0.000000,0.930211,0.000000,0.000000,0.069789,6,
0.000000,0.000000,0.000000,0.000000,0.000000,0.000000,0.000000,0.064191,0.000000,0.935809,9,
0.000000,0.000000,0.000000,0.000000,0.208875,0.000000,0.000000,0.127920,0.000000,0.663205,7,
0.000000,0.000000,0.000000,0.000000,0.203340,0.000000,0.000000,0.077720,0.000000,0.718940,9,
0.000000,0.000000,0.000000,0.000000,0.000000,0.000000,0.000000,1.000000,0.000000,0.000000,7,
