0, 1, 2, 3, 4, 5, 6, 7, 8, 9, True
0.200979,0.000001,0.568970,0.059037,0.025089,0.099536,0.041508,0.000267,0.004318,0.000295,2,
0.046721,0.000316,0.401825,0.026048,0.363131,0.027133,0.124496,0.005504,0.000652,0.004172,2,
0.007892,0.000914,0.000250,0.036913,0.055884,0.070336,0.000024,0.482090,0.021721,0.323977,7,
0.000625,0.912721,0.012098,0.040371,0.001281,0.006682,0.000083,0.021339,0.001868,0.002933,1,
0.012741,0.490286,0.339753,0.061659,0.007919,0.036329,0.013865,0.003197,0.029329,0.004921,1,
0.227973,0.000000,0.724928,0.002013,0.000022,0.014778,0.028898,0.000000,0.001388,0.000000,2,
0.000378,0.001393,0.977635,0.019075,0.000016,0.000806,0.000662,0.000010,0.000025,0.000000,2,
0.075903,0.000000,0.232738,0.000960,0.071652,0.006979,0.611352,0.000008,0.000312,0.000097,4,
0.013871,0.000014,0.345721,0.000634,0.024683,0.002170,0.612540,0.000008,0.000263,0.000096,2,
0.105712,0.000289,0.020843,0.015705,0.536517,0.103831,0.031244,0.013425,0.042676,0.129759,4,
0.116304,0.000000,0.052419,0.460002,0.001990,0.345055,0.000181,0.002333,0.021317,0.000398,3,
0.038061,0.000716,0.002017,0.031379,0.223816,0.126724,0.000821,0.130962,0.058022,0.387483,4,
0.486399,0.000000,0.014070,0.030853,0.117298,0.302226,0.005947,0.001544,0.034216,0.007446,0,
0.303586,0.000000,0.005298,0.077146,0.004791,0.482048,0.000227,0.000681,0.124585,0.001638,5,
0.000020,0.000648,0.000001,0.006622,0.000350,0.001366,0.000000,0.977315,0.000092,0.013587,7,
0.046798,0.000001,0.202844,0.000617,0.027354,0.006035,0.714146,0.000004,0.002016,0.000185,6,
0.070686,0.000023,0.004444,0.188464,0.122752,0.285881,0.000218,0.234603,0.018593,0.074337,7,
0.003988,0.000187,0.103710,0.000088,0.021045,0.000574,0.869903,0.000003,0.000306,0.000195,6,
0.002496,0.000028,0.000043,0.072593,0.006943,0.049534,0.000000,0.815276,0.003431,0.049655,7,
0.014835,0.002647,0.000904,0.027761,0.142757,0.076251,0.000242,0.257222,0.033498,0.443885,9,
0.007860,0.099832,0.057899,0.001535,0.511420,0.004854,0.269087,0.003422,0.001869,0.042221,2,
0.027822,0.006354,0.003086,0.056378,0.118351,0.139024,0.000567,0.189143,0.085744,0.373531,9,
0.054102,0.000076,0.145094,0.013750,0.000183,0.065898,0.008878,0.000005,0.711841,0.000173,8,
0.016838,0.214767,0.027131,0.028313,0.319133,0.043783,0.011462,0.099241,0.016862,0.222470,7,
0.040234,0.000076,0.000557,0.039702,0.110504,0.187990,0.000132,0.160160,0.090775,0.369869,5,
0.000032,0.003401,0.000002,0.006527,0.000884,0.001625,0.000000,0.962174,0.000148,0.025207,7,
0.007411,0.014876,0.906412,0.009580,0.000237,0.008577,0.032780,0.000008,0.020068,0.000052,2,
0.020201,0.166194,0.021500,0.017199,0.338999,0.043940,0.017503,0.054632,0.031683,0.288149,4,
0.000773,0.000029,0.000011,0.043771,0.002662,0.022946,0.000000,0.894198,0.001549,0.034062,7,
0.953689,0.000000,0.000504,0.000023,0.001256,0.019282,0.013027,0.000000,0.012218,0.000003,0,
0.000648,0.940767,0.027079,0.019129,0.000933,0.004217,0.000336,0.003764,0.001886,0.001241,1,
0.030965,0.000000,0.921106,0.009926,0.000543,0.010373,0.026451,0.000002,0.000632,0.000003,2,
0.131459,0.000040,0.032443,0.205747,0.198222,0.292092,0.002200,0.085806,0.015331,0.036661,5,
0.046476,0.005687,0.006466,0.026910,0.222559,0.122971,0.004001,0.057393,0.123337,0.384200,8,
0.125840,0.000187,0.016282,0.003560,0.075502,0.086259,0.067760,0.000359,0.567912,0.056338,8,
0.164682,0.000000,0.000026,0.003272,0.012081,0.247804,0.000032,0.000673,0.537599,0.033833,8,
0.010101,0.070341,0.303844,0.063686,0.393854,0.016768,0.026619,0.101846,0.000236,0.012704,2,
0.020216,0.354430,0.074407,0.029495,0.263061,0.041984,0.030471,0.045283,0.018022,0.122631,4,
0.117351,0.014726,0.228772,0.078565,0.072277,0.193469,0.047103,0.006198,0.203705,0.037835,5,
0.396236,0.000000,0.016964,0.035756,0.185694,0.295539,0.008085,0.003574,0.041178,0.016973,5,
0.003376,0.768289,0.036905,0.008587,0.103394,0.007314,0.013469,0.021832,0.002022,0.034813,1,
0.000133,0.905721,0.006010,0.031430,0.001005,0.001855,0.000018,0.052603,0.000096,0.001129,1,
0.018992,0.000068,0.892010,0.023092,0.000038,0.021836,0.007375,0.000002,0.036581,0.000006,2,
0.143380,0.000021,0.010022,0.096286,0.248225,0.301972,0.001803,0.069924,0.037994,0.090373,4,
0.000124,0.006111,0.000043,0.019208,0.003348,0.003319,0.000000,0.950166,0.000119,0.017562,7,
0.005907,0.000078,0.007520,0.000017,0.095642,0.000710,0.884509,0.000005,0.002110,0.003502,6,
0.012573,0.020567,0.002116,0.009458,0.272713,0.037269,0.002162,0.092398,0.030049,0.520695,9,
0.017479,0.026666,0.005948,0.011049,0.408404,0.038881,0.006753,0.071694,0.023032,0.390094,9,
0.000083,0.990334,0.002122,0.001470,0.001023,0.000482,0.000119,0.002630,0.000225,0.001512,1,
0.000714,0.953142,0.009044,0.013738,0.001771,0.005159,0.000236,0.007699,0.003822,0.004677,1,
0.000074,0.990144,0.006101,0.001361,0.000491,0.000339,0.000241,0.000724,0.000142,0.000384,1,
0.018110,0.001050,0.000440,0.003946,0.160359,0.046829,0.001009,0.028303,0.110706,0.629247,0,
0.010556,0.000188,0.233820,0.000905,0.151276,0.002247,0.600036,0.000119,0.000142,0.000711,6,
0.174004,0.000137,0.077992,0.049914,0.016186,0.244823,0.013469,0.000878,0.412551,0.010047,3,
0.063989,0.000002,0.000151,0.032491,0.053145,0.299068,0.000035,0.072949,0.207273,0.270896,5,
0.022961,0.000015,0.566713,0.339527,0.000141,0.065539,0.000443,0.000161,0.004486,0.000014,5,
0.076299,0.000002,0.152733,0.001641,0.191801,0.012745,0.561962,0.000071,0.001512,0.001234,6,
0.398849,0.000000,0.004300,0.041823,0.077305,0.405593,0.001118,0.003526,0.055023,0.012463,0,
0.007935,0.016554,0.001681,0.038568,0.128895,0.049030,0.000233,0.448755,0.011411,0.296939,4,
0.004540,0.751452,0.121349,0.004704,0.034018,0.006030,0.062133,0.001556,0.005109,0.009110,6,
0.001706,0.001357,0.000110,0.036586,0.017370,0.026025,0.000003,0.804417,0.003179,0.109247,9,
0.006903,0.022071,0.000670,0.005929,0.166295,0.026537,0.000719,0.097413,0.032069,0.641393,9,
0.005674,0.000089,0.000044,0.038245,0.019634,0.079759,0.000002,0.569123,0.025851,0.261579,7,
0.007520,0.000351,0.000047,0.004430,0.047915,0.043553,0.000041,0.069566,0.109094,0.717483,9,
0.000116,0.965026,0.005914,0.014024,0.000546,0.001286,0.000030,0.012159,0.000164,0.000734,1,
0.009024,0.000401,0.000135,0.040336,0.033082,0.096925,0.000011,0.418465,0.047433,0.354188,9,
0.004760,0.249381,0.004183,0.008220,0.269504,0.014969,0.003104,0.122991,0.006594,0.316293,7,
0.000490,0.003011,0.007649,0.000004,0.044928,0.000059,0.942801,0.000003,0.000111,0.000945,6,
0.030570,0.026038,0.063165,0.200350,0.001631,0.192326,0.000751,0.004252,0.473366,0.007552,2,
0.777392,0.000000,0.021609,0.001068,0.034645,0.059938,0.095168,0.000002,0.010035,0.000141,0,
0.109368,0.000230,0.079070,0.087665,0.466379,0.144459,0.016429,0.047341,0.008377,0.040682,9,
0.026720,0.000004,0.000078,0.005613,0.006135,0.110688,0.000037,0.003323,0.752252,0.095149,8,
0.028924,0.000032,0.001173,0.189052,0.048068,0.213041,0.000028,0.427845,0.015552,0.076285,5,
0.000999,0.000016,0.000006,0.038145,0.002666,0.031150,0.000000,0.865441,0.003650,0.057928,7,
0.061216,0.000056,0.000837,0.001519,0.182713,0.060966,0.008075,0.002137,0.346835,0.335646,9,
0.000168,0.977040,0.016083,0.003690,0.000404,0.000817,0.000341,0.000727,0.000391,0.000341,1,
0.142561,0.000070,0.337776,0.188892,0.006094,0.239576,0.007343,0.000939,0.075504,0.001244,2,
0.008161,0.000003,0.943155,0.002901,0.000270,0.002605,0.042596,0.000001,0.000308,0.000002,2,
0.584168,0.000000,0.083348,0.038855,0.010745,0.248449,0.009095,0.000065,0.025033,0.000242,3,
0.042962,0.000317,0.001455,0.032315,0.191351,0.148830,0.000560,0.122977,0.073438,0.385794,5,
0.005985,0.054356,0.080556,0.716547,0.001636,0.072329,0.000086,0.060016,0.006476,0.002013,3,
0.266293,0.000000,0.562183,0.012738,0.001982,0.067372,0.070649,0.000002,0.018756,0.000025,0,
0.232993,0.000000,0.099718,0.180824,0.000040,0.351361,0.000205,0.000006,0.134845,0.000007,8,
0.003619,0.000000,0.077204,0.860547,0.000000,0.050105,0.000001,0.000010,0.008514,0.000000,3,
0.129896,0.000155,0.311992,0.017415,0.003665,0.098454,0.069938,0.000034,0.367341,0.001110,5,
0.005486,0.000636,0.015751,0.843641,0.000095,0.105271,0.000004,0.011440,0.017337,0.000339,3,
0.000325,0.019545,0.000091,0.075648,0.001183,0.013912,0.000000,0.863060,0.001915,0.024322,9,
0.144645,0.000001,0.000556,0.031741,0.084624,0.366309,0.000203,0.025592,0.201348,0.144981,5,
0.000053,0.990204,0.002719,0.002599,0.000413,0.000416,0.000046,0.002893,0.000107,0.000550,1,
0.103066,0.000005,0.000859,0.008435,0.048131,0.180627,0.001010,0.003391,0.532915,0.121561,8,
0.472591,0.000000,0.007027,0.000338,0.115764,0.049344,0.249721,0.000006,0.101026,0.004183,6,
0.002334,0.000217,0.000127,0.093986,0.007323,0.045291,0.000001,0.803577,0.003281,0.043864,7,
0.075123,0.000000,0.303906,0.027478,0.000001,0.079493,0.000867,0.000000,0.513132,0.000001,5,
0.004453,0.000001,0.000587,0.832633,0.000027,0.137768,0.000000,0.015182,0.009191,0.000158,3,
0.000163,0.985465,0.005647,0.001777,0.001868,0.000677,0.000451,0.002032,0.000305,0.001615,1,
0.001104,0.000015,0.094070,0.000006,0.000264,0.000083,0.904087,0.000000,0.000370,0.000002,2,
0.013281,0.393278,0.085140,0.004911,0.247415,0.013661,0.158788,0.005244,0.012536,0.065745,1,
0.089463,0.000015,0.010281,0.057199,0.002388,0.257553,0.000518,0.000830,0.576378,0.005374,8,
0.002082,0.000111,0.016318,0.914065,0.000003,0.055951,0.000001,0.001002,0.010454,0.000013,3,
0.033479,0.009476,0.037958,0.003550,0.596819,0.022834,0.172090,0.004539,0.016587,0.102668,4,
0.017571,0.030650,0.016978,0.001901,0.603703,0.013833,0.118625,0.005652,0.015225,0.175862,4,
0.008831,0.202827,0.025306,0.019920,0.434279,0.020742,0.010636,0.130703,0.003105,0.143651,8,
0.000167,0.024221,0.000053,0.013616,0.006493,0.003761,0.000001,0.906176,0.000292,0.045220,7,
0.176838,0.000000,0.001212,0.000702,0.055529,0.073632,0.018089,0.000066,0.636230,0.037703,9,
0.001110,0.004958,0.000057,0.017658,0.018213,0.017717,0.000003,0.724147,0.004727,0.211409,7,
0.066607,0.001220,0.029937,0.008661,0.620983,0.054173,0.071366,0.008898,0.024801,0.113355,4,
0.000086,0.003764,0.023219,0.965806,0.000000,0.006186,0.000000,0.000269,0.000669,0.000000,2,
0.010539,0.104915,0.177104,0.062165,0.430857,0.020693,0.018958,0.148451,0.000469,0.025849,4,
0.000510,0.948610,0.011009,0.015529,0.002509,0.003629,0.000216,0.013533,0.001018,0.003436,1,
0.101856,0.000000,0.095842,0.000145,0.022001,0.003687,0.776186,0.000000,0.000270,0.000012,6,
0.001684,0.534987,0.404110,0.046272,0.000311,0.007056,0.001912,0.000461,0.003062,0.000144,2,
0.024844,0.004604,0.063567,0.000448,0.049500,0.008094,0.776811,0.000030,0.062234,0.009867,6,
0.066486,0.000106,0.001440,0.017463,0.205501,0.156121,0.001267,0.040178,0.141799,0.369639,5,
0.219480,0.000000,0.000817,0.002955,0.117787,0.160522,0.004169,0.000863,0.400758,0.092649,8,
0.000070,0.979362,0.012118,0.004508,0.000548,0.000421,0.000128,0.002573,0.000041,0.000230,1,
0.166740,0.000038,0.095266,0.081493,0.412841,0.168242,0.021545,0.022081,0.008673,0.023081,4,
0.084002,0.000000,0.069436,0.000061,0.012762,0.002163,0.831398,0.000000,0.000174,0.000005,4,
0.036141,0.000000,0.903721,0.005171,0.000564,0.007894,0.046051,0.000001,0.000454,0.000002,2,
0.624042,0.000000,0.310541,0.000861,0.000023,0.022311,0.038532,0.000000,0.003689,0.000000,0,
0.000925,0.935371,0.042676,0.002162,0.003394,0.001849,0.008974,0.000420,0.002416,0.001813,1,
0.541727,0.000000,0.000625,0.009309,0.017655,0.335415,0.000329,0.000192,0.091958,0.002789,0,
0.108316,0.000047,0.010658,0.005499,0.018450,0.104589,0.014627,0.000230,0.716027,0.021556,8,
0.000156,0.001756,0.876398,0.120502,0.000001,0.001130,0.000019,0.000013,0.000025,0.000000,2,
0.175508,0.000000,0.000424,0.019866,0.070617,0.352309,0.000235,0.010797,0.259829,0.110415,5,
0.000585,0.956237,0.006247,0.001863,0.013227,0.001721,0.002126,0.004765,0.001234,0.011995,1,
0.744941,0.000000,0.000165,0.000994,0.003844,0.164100,0.000310,0.000003,0.085396,0.000248,0,
0.108907,0.000025,0.006393,0.123370,0.193799,0.308554,0.000734,0.123517,0.033972,0.100728,2,
0.013555,0.000036,0.000080,0.054398,0.026405,0.151758,0.000005,0.416609,0.056610,0.280543,3,
0.130785,0.000003,0.316247,0.012137,0.264993,0.037693,0.234362,0.000591,0.001458,0.001730,4,
0.036588,0.000000,0.012065,0.000011,0.016326,0.001081,0.933132,0.000000,0.000762,0.000034,6,
0.116111,0.000355,0.087347,0.007591,0.012106,0.086755,0.079414,0.000081,0.603254,0.006987,9,
0.001099,0.887726,0.060424,0.010202,0.018762,0.002998,0.004704,0.009855,0.000364,0.003865,1,
0.060819,0.000362,0.002913,0.007846,0.339345,0.090043,0.006834,0.017414,0.112530,0.361895,4,
0.012257,0.003016,0.008416,0.630352,0.001148,0.203246,0.000014,0.067307,0.066973,0.007270,3,
0.029540,0.000546,0.066463,0.001154,0.382423,0.009004,0.493500,0.000430,0.003657,0.013284,4,
0.003220,0.002076,0.124489,0.818934,0.000362,0.033826,0.000029,0.016394,0.000566,0.000104,3,
0.070230,0.000000,0.001278,0.013003,0.000103,0.153846,0.000048,0.000016,0.761192,0.000282,3,
0.205994,0.000001,0.008102,0.097686,0.023160,0.458825,0.000654,0.006272,0.182648,0.016657,5,
0.012629,0.026549,0.001678,0.012872,0.164284,0.048987,0.001141,0.103837,0.057162,0.570859,9,
0.032482,0.000006,0.406910,0.002876,0.133714,0.006347,0.417053,0.000117,0.000168,0.000327,6,
0.010808,0.000060,0.079009,0.815954,0.000364,0.084460,0.000030,0.006858,0.002345,0.000113,3,
0.012600,0.000003,0.118314,0.000207,0.068613,0.001352,0.798580,0.000008,0.000141,0.000183,6,
0.101705,0.000007,0.000801,0.005721,0.086301,0.150456,0.001749,0.003703,0.462916,0.186640,8,
0.097052,0.000075,0.018065,0.162549,0.251251,0.246225,0.001575,0.142930,0.014667,0.065610,4,
0.003474,0.006904,0.000475,0.037073,0.053492,0.033431,0.000030,0.666816,0.005374,0.192930,9,
0.008453,0.133636,0.005505,0.005907,0.373295,0.018634,0.008526,0.058411,0.013387,0.374246,4,
0.000160,0.987347,0.003288,0.000789,0.002584,0.000544,0.000706,0.001316,0.000467,0.002799,1,
0.889852,0.000000,0.000131,0.000125,0.001436,0.062641,0.000912,0.000000,0.044880,0.000023,0,
0.039488,0.083854,0.498557,0.093206,0.005423,0.095672,0.020272,0.001250,0.158046,0.004231,3,
0.146722,0.000002,0.169111,0.004233,0.256397,0.030736,0.387271,0.000184,0.003153,0.002192,6,
0.099476,0.000005,0.002491,0.003288,0.015008,0.099595,0.004551,0.000198,0.751234,0.024153,0,
0.034008,0.194525,0.220827,0.012588,0.186347,0.034486,0.228903,0.003943,0.036197,0.048175,4,
0.072628,0.000000,0.029629,0.563206,0.000462,0.312035,0.000036,0.001498,0.020355,0.000150,3,
0.194032,0.000000,0.001149,0.001266,0.002969,0.096089,0.002334,0.000007,0.700258,0.001895,8,
0.037171,0.000808,0.009958,0.000304,0.347108,0.011773,0.441377,0.000195,0.064530,0.086777,9,
0.151463,0.000000,0.093671,0.000207,0.026675,0.005880,0.721607,0.000000,0.000477,0.000018,6,
0.095709,0.000069,0.046292,0.001115,0.212523,0.025479,0.553586,0.000115,0.047475,0.017637,6,
0.000007,0.002196,0.000001,0.005224,0.000234,0.000555,0.000000,0.985636,0.000020,0.006127,7,
0.007411,0.011082,0.877193,0.006148,0.001579,0.005719,0.086503,0.000023,0.004229,0.000112,2,
0.000620,0.953850,0.025567,0.009915,0.000534,0.003373,0.000513,0.001061,0.003645,0.000922,1,
0.102840,0.000001,0.000683,0.001606,0.033937,0.090221,0.003362,0.000294,0.706069,0.060987,0,
0.028204,0.007854,0.009184,0.002343,0.557261,0.024677,0.064261,0.006379,0.037578,0.262261,4,
0.041869,0.029032,0.276563,0.310544,0.003753,0.183494,0.002864,0.005277,0.142138,0.004467,8,
0.004955,0.002915,0.020518,0.000059,0.104805,0.001018,0.857048,0.000023,0.002554,0.006104,6,
0.000408,0.000930,0.003048,0.000001,0.030892,0.000038,0.963667,0.000001,0.000165,0.000850,6,
0.109176,0.000227,0.022474,0.159777,0.018232,0.377321,0.001088,0.013000,0.271426,0.027278,0,
0.002575,0.029861,0.006872,0.087765,0.071583,0.018351,0.000138,0.750902,0.000385,0.031568,3,
0.076896,0.000000,0.000963,0.001066,0.003694,0.059370,0.002337,0.000022,0.849308,0.006343,0,
0.011093,0.005440,0.001006,0.028978,0.138289,0.061783,0.000224,0.322149,0.022466,0.408571,3,
0.038569,0.006344,0.056606,0.083982,0.484260,0.081117,0.009389,0.154331,0.005008,0.080395,4,
0.042397,0.000067,0.001566,0.236161,0.017350,0.362979,0.000030,0.165656,0.102367,0.071427,3,
0.466258,0.000000,0.122315,0.002476,0.068508,0.045598,0.290567,0.000008,0.004070,0.000200,9,
0.020755,0.000000,0.011966,0.000015,0.013069,0.001345,0.945772,0.000000,0.006823,0.000255,6,
0.029981,0.122937,0.468807,0.010275,0.014706,0.029037,0.215819,0.000224,0.102713,0.005501,2,
0.008073,0.062394,0.002439,0.010750,0.257767,0.027960,0.001772,0.142169,0.016454,0.470222,9,
0.000058,0.984890,0.001686,0.003604,0.000576,0.000564,0.000025,0.007398,0.000127,0.001073,1,
0.486599,0.000000,0.000428,0.011194,0.016025,0.375188,0.000180,0.000306,0.106424,0.003655,0,
0.005905,0.000221,0.133052,0.000269,0.101788,0.001017,0.757034,0.000037,0.000127,0.000550,2,
0.719995,0.000000,0.001494,0.001249,0.028104,0.137596,0.007375,0.000010,0.102672,0.001504,8,
0.061996,0.115867,0.311888,0.104037,0.104919,0.127799,0.042821,0.019010,0.066812,0.044850,2,
0.144670,0.000238,0.054357,0.210747,0.095332,0.352870,0.003629,0.038548,0.062332,0.037277,0,
0.047788,0.000083,0.000850,0.091476,0.037138,0.309084,0.000066,0.127806,0.188701,0.197009,5,
0.522799,0.000000,0.008913,0.006851,0.146465,0.196483,0.021009,0.000336,0.085412,0.011731,0,
0.000118,0.000036,0.007587,0.984713,0.000000,0.006742,0.000000,0.000687,0.000117,0.000000,3,
0.060311,0.002063,0.094436,0.032889,0.611601,0.063653,0.049281,0.027871,0.006362,0.051534,4,
0.000161,0.982126,0.006460,0.002771,0.002039,0.000762,0.000328,0.003617,0.000209,0.001527,1,
0.551629,0.000000,0.015436,0.005477,0.002349,0.177352,0.007464,0.000003,0.240083,0.000208,6,
0.010769,0.000033,0.941158,0.029025,0.000409,0.010135,0.007703,0.000023,0.000738,0.000008,2,
0.035609,0.008695,0.101996,0.003653,0.413393,0.018989,0.367128,0.001816,0.011290,0.037431,6,
0.006225,0.044040,0.001294,0.014263,0.173468,0.030058,0.000535,0.242534,0.014890,0.472692,7,
0.049719,0.000000,0.000039,0.081691,0.003969,0.489608,0.000001,0.046942,0.277722,0.050310,5,
0.268277,0.000000,0.018794,0.047326,0.000113,0.317293,0.000262,0.000006,0.347889,0.000039,8,
0.010356,0.000015,0.000088,0.089901,0.018450,0.135745,0.000002,0.603891,0.018563,0.122989,5,
0.011872,0.060496,0.014321,0.163494,0.082034,0.080277,0.000474,0.476305,0.009625,0.101102,5,
0.000471,0.268156,0.032213,0.650696,0.000060,0.014943,0.000003,0.032280,0.001008,0.000170,3,
0.019146,0.000053,0.000155,0.047496,0.048314,0.157597,0.000016,0.330757,0.061501,0.334967,9,
0.000650,0.076465,0.000248,0.015896,0.028937,0.008295,0.000014,0.734210,0.001230,0.134054,7,
0.013981,0.003535,0.523737,0.016922,0.292574,0.008967,0.131365,0.006256,0.000141,0.002522,2,
0.060026,0.000003,0.000835,0.169485,0.054758,0.349378,0.000030,0.250924,0.032156,0.082404,3,
0.000290,0.856885,0.022084,0.079640,0.000713,0.003894,0.000033,0.035582,0.000214,0.000666,1,
0.088255,0.000003,0.044485,0.000651,0.235086,0.014397,0.604175,0.000050,0.008110,0.004789,6,
0.050989,0.000000,0.000057,0.177974,0.003204,0.566136,0.000001,0.074444,0.104907,0.022288,3,
0.001506,0.062201,0.112370,0.000135,0.041326,0.000427,0.780617,0.000032,0.000297,0.001090,6,
0.052342,0.016974,0.279865,0.362408,0.018927,0.189833,0.004442,0.021312,0.044397,0.009499,5,
0.079903,0.000373,0.010872,0.058708,0.362049,0.175947,0.003424,0.094602,0.035012,0.179111,4,
0.005810,0.000008,0.003303,0.000005,0.056827,0.000475,0.928769,0.000001,0.002768,0.002034,6,
0.000356,0.045120,0.000130,0.015706,0.014822,0.005912,0.000004,0.837818,0.000617,0.079514,7,
0.001924,0.000019,0.982877,0.011031,0.000009,0.002055,0.001825,0.000001,0.000260,0.000000,2,
0.011912,0.080408,0.024684,0.488452,0.007563,0.142570,0.000124,0.183514,0.035867,0.024906,7,
0.000809,0.000526,0.000036,0.034628,0.006172,0.018310,0.000000,0.877811,0.001768,0.059940,7,
0.115303,0.000088,0.044463,0.152438,0.329613,0.212976,0.004644,0.088477,0.009717,0.042281,4,
0.012967,0.027754,0.003438,0.016748,0.292426,0.042696,0.001998,0.155092,0.019746,0.427136,5,
0.000450,0.005925,0.000037,0.017352,0.008322,0.009711,0.000001,0.857241,0.001539,0.099422,7,
0.103281,0.000000,0.000055,0.006726,0.002405,0.239254,0.000015,0.000426,0.637349,0.010489,8,
0.000508,0.370684,0.545170,0.078973,0.000024,0.003467,0.000265,0.000177,0.000724,0.000010,2,
0.077941,0.002592,0.057746,0.322528,0.034258,0.324767,0.001575,0.050132,0.095160,0.033301,3,
0.000530,0.000217,0.121619,0.867264,0.000002,0.009625,0.000001,0.000612,0.000129,0.000001,3,
0.013665,0.038331,0.002538,0.011741,0.202967,0.045442,0.002133,0.085280,0.052876,0.545027,9,
0.034673,0.008811,0.004108,0.043635,0.112485,0.146151,0.001139,0.098017,0.161154,0.389826,3,
0.048908,0.008259,0.242888,0.003015,0.025354,0.024800,0.506799,0.000061,0.133824,0.006093,2,
0.105807,0.000000,0.550592,0.001110,0.003695,0.007396,0.331006,0.000000,0.000391,0.000003,2,
0.007704,0.031071,0.014213,0.091495,0.181368,0.037122,0.000734,0.562006,0.001485,0.072802,7,
0.002413,0.008469,0.000300,0.029707,0.041931,0.026223,0.000019,0.690594,0.004694,0.195651,7,
0.028225,0.000025,0.013245,0.505877,0.000148,0.285791,0.000014,0.002389,0.163710,0.000576,5,
0.055586,0.011715,0.076290,0.349208,0.014632,0.286068,0.001359,0.032546,0.148939,0.023657,7,
0.002043,0.119192,0.003361,0.181909,0.008480,0.035083,0.000018,0.614223,0.003707,0.031984,7,
0.010939,0.002390,0.001362,0.110608,0.047863,0.099909,0.000048,0.562047,0.016051,0.148782,7,
0.079414,0.009928,0.534968,0.055600,0.015992,0.105510,0.064052,0.000809,0.128582,0.005145,0,
0.063287,0.000020,0.001120,0.107869,0.012743,0.389785,0.000052,0.038400,0.318139,0.068584,3,
0.012893,0.021450,0.015659,0.000509,0.515568,0.006214,0.311433,0.001122,0.011660,0.103493,4,
0.050016,0.000399,0.002056,0.002815,0.333991,0.055867,0.012622,0.006473,0.143924,0.391837,4,
0.000112,0.967600,0.008733,0.009940,0.001017,0.000903,0.000072,0.010890,0.000074,0.000661,1,
0.073141,0.000404,0.006103,0.027789,0.362568,0.143123,0.004217,0.054333,0.061530,0.266793,4,
0.000557,0.000089,0.004071,0.962421,0.000004,0.024116,0.000000,0.007957,0.000770,0.000014,3,
0.011860,0.000000,0.014267,0.810641,0.000004,0.144258,0.000001,0.000192,0.018772,0.000006,3,
0.046418,0.000000,0.000033,0.100987,0.011609,0.466478,0.000001,0.180296,0.101672,0.092505,5,
0.013462,0.073260,0.010189,0.011669,0.455009,0.029014,0.009986,0.080399,0.012225,0.304788,4,
0.000433,0.008509,0.000356,0.588503,0.000071,0.035123,0.000000,0.360818,0.004058,0.002129,7,
0.001439,0.000001,0.001709,0.928599,0.000001,0.060256,0.000000,0.000939,0.007050,0.000006,3,
0.007627,0.460281,0.109492,0.022282,0.266585,0.014135,0.029469,0.049518,0.001519,0.039093,1,
0.011049,0.189639,0.010255,0.014358,0.312474,0.029841,0.007093,0.094286,0.015890,0.315114,4,
0.068025,0.000335,0.003884,0.019761,0.327544,0.132441,0.003618,0.043173,0.082423,0.318796,5,
0.164590,0.000000,0.002436,0.205910,0.000003,0.510679,0.000001,0.000004,0.116376,0.000001,5,
0.000334,0.000722,0.982810,0.014759,0.000001,0.000882,0.000267,0.000000,0.000225,0.000000,2,
0.016430,0.005181,0.022775,0.159202,0.197411,0.068016,0.000882,0.477074,0.001886,0.051143,4,
0.085239,0.000000,0.000470,0.004072,0.005073,0.128810,0.000360,0.000222,0.761001,0.014753,8,
0.182319,0.000000,0.000033,0.028467,0.006842,0.568724,0.000003,0.004753,0.193304,0.015556,5,
0.104805,0.000004,0.066309,0.066673,0.000274,0.209257,0.001110,0.000041,0.551262,0.000265,8,
0.029364,0.000093,0.000244,0.001774,0.130194,0.051571,0.001329,0.006887,0.250484,0.528060,9,
0.533035,0.000000,0.023239,0.022999,0.130342,0.245062,0.013394,0.000794,0.026192,0.004944,0,
0.000100,0.020308,0.000019,0.009258,0.003978,0.002835,0.000000,0.913433,0.000298,0.049770,7,
0.048751,0.000042,0.000911,0.080036,0.103903,0.245389,0.000103,0.232795,0.057394,0.230676,7,
0.027321,0.000001,0.865445,0.006538,0.005679,0.007047,0.087760,0.000013,0.000184,0.000014,2,
0.009986,0.262220,0.014645,0.076811,0.108438,0.055651,0.001217,0.291933,0.014396,0.164702,9,
0.000350,0.000011,0.993955,0.004727,0.000001,0.000407,0.000506,0.000000,0.000044,0.000000,2,
0.090200,0.000000,0.000091,0.027272,0.000087,0.349977,0.000001,0.000087,0.531893,0.000391,3,
0.002103,0.010442,0.000291,0.028131,0.040002,0.023410,0.000018,0.703595,0.004085,0.187923,7,
0.043735,0.002035,0.006156,0.025028,0.378181,0.098611,0.004078,0.080356,0.041627,0.320194,4,
0.075905,0.000001,0.000286,0.085575,0.047878,0.409523,0.000023,0.133566,0.102738,0.144504,8,
0.009823,0.035797,0.393691,0.017265,0.397366,0.008461,0.114898,0.015631,0.000201,0.006868,2,
0.186011,0.000000,0.002623,0.083960,0.001808,0.476616,0.000067,0.000753,0.246335,0.001828,5,
0.001494,0.884819,0.011251,0.037045,0.003997,0.012807,0.000223,0.030007,0.006642,0.011716,1,
0.053974,0.000089,0.145905,0.460060,0.000472,0.244444,0.000332,0.001028,0.093324,0.000371,3,
0.006871,0.000302,0.923556,0.007746,0.003391,0.003843,0.053983,0.000043,0.000230,0.000034,2,
0.019391,0.000106,0.014361,0.000109,0.214878,0.003421,0.729301,0.000035,0.007073,0.011324,6,
0.069283,0.000851,0.011062,0.011446,0.508262,0.082836,0.020699,0.018182,0.052871,0.224507,4,
0.065636,0.000001,0.000796,0.000913,0.006777,0.053482,0.002936,0.000042,0.855154,0.014263,8,
0.293419,0.000000,0.113594,0.156505,0.000012,0.334763,0.000144,0.000001,0.101560,0.000001,8,
0.037815,0.000008,0.025959,0.541440,0.000139,0.286207,0.000024,0.001222,0.106931,0.000256,5,
0.024465,0.003594,0.326289,0.490781,0.001053,0.123172,0.000732,0.003343,0.025994,0.000577,3,
0.020370,0.001867,0.008995,0.140716,0.165738,0.095782,0.000430,0.476820,0.004671,0.084611,7,
0.020249,0.008344,0.003684,0.000908,0.457421,0.016706,0.057075,0.003408,0.059746,0.372458,9,
0.075873,0.000147,0.658998,0.071961,0.001179,0.096962,0.015014,0.000071,0.079570,0.000225,2,
0.003833,0.002543,0.031372,0.866397,0.000059,0.075096,0.000006,0.007539,0.012970,0.000187,3,
0.001258,0.000306,0.004913,0.000004,0.048523,0.000129,0.943069,0.000002,0.000431,0.001367,6,
0.000230,0.000039,0.000003,0.025554,0.001069,0.009851,0.000000,0.940538,0.000620,0.022096,7,
0.120797,0.000000,0.321549,0.346781,0.001093,0.199132,0.000993,0.000316,0.009281,0.000059,3,
0.000423,0.043057,0.000222,0.020255,0.016997,0.006436,0.000006,0.849600,0.000487,0.062518,7,
0.082517,0.000000,0.000065,0.095674,0.014274,0.556553,0.000002,0.082099,0.109689,0.059127,8,
0.047314,0.001016,0.041157,0.177187,0.305473,0.129071,0.002627,0.239708,0.004388,0.052059,4,
0.022348,0.000172,0.118798,0.000510,0.065936,0.004672,0.782286,0.000025,0.003656,0.001598,4,
0.018055,0.000002,0.909520,0.007385,0.003094,0.005797,0.055962,0.000012,0.000165,0.000010,2,
0.075752,0.037715,0.054505,0.057587,0.099239,0.182159,0.016740,0.018680,0.311644,0.145979,8,
0.007305,0.000170,0.000106,0.052756,0.025158,0.091218,0.000005,0.570280,0.024405,0.228597,9,
0.050139,0.000065,0.004921,0.191924,0.124202,0.223997,0.000209,0.316304,0.012661,0.075579,9,
0.760273,0.000000,0.001052,0.002158,0.012290,0.168918,0.001733,0.000009,0.053092,0.000476,0,
0.087001,0.004752,0.373845,0.012121,0.050845,0.056884,0.309076,0.000336,0.096374,0.008767,0,
0.511613,0.000000,0.000537,0.005052,0.025773,0.280973,0.000689,0.000157,0.169330,0.005876,0,
0.000223,0.961028,0.008234,0.008981,0.002753,0.001481,0.000168,0.014855,0.000192,0.002085,1,
0.010464,0.003115,0.000440,0.015845,0.114576,0.056735,0.000170,0.202102,0.040722,0.555831,9,
0.000177,0.976301,0.013800,0.002953,0.002063,0.000685,0.000642,0.002371,0.000140,0.000870,1,
0.080702,0.000000,0.000332,0.138157,0.034474,0.467507,0.000013,0.145729,0.060160,0.072926,5,
0.078465,0.000000,0.000045,0.000110,0.000552,0.032602,0.000293,0.000001,0.887076,0.000857,5,
0.174137,0.000171,0.108907,0.009529,0.026318,0.110819,0.117862,0.000133,0.442960,0.009163,0,
0.011553,0.027343,0.002681,0.016386,0.260659,0.041408,0.001458,0.170400,0.019940,0.448171,4,
0.014620,0.172959,0.671932,0.059646,0.007501,0.030596,0.024775,0.001612,0.014386,0.001973,2,
0.029833,0.000690,0.432430,0.004733,0.102408,0.011012,0.415186,0.000283,0.001703,0.001721,2,
0.143968,0.000000,0.002785,0.248668,0.000000,0.485883,0.000000,0.000001,0.118695,0.000000,8,
0.107880,0.004995,0.047385,0.013233,0.268591,0.108534,0.090322,0.004717,0.209088,0.145255,0,
0.062734,0.016737,0.161253,0.326007,0.017127,0.253997,0.003365,0.020946,0.120768,0.017065,5,
0.014758,0.057755,0.124505,0.009695,0.600763,0.013510,0.122197,0.016835,0.001561,0.038422,2,
0.100789,0.000397,0.104679,0.003637,0.235932,0.039170,0.450914,0.000409,0.042958,0.021115,2,
0.003932,0.100996,0.001016,0.008803,0.157827,0.019036,0.000552,0.203168,0.011849,0.492821,9,
0.005842,0.219396,0.003523,0.052260,0.061065,0.046330,0.000289,0.351627,0.020242,0.239425,8,
0.000397,0.000132,0.971872,0.026431,0.000005,0.000883,0.000258,0.000004,0.000018,0.000000,2,
0.000511,0.043097,0.000212,0.019327,0.019727,0.007470,0.000007,0.826173,0.000721,0.082756,7,
0.099500,0.010564,0.113394,0.123597,0.035787,0.256518,0.010986,0.009886,0.300927,0.038840,8,
0.103539,0.000005,0.002495,0.003017,0.018754,0.097974,0.005538,0.000211,0.739970,0.028497,0,
0.034300,0.000501,0.000973,0.009613,0.206723,0.086564,0.001262,0.042425,0.110002,0.507638,9,
0.202498,0.000000,0.009200,0.000110,0.105233,0.015344,0.630626,0.000002,0.034692,0.002295,0,
0.060754,0.000012,0.046100,0.000618,0.255016,0.011131,0.614088,0.000072,0.006296,0.005914,6,
0.054807,0.000000,0.000087,0.126699,0.017513,0.461419,0.000002,0.187927,0.071974,0.079570,5,
0.478179,0.000000,0.033955,0.077430,0.000011,0.346061,0.000069,0.000000,0.064295,0.000001,0,
0.000171,0.029259,0.958828,0.010553,0.000002,0.000528,0.000492,0.000001,0.000166,0.000000,2,
0.002153,0.000001,0.975049,0.019875,0.000014,0.002060,0.000814,0.000001,0.000033,0.000000,6,
0.035076,0.000001,0.387041,0.476696,0.000090,0.096994,0.000175,0.000118,0.003802,0.000006,2,
0.609933,0.000000,0.007560,0.020294,0.000595,0.296978,0.000382,0.000005,0.064222,0.000031,0,
0.030048,0.000000,0.014365,0.723615,0.000003,0.214242,0.000001,0.000039,0.017686,0.000001,3,
0.109982,0.000462,0.023781,0.086097,0.022801,0.303269,0.002541,0.007332,0.406754,0.036982,8,
0.078022,0.009741,0.055585,0.008435,0.374665,0.065932,0.157689,0.004233,0.106743,0.138956,8,
0.171772,0.000000,0.743134,0.009385,0.000232,0.036132,0.032256,0.000000,0.007088,0.000001,2,
0.019342,0.055446,0.056141,0.016989,0.627615,0.026984,0.041840,0.048108,0.004380,0.103156,2,
0.000444,0.722786,0.073669,0.182409,0.000218,0.006348,0.000038,0.013470,0.000422,0.000196,2,
0.084460,0.000697,0.044227,0.017219,0.607522,0.075437,0.054416,0.013608,0.018950,0.083464,5,
0.098537,0.000168,0.012572,0.000862,0.268311,0.036267,0.282698,0.000234,0.211957,0.088394,9,
0.000104,0.987671,0.008919,0.000656,0.000547,0.000305,0.000936,0.000198,0.000289,0.000375,1,
0.181182,0.000031,0.021616,0.011397,0.476715,0.122325,0.047704,0.004431,0.057412,0.077186,9,
0.130531,0.000032,0.024306,0.158634,0.260462,0.270363,0.002346,0.090761,0.014749,0.047817,9,
0.000814,0.000000,0.000515,0.000000,0.000527,0.000008,0.998057,0.000000,0.000078,0.000001,6,
0.003068,0.054285,0.684208,0.002868,0.024213,0.001727,0.228819,0.000221,0.000188,0.000402,2,
0.006704,0.048779,0.001360,0.009970,0.199538,0.027290,0.000900,0.161247,0.018477,0.525736,9,
0.057717,0.000344,0.026501,0.444766,0.010089,0.336447,0.000245,0.041838,0.069389,0.012665,3,
0.009005,0.174176,0.050453,0.041396,0.408513,0.023036,0.008976,0.205673,0.001386,0.077385,2,
0.000039,0.005863,0.000014,0.012191,0.001280,0.001488,0.000000,0.969183,0.000044,0.009898,7,
0.004016,0.011720,0.000264,0.014257,0.074446,0.031139,0.000063,0.350974,0.017723,0.495399,9,
0.019364,0.000360,0.001194,0.092521,0.089934,0.127907,0.000073,0.477102,0.016407,0.175138,3,
0.000127,0.983657,0.010889,0.001805,0.000916,0.000487,0.000532,0.000891,0.000178,0.000519,1,
0.000505,0.889651,0.021245,0.033756,0.004726,0.003759,0.000207,0.043231,0.000249,0.002671,1,
0.007350,0.175210,0.003042,0.006709,0.212184,0.022348,0.003505,0.067445,0.026961,0.475246,9,
0.010671,0.639403,0.089366,0.014153,0.115524,0.019167,0.040311,0.012466,0.011659,0.047281,1,
0.007544,0.033461,0.001047,0.004369,0.216894,0.022554,0.001775,0.062340,0.031483,0.618532,9,
0.001908,0.162435,0.000916,0.014350,0.094109,0.013649,0.000165,0.436570,0.003599,0.272299,7,
0.039743,0.000003,0.378727,0.002607,0.127162,0.007002,0.444176,0.000084,0.000203,0.000293,6,
0.005900,0.022663,0.020020,0.752782,0.000374,0.118522,0.000014,0.037636,0.039747,0.002344,3,
0.032255,0.000058,0.000398,0.068382,0.059021,0.220318,0.000038,0.257559,0.081773,0.280197,9,
0.001313,0.006209,0.000051,0.013474,0.022634,0.019074,0.000005,0.604480,0.008175,0.324584,9,
0.042296,0.000082,0.162912,0.510895,0.000254,0.210236,0.000226,0.000750,0.072154,0.000195,5,
0.001070,0.009028,0.061184,0.000038,0.027672,0.000198,0.900172,0.000007,0.000163,0.000468,6,
0.000660,0.000031,0.989430,0.008012,0.000005,0.000761,0.001055,0.000001,0.000045,0.000000,2,
0.000169,0.972293,0.006204,0.009660,0.000789,0.001479,0.000068,0.007843,0.000338,0.001156,1,
0.011599,0.001338,0.000268,0.011930,0.098497,0.060539,0.000136,0.142215,0.062192,0.611286,9,
0.056105,0.000000,0.000867,0.009471,0.000326,0.131118,0.000075,0.000052,0.800721,0.001264,8,
0.032921,0.000054,0.000290,0.045611,0.057772,0.208308,0.000044,0.177413,0.126207,0.351379,9,
0.094185,0.000027,0.639904,0.014591,0.024608,0.038574,0.179563,0.000096,0.007920,0.000532,6,
0.014109,0.200107,0.032043,0.146372,0.101704,0.077396,0.001513,0.309253,0.012944,0.104559,7,
0.001475,0.001200,0.000099,0.037056,0.014834,0.023793,0.000002,0.826244,0.002571,0.092725,7,
0.028708,0.000000,0.068684,0.000042,0.006139,0.001225,0.894706,0.000000,0.000487,0.000010,6,
0.103439,0.001991,0.073949,0.141455,0.267453,0.218664,0.010122,0.071939,0.033148,0.077839,5,
0.048402,0.000223,0.001150,0.007639,0.229090,0.094650,0.002200,0.023026,0.144796,0.448823,9,
0.030789,0.005666,0.005817,0.005671,0.462298,0.043071,0.016775,0.020310,0.047171,0.362431,4,
0.001486,0.000605,0.979538,0.013256,0.000016,0.002247,0.002312,0.000002,0.000538,0.000001,2,
0.867480,0.000000,0.000101,0.000155,0.000237,0.071202,0.000245,0.000000,0.060575,0.000005,0,
0.001743,0.806673,0.030361,0.028026,0.036711,0.007675,0.001541,0.071226,0.000727,0.015316,1,
0.003228,0.000000,0.026497,0.919092,0.000000,0.048226,0.000000,0.000014,0.002943,0.000000,3,
0.262055,0.000002,0.173896,0.028536,0.320879,0.109636,0.092618,0.001776,0.005650,0.004953,0,
0.001187,0.010967,0.000202,0.037636,0.015381,0.019379,0.000005,0.811649,0.002728,0.100866,7,
0.009600,0.078533,0.104996,0.641090,0.002365,0.097708,0.000200,0.046411,0.015715,0.003382,3,
0.051766,0.001417,0.006558,0.009791,0.450222,0.073617,0.012826,0.023217,0.060517,0.310068,4,
0.121917,0.000008,0.001241,0.007969,0.198217,0.165507,0.002746,0.008133,0.248175,0.246087,4,
0.000173,0.011539,0.000017,0.010105,0.005142,0.004577,0.000000,0.887350,0.000707,0.080389,7,
0.000234,0.000000,0.003426,0.983880,0.000000,0.012030,0.000000,0.000012,0.000419,0.000000,3,
0.000521,0.000029,0.213630,0.747363,0.000000,0.015446,0.000000,0.000000,0.023011,0.000000,2,
0.020825,0.004618,0.006111,0.000326,0.485183,0.009265,0.244765,0.000659,0.043336,0.184913,9,
0.045247,0.002662,0.276750,0.429851,0.003087,0.185151,0.001507,0.005112,0.048923,0.001711,3,
0.063735,0.000844,0.542268,0.091464,0.000927,0.115621,0.010139,0.000118,0.174470,0.000416,2,
0.103398,0.000000,0.000108,0.011515,0.003059,0.274042,0.000021,0.000815,0.594147,0.012894,5,
0.002208,0.842805,0.032866,0.002107,0.060105,0.003137,0.032529,0.003190,0.002185,0.018869,2,
0.003142,0.000028,0.019934,0.000017,0.048851,0.000299,0.927118,0.000002,0.000204,0.000404,6,
0.186277,0.000004,0.003507,0.001731,0.308396,0.086961,0.045910,0.000633,0.247865,0.118717,8,
0.087547,0.000203,0.181075,0.403427,0.007517,0.267694,0.001681,0.006615,0.041800,0.002440,3,
0.000956,0.001934,0.014147,0.912104,0.000089,0.025440,0.000001,0.044735,0.000480,0.000113,3,
0.006609,0.005812,0.001029,0.061188,0.064302,0.056617,0.000058,0.607244,0.009164,0.187977,7,
0.002439,0.000070,0.000075,0.071588,0.009209,0.043353,0.000001,0.820485,0.002753,0.050026,7,
0.119206,0.000000,0.000046,0.023928,0.012075,0.446183,0.000008,0.010094,0.333863,0.054597,2,
0.011257,0.001370,0.000242,0.008974,0.099803,0.054156,0.000164,0.108196,0.069790,0.646047,9,
0.000379,0.039840,0.000190,0.019581,0.015124,0.006038,0.000005,0.859353,0.000448,0.059041,7,
0.034978,0.000397,0.001291,0.041037,0.165356,0.145825,0.000335,0.185251,0.056869,0.368662,9,
0.096942,0.000015,0.006366,0.180132,0.146631,0.318737,0.000393,0.162813,0.021271,0.066700,5,
0.001669,0.219130,0.001229,0.020621,0.066957,0.013697,0.000125,0.489774,0.002801,0.183997,7,
0.032707,0.053715,0.151914,0.428180,0.006665,0.196378,0.001317,0.023384,0.095429,0.010309,3,
0.042660,0.046180,0.620311,0.028671,0.028914,0.047327,0.134548,0.000921,0.044498,0.005970,2,
0.000260,0.978125,0.011814,0.003727,0.001108,0.001193,0.000480,0.001591,0.000627,0.001075,1,
0.045099,0.000131,0.001769,0.176781,0.035104,0.323886,0.000064,0.200073,0.095824,0.121268,5,
0.001037,0.010853,0.000157,0.025916,0.020047,0.015405,0.000005,0.802346,0.002192,0.122040,7,
0.078165,0.000473,0.008422,0.017828,0.437485,0.115226,0.009995,0.028985,0.061722,0.241699,4,
0.015670,0.035926,0.007209,0.002513,0.509421,0.018443,0.037531,0.012712,0.025699,0.334877,4,
0.002945,0.019175,0.000650,0.041275,0.045340,0.030597,0.000034,0.677402,0.005352,0.177228,7,
0.210513,0.000001,0.033990,0.139502,0.003495,0.418075,0.000842,0.000768,0.191190,0.001623,5,
0.002290,0.000004,0.000010,0.065403,0.003440,0.060889,0.000000,0.808631,0.005824,0.053508,7,
0.066999,0.000000,0.000187,0.182410,0.009304,0.535322,0.000003,0.093697,0.079302,0.032776,5,
0.026990,0.000002,0.000035,0.042937,0.022587,0.255589,0.000003,0.209078,0.145627,0.297154,7,
0.067048,0.000002,0.000929,0.223852,0.028918,0.422469,0.000020,0.168498,0.040845,0.047420,5,
0.004078,0.000000,0.198156,0.000016,0.000117,0.000239,0.796639,0.000000,0.000756,0.000001,2,
0.446635,0.000000,0.208490,0.000648,0.000713,0.027108,0.286840,0.000000,0.029563,0.000003,0,
0.023448,0.000016,0.335097,0.001837,0.136936,0.004501,0.497498,0.000102,0.000165,0.000401,6,
0.047213,0.000699,0.003698,0.001213,0.441393,0.032569,0.056198,0.002158,0.115207,0.299652,6,
0.250021,0.000000,0.222416,0.009619,0.221490,0.055508,0.236386,0.000235,0.002963,0.001361,4,
0.000114,0.001320,0.000003,0.009631,0.001813,0.004522,0.000000,0.925889,0.000683,0.056024,7,
0.000226,0.975049,0.012929,0.006822,0.000435,0.001444,0.000189,0.001603,0.000717,0.000586,1,
0.095906,0.003635,0.072297,0.048647,0.431105,0.134101,0.035119,0.031049,0.038862,0.109279,4,
0.004792,0.130311,0.001531,0.004646,0.224326,0.015424,0.002019,0.085317,0.015134,0.516499,4,
0.000190,0.968117,0.005078,0.010289,0.001045,0.001727,0.000063,0.011337,0.000404,0.001751,1,
0.255004,0.000000,0.104536,0.232809,0.001046,0.365885,0.000666,0.000167,0.039788,0.000100,5,
0.015545,0.006905,0.003590,0.101426,0.098392,0.101956,0.000223,0.464669,0.017751,0.189543,3,
0.163280,0.000033,0.034196,0.006499,0.508816,0.077886,0.121469,0.001871,0.037759,0.048191,5,
0.537902,0.000000,0.085490,0.003547,0.102900,0.066554,0.196773,0.000021,0.006337,0.000476,6,
0.302130,0.000000,0.003886,0.068124,0.088427,0.449143,0.000652,0.011074,0.054168,0.022396,0,
0.006724,0.024194,0.001040,0.017937,0.149050,0.036288,0.000326,0.291762,0.016123,0.456555,7,
0.001129,0.000004,0.010302,0.000003,0.016340,0.000064,0.972039,0.000000,0.000050,0.000068,6,
0.504187,0.000000,0.001819,0.017934,0.037542,0.361377,0.000755,0.000641,0.070542,0.005204,0,
0.004544,0.024705,0.000348,0.005001,0.118851,0.021466,0.000327,0.114828,0.028965,0.680965,9,
0.926588,0.000000,0.002004,0.000223,0.000262,0.046043,0.003453,0.000000,0.021427,0.000001,0,
0.009482,0.012333,0.535604,0.018991,0.296529,0.007316,0.106183,0.010557,0.000100,0.002904,2,
0.001220,0.000000,0.978152,0.019095,0.000001,0.001326,0.000183,0.000000,0.000022,0.000000,2,
0.113505,0.000484,0.052515,0.002399,0.193005,0.046913,0.396326,0.000285,0.153546,0.041021,6,
0.008315,0.000732,0.000087,0.003538,0.068921,0.037530,0.000115,0.049986,0.103021,0.727755,9,
0.010448,0.002516,0.000400,0.017784,0.105443,0.060389,0.000132,0.226378,0.040005,0.536505,7,
0.007866,0.001586,0.000134,0.005204,0.079999,0.038681,0.000126,0.080634,0.073739,0.712032,9,
0.000002,0.001129,0.000000,0.002962,0.000075,0.000285,0.000000,0.991146,0.000012,0.004388,7,
