0, 1, 2, 3, 4, 5, 6, 7, 8, 9, True
0.045901,0.006972,0.658857,0.084384,0.078438,0.036359,0.062618,0.000195,0.007230,0.019047,2,
0.049286,0.003367,0.656755,0.085217,0.047882,0.016617,0.012515,0.014460,0.001691,0.112210,2,
0.052864,0.000556,0.021935,0.066451,0.082958,0.104389,0.001278,0.120031,0.030753,0.518786,7,
0.000169,0.976520,0.001248,0.001629,0.004332,0.001117,0.000492,0.003702,0.002614,0.008177,1,
0.000055,0.984418,0.001106,0.000296,0.002515,0.000780,0.001306,0.001535,0.005771,0.002218,1,
0.017241,0.002869,0.953882,0.011538,0.005714,0.002857,0.000000,0.000179,0.005720,0.000000,2,
0.000102,0.000704,0.995239,0.001171,0.000842,0.000000,0.000996,0.000604,0.000239,0.000104,2,
0.036180,0.005796,0.114866,0.009232,0.322088,0.012443,0.487501,0.008874,0.002857,0.000163,4,
0.007097,0.002118,0.453675,0.008982,0.034969,0.002888,0.475791,0.002309,0.002070,0.010102,2,
0.088457,0.011921,0.186372,0.073075,0.240147,0.043173,0.166838,0.123458,0.048467,0.018093,4,
0.161606,0.000087,0.037612,0.561808,0.025807,0.117688,0.005450,0.007389,0.074303,0.008250,3,
0.033823,0.011176,0.004823,0.025839,0.172619,0.090829,0.002771,0.200008,0.098310,0.359802,4,
0.375901,0.003608,0.057581,0.078479,0.023126,0.240028,0.020979,0.009592,0.183813,0.006893,0,
0.101649,0.000356,0.012210,0.038671,0.019700,0.731136,0.001296,0.001783,0.088145,0.005056,5,
0.000018,0.000036,0.000264,0.004608,0.002320,0.000887,0.000000,0.976913,0.000812,0.014144,7,
0.043218,0.001421,0.070306,0.025432,0.045944,0.003295,0.788113,0.003226,0.015098,0.003949,6,
0.021710,0.000000,0.216167,0.163673,0.048946,0.029126,0.007705,0.437824,0.013584,0.061264,7,
0.002011,0.010389,0.010875,0.000179,0.033026,0.011873,0.929057,0.000000,0.002072,0.000517,6,
0.000004,0.000012,0.001012,0.006507,0.008601,0.009062,0.000000,0.956334,0.000422,0.018046,7,
0.037235,0.005243,0.006529,0.037250,0.077751,0.056556,0.003114,0.147543,0.065843,0.562938,9,
0.048002,0.029018,0.331552,0.007961,0.225160,0.012189,0.272826,0.014329,0.008804,0.050159,2,
0.087837,0.015535,0.007238,0.023977,0.156692,0.023373,0.012097,0.139900,0.136134,0.397217,9,
0.087832,0.003506,0.065651,0.051141,0.019331,0.062432,0.034344,0.004126,0.647059,0.024578,8,
0.126163,0.032018,0.021187,0.066692,0.223470,0.041943,0.043901,0.084773,0.073148,0.286705,7,
0.019168,0.015229,0.021573,0.201099,0.017745,0.471617,0.005356,0.097278,0.063889,0.087047,5,
0.000022,0.000147,0.003147,0.017240,0.001185,0.003769,0.000000,0.951023,0.003434,0.020033,7,
0.008074,0.004570,0.905024,0.038636,0.001957,0.003663,0.011220,0.003397,0.022064,0.001396,2,
0.008150,0.064487,0.028859,0.039093,0.539564,0.014367,0.014362,0.032149,0.039351,0.219619,4,
0.003012,0.000008,0.000417,0.045996,0.001907,0.024705,0.000000,0.903562,0.012844,0.007549,7,
0.961945,0.000000,0.008715,0.001445,0.001414,0.014741,0.005516,0.000706,0.005148,0.000371,0,
0.000010,0.994852,0.000738,0.000326,0.001479,0.000170,0.000407,0.000524,0.001268,0.000227,1,
0.001339,0.001658,0.894371,0.038791,0.004116,0.020173,0.035005,0.000000,0.004437,0.000111,2,
0.294665,0.003130,0.030327,0.051091,0.187620,0.207823,0.020896,0.018992,0.065718,0.119739,5,
0.051607,0.003962,0.011662,0.046967,0.071557,0.153565,0.009806,0.046151,0.320909,0.283814,8,
0.222928,0.004821,0.017843,0.029829,0.024094,0.057478,0.062515,0.001981,0.530433,0.048077,8,
0.157557,0.000239,0.012808,0.030336,0.030371,0.049109,0.007439,0.022740,0.624754,0.064648,8,
0.001082,0.005736,0.579771,0.083846,0.013103,0.000691,0.017355,0.290060,0.006465,0.001890,2,
0.063001,0.116511,0.038653,0.059666,0.252488,0.082706,0.178780,0.020860,0.099733,0.087601,4,
0.000663,0.047069,0.008018,0.036779,0.020930,0.716719,0.078260,0.028780,0.030674,0.032107,5,
0.031746,0.000496,0.007614,0.001619,0.203881,0.692707,0.002529,0.003209,0.047334,0.008864,5,
0.000376,0.708677,0.005685,0.016340,0.135488,0.034281,0.004907,0.011961,0.015997,0.066288,1,
0.000172,0.711504,0.038075,0.108663,0.012232,0.068629,0.001010,0.039780,0.010036,0.009899,1,
0.017706,0.001827,0.700994,0.140670,0.016390,0.011730,0.036789,0.003193,0.069138,0.001563,2,
0.001602,0.000534,0.001638,0.000847,0.871312,0.038928,0.002495,0.010325,0.003235,0.069084,4,
0.000049,0.000020,0.000578,0.004228,0.001303,0.001415,0.000000,0.982280,0.000591,0.009535,7,
0.002743,0.006302,0.004209,0.000326,0.012865,0.010734,0.958281,0.000072,0.003202,0.001265,6,
0.001714,0.000239,0.001376,0.009470,0.068627,0.003031,0.000651,0.062637,0.008289,0.843966,9,
0.031341,0.000168,0.036216,0.025762,0.335803,0.041567,0.024874,0.238848,0.017413,0.248008,9,
0.000010,0.995645,0.000877,0.000281,0.000837,0.000184,0.000531,0.000545,0.000819,0.000270,1,
0.000010,0.995254,0.000893,0.000235,0.000774,0.000251,0.000434,0.000608,0.001168,0.000374,1,
0.000000,0.996088,0.000976,0.000339,0.000713,0.000146,0.000401,0.000548,0.000561,0.000229,1,
0.199855,0.005920,0.018759,0.020610,0.163689,0.022895,0.046272,0.030396,0.219831,0.271772,0,
0.002341,0.003570,0.146538,0.005972,0.023206,0.001719,0.813776,0.000561,0.000890,0.001428,6,
0.136867,0.008808,0.037180,0.065134,0.029743,0.068129,0.037409,0.007883,0.578329,0.030519,3,
0.050008,0.000646,0.005036,0.056811,0.080124,0.267710,0.006309,0.047162,0.391987,0.094207,5,
0.012138,0.011536,0.009180,0.082651,0.001257,0.860954,0.004169,0.001487,0.010253,0.006375,5,
0.018780,0.002621,0.018020,0.021561,0.237460,0.056567,0.586858,0.004728,0.028607,0.024799,6,
0.824783,0.003429,0.001392,0.005305,0.067264,0.046982,0.006886,0.026362,0.011137,0.006460,0,
0.005360,0.009873,0.005188,0.026295,0.115567,0.062396,0.000703,0.448199,0.023170,0.303251,4,
0.015199,0.199130,0.236203,0.058515,0.043078,0.045839,0.345158,0.006692,0.040364,0.009822,6,
0.001437,0.002417,0.000348,0.036930,0.015777,0.028011,0.000026,0.736409,0.014776,0.163869,9,
0.002277,0.000307,0.001275,0.009946,0.064580,0.003213,0.000511,0.057858,0.009619,0.850413,9,
0.000717,0.000450,0.000785,0.027831,0.041954,0.072176,0.000000,0.777927,0.005102,0.073057,7,
0.003236,0.000027,0.004979,0.025011,0.041020,0.003000,0.000269,0.089626,0.027784,0.805049,9,
0.000126,0.962563,0.001661,0.004252,0.006362,0.001279,0.000280,0.007530,0.001337,0.014611,1,
0.008232,0.013463,0.006390,0.099992,0.062296,0.051764,0.000738,0.194799,0.028801,0.533526,9,
0.002672,0.035016,0.017796,0.039807,0.471471,0.010222,0.004319,0.136396,0.018383,0.263917,7,
0.013741,0.029359,0.020762,0.002618,0.108765,0.015622,0.759452,0.001917,0.026163,0.021600,6,
0.078301,0.078875,0.376868,0.134006,0.015681,0.009021,0.032256,0.023710,0.233292,0.017989,2,
0.876518,0.000073,0.037851,0.001287,0.033778,0.003743,0.031724,0.002441,0.004562,0.008023,0,
0.032964,0.005871,0.011916,0.031921,0.499595,0.053482,0.038448,0.122525,0.033241,0.170035,9,
0.146168,0.004974,0.024353,0.044306,0.079066,0.041454,0.019939,0.012542,0.504550,0.122649,8,
0.006494,0.002010,0.015010,0.055772,0.007338,0.386049,0.000164,0.476031,0.008499,0.042633,5,
0.000247,0.000514,0.000176,0.031742,0.004506,0.018868,0.000000,0.785547,0.001272,0.157127,7,
0.009577,0.004474,0.005978,0.006051,0.371008,0.008352,0.007071,0.020942,0.037960,0.528587,9,
0.000000,0.995648,0.001288,0.000367,0.000700,0.000208,0.000403,0.000562,0.000552,0.000272,1,
0.034174,0.020035,0.468340,0.197848,0.056909,0.060365,0.022230,0.057571,0.042844,0.039684,2,
0.005183,0.009401,0.927488,0.019283,0.005961,0.000235,0.018287,0.008690,0.005409,0.000062,2,
0.152370,0.000784,0.257768,0.109967,0.076711,0.115911,0.132557,0.011248,0.136440,0.006242,3,
0.021617,0.013076,0.007687,0.021266,0.142411,0.587351,0.003045,0.063141,0.067375,0.073032,5,
0.002988,0.074752,0.058014,0.753784,0.003168,0.063469,0.000131,0.012178,0.019011,0.012504,3,
0.617218,0.017262,0.034205,0.003282,0.007679,0.092983,0.181236,0.000162,0.045382,0.000593,0,
0.156940,0.000064,0.147477,0.234916,0.015039,0.064139,0.017318,0.002844,0.353001,0.008262,8,
0.001971,0.000794,0.017934,0.673678,0.001382,0.241744,0.000036,0.002418,0.019490,0.040552,3,
0.248683,0.004282,0.069981,0.065283,0.026322,0.034401,0.052069,0.004996,0.456767,0.037215,5,
0.002246,0.002483,0.018494,0.898363,0.002184,0.041659,0.000071,0.009046,0.010987,0.014468,3,
0.000533,0.000699,0.000526,0.011703,0.007217,0.005809,0.000108,0.605062,0.001602,0.366742,9,
0.042154,0.000987,0.019307,0.004997,0.063198,0.519185,0.011658,0.072729,0.183756,0.082028,5,
0.000247,0.952920,0.014300,0.009832,0.008164,0.001464,0.000376,0.004982,0.003886,0.003830,1,
0.186109,0.002436,0.014392,0.062859,0.021226,0.067836,0.021842,0.003009,0.568793,0.051498,8,
0.176523,0.000000,0.116999,0.012890,0.095533,0.030878,0.495691,0.023525,0.037430,0.010531,6,
0.000236,0.000711,0.000196,0.017730,0.003614,0.029255,0.000021,0.853380,0.001478,0.093380,7,
0.149692,0.000128,0.247034,0.147887,0.005095,0.089592,0.061183,0.005082,0.290960,0.003347,5,
0.036340,0.002775,0.016929,0.683194,0.010025,0.171109,0.000248,0.022375,0.017004,0.040000,3,
0.002110,0.963139,0.011563,0.003827,0.004457,0.002494,0.004101,0.000916,0.004073,0.003319,1,
0.004349,0.003652,0.845351,0.005349,0.004678,0.000801,0.134118,0.000630,0.000584,0.000488,2,
0.016897,0.125148,0.051207,0.018808,0.299555,0.052875,0.265873,0.008128,0.059563,0.101946,1,
0.305109,0.001622,0.021935,0.052389,0.051049,0.033185,0.046472,0.009162,0.398825,0.080251,8,
0.001374,0.002221,0.026378,0.941045,0.000611,0.011681,0.000017,0.006367,0.004967,0.005339,3,
0.021804,0.014460,0.044204,0.027013,0.639927,0.017381,0.120646,0.041831,0.019641,0.053094,4,
0.020722,0.029582,0.017526,0.005538,0.523248,0.055040,0.227968,0.006491,0.040627,0.073256,4,
0.000590,0.283464,0.092238,0.056504,0.152387,0.006813,0.197060,0.130392,0.010050,0.070501,8,
0.000018,0.000053,0.000412,0.004127,0.002496,0.000604,0.000000,0.981931,0.000620,0.009739,7,
0.094505,0.004380,0.068010,0.006699,0.076629,0.038428,0.108415,0.005998,0.480432,0.116504,9,
0.000397,0.002370,0.000500,0.013636,0.012640,0.011050,0.000026,0.800144,0.006240,0.152996,7,
0.090140,0.058858,0.050145,0.007699,0.314598,0.067283,0.336839,0.027880,0.025471,0.021088,4,
0.004181,0.030108,0.497413,0.443753,0.000306,0.010806,0.000000,0.010825,0.001963,0.000644,2,
0.018517,0.011389,0.188856,0.068914,0.459074,0.013217,0.015525,0.107227,0.008386,0.108895,4,
0.002934,0.951040,0.006409,0.007177,0.005828,0.003123,0.001391,0.002521,0.007767,0.011811,1,
0.143492,0.000253,0.094724,0.000118,0.110671,0.009993,0.562092,0.000408,0.048988,0.029261,6,
0.004035,0.046095,0.840584,0.075228,0.003069,0.002121,0.004147,0.011297,0.011869,0.001555,2,
0.070285,0.051410,0.057173,0.009966,0.098297,0.045697,0.496305,0.002624,0.132020,0.036222,6,
0.080930,0.004863,0.006431,0.075870,0.073359,0.167062,0.006359,0.059005,0.153471,0.372652,5,
0.173261,0.000466,0.009091,0.017328,0.030264,0.056016,0.007726,0.006490,0.640464,0.058893,8,
0.000013,0.990772,0.002998,0.000920,0.002215,0.000268,0.000218,0.000903,0.000449,0.001243,1,
0.122061,0.000000,0.187397,0.052365,0.250899,0.011621,0.037252,0.184171,0.030065,0.124169,4,
0.046092,0.000000,0.059570,0.005723,0.498233,0.000800,0.376396,0.008016,0.000476,0.004695,4,
0.023768,0.001580,0.745521,0.026174,0.049181,0.006546,0.114044,0.009854,0.017312,0.006019,2,
0.824099,0.002863,0.129291,0.017806,0.001075,0.007598,0.005261,0.000029,0.011913,0.000067,0,
0.000010,0.994495,0.001854,0.000276,0.000591,0.000219,0.000679,0.000708,0.000957,0.000210,1,
0.826570,0.000000,0.007197,0.043158,0.031181,0.038488,0.001906,0.025325,0.017235,0.008939,0,
0.229578,0.007308,0.017569,0.036057,0.025622,0.035904,0.044493,0.003512,0.541344,0.058613,8,
0.000010,0.010133,0.827217,0.095451,0.009708,0.000021,0.000043,0.056682,0.000328,0.000408,2,
0.157552,0.000506,0.012007,0.050462,0.096218,0.335796,0.011550,0.003119,0.269361,0.063429,5,
0.000156,0.955724,0.003915,0.000261,0.004192,0.001395,0.001469,0.010152,0.003876,0.018861,1,
0.961918,0.000006,0.004155,0.000873,0.001682,0.004890,0.004146,0.000264,0.021218,0.000847,0,
0.016399,0.000315,0.027307,0.008299,0.251727,0.217893,0.000707,0.026879,0.026172,0.424301,2,
0.018996,0.000311,0.018033,0.475871,0.011368,0.034219,0.000063,0.198474,0.090223,0.152443,3,
0.031622,0.001571,0.069425,0.013931,0.754700,0.008789,0.059283,0.015393,0.009030,0.036255,4,
0.316645,0.000118,0.140676,0.000212,0.028160,0.021224,0.468430,0.000618,0.011357,0.012560,6,
0.117665,0.043603,0.040256,0.012770,0.137811,0.041396,0.108814,0.027341,0.310802,0.159542,9,
0.000039,0.857445,0.010902,0.023431,0.047935,0.016546,0.015463,0.005281,0.003411,0.019548,1,
0.009607,0.001559,0.004508,0.007735,0.629260,0.012134,0.013513,0.035743,0.022269,0.263671,4,
0.006503,0.009955,0.031048,0.802159,0.007191,0.059701,0.000124,0.027402,0.025334,0.030583,3,
0.029060,0.002504,0.079807,0.007893,0.618881,0.011473,0.163384,0.027832,0.016526,0.042640,4,
0.023505,0.005487,0.242916,0.684084,0.000089,0.012486,0.008571,0.009746,0.009916,0.003199,3,
0.161619,0.001344,0.024340,0.053202,0.007743,0.088589,0.026135,0.001139,0.615811,0.020079,3,
0.001527,0.004076,0.001895,0.091695,0.003546,0.869434,0.000660,0.001442,0.011806,0.013919,5,
0.002502,0.000539,0.001989,0.011334,0.070978,0.002920,0.000394,0.053388,0.008925,0.847031,9,
0.028832,0.000331,0.084291,0.003136,0.136536,0.000330,0.730660,0.003143,0.002897,0.009846,6,
0.114716,0.006105,0.124010,0.496928,0.045389,0.075027,0.008316,0.036970,0.064831,0.027708,3,
0.005093,0.000770,0.016805,0.000947,0.004900,0.000350,0.970564,0.000196,0.000151,0.000222,6,
0.247934,0.001320,0.012838,0.039439,0.031031,0.047264,0.028993,0.003760,0.525740,0.061681,8,
0.088736,0.000175,0.158922,0.047457,0.287543,0.015131,0.013539,0.285525,0.017627,0.085346,4,
0.000047,0.002153,0.002031,0.038117,0.061319,0.050005,0.000029,0.686459,0.001198,0.158641,9,
0.005126,0.024548,0.011136,0.018091,0.464704,0.009668,0.007944,0.044011,0.021308,0.393464,4,
0.000010,0.994008,0.001614,0.000382,0.000862,0.000182,0.001066,0.000746,0.000904,0.000223,1,
0.984510,0.000000,0.001458,0.000913,0.000374,0.010535,0.000718,0.000231,0.000947,0.000314,0,
0.061562,0.069191,0.424708,0.199034,0.025593,0.018864,0.036675,0.021151,0.130533,0.012689,3,
0.021543,0.000114,0.021563,0.003315,0.013396,0.001919,0.930276,0.001787,0.003726,0.002361,6,
0.288184,0.002437,0.020496,0.039443,0.024797,0.031066,0.017339,0.004923,0.518546,0.052769,0,
0.007044,0.134725,0.037915,0.013226,0.321885,0.102773,0.171944,0.004561,0.045692,0.160235,4,
0.062749,0.000120,0.010776,0.630334,0.001115,0.272189,0.000476,0.006669,0.013646,0.001926,3,
0.119135,0.000121,0.012200,0.010052,0.005048,0.059261,0.008044,0.000594,0.775636,0.009910,8,
0.017368,0.011045,0.029619,0.004792,0.583823,0.007426,0.037230,0.010495,0.042446,0.255756,9,
0.197414,0.000000,0.018598,0.047966,0.202896,0.011038,0.439303,0.025586,0.034418,0.022781,6,
0.087298,0.003748,0.064831,0.046216,0.155402,0.036233,0.383741,0.034295,0.115811,0.072426,6,
0.000004,0.000045,0.000411,0.004960,0.001108,0.001882,0.000000,0.982703,0.000872,0.008014,7,
0.003738,0.012867,0.822310,0.023540,0.029260,0.052469,0.047987,0.000191,0.005922,0.001716,2,
0.000010,0.993727,0.002366,0.000332,0.000483,0.000215,0.000476,0.000603,0.001541,0.000247,1,
0.180846,0.004798,0.087863,0.040157,0.061429,0.039414,0.102701,0.009771,0.427079,0.045942,0,
0.013922,0.008997,0.013860,0.005984,0.564504,0.007656,0.019000,0.018659,0.034041,0.313377,4,
0.038206,0.134010,0.171132,0.073170,0.010529,0.014926,0.071845,0.003163,0.479098,0.003921,8,
0.035283,0.005443,0.048405,0.007620,0.059304,0.005088,0.803236,0.000738,0.013381,0.021501,6,
0.055671,0.018428,0.063123,0.009730,0.167377,0.020487,0.593244,0.002249,0.033664,0.036028,6,
0.035757,0.011053,0.033272,0.218168,0.013217,0.516348,0.000369,0.014379,0.113169,0.044269,0,
0.012306,0.000902,0.065650,0.205224,0.040248,0.011346,0.000339,0.624907,0.011559,0.027519,3,
0.170053,0.000827,0.023153,0.042244,0.008740,0.045977,0.023363,0.001621,0.658260,0.025760,0,
0.000629,0.001305,0.040131,0.412211,0.035338,0.028603,0.002674,0.345199,0.014157,0.119753,3,
0.008644,0.010292,0.021592,0.006493,0.722259,0.008714,0.010908,0.008428,0.010224,0.192445,4,
0.078695,0.015085,0.009656,0.216909,0.068883,0.217118,0.004169,0.035501,0.209539,0.144444,3,
0.039616,0.000538,0.024103,0.009003,0.715615,0.006383,0.112575,0.003728,0.021356,0.067082,9,
0.034706,0.000252,0.021253,0.005915,0.006347,0.159968,0.672654,0.000491,0.090529,0.007884,6,
0.002100,0.036700,0.700690,0.050040,0.055719,0.054413,0.045740,0.000720,0.041980,0.011898,2,
0.024281,0.002930,0.004672,0.031361,0.067794,0.029602,0.004265,0.075356,0.069503,0.690236,9,
0.000000,0.995487,0.000992,0.000311,0.001223,0.000200,0.000328,0.000706,0.000497,0.000256,1,
0.952877,0.000000,0.001609,0.005400,0.000742,0.017548,0.000667,0.014520,0.002029,0.004608,0,
0.019541,0.021346,0.353910,0.000860,0.082395,0.005461,0.501270,0.000455,0.003527,0.011234,2,
0.446831,0.000101,0.030699,0.026131,0.025040,0.062708,0.113791,0.006976,0.242407,0.045316,8,
0.221679,0.054184,0.069134,0.092885,0.094967,0.029882,0.192541,0.012778,0.172231,0.059719,2,
0.282394,0.003729,0.089808,0.140258,0.102269,0.091938,0.029646,0.016402,0.153533,0.090024,0,
0.041443,0.006593,0.017831,0.037300,0.111450,0.528084,0.001868,0.050579,0.117559,0.087293,5,
0.673089,0.000188,0.025545,0.000633,0.141970,0.010786,0.029223,0.019846,0.081905,0.016815,0,
0.002909,0.002626,0.037435,0.916929,0.003200,0.021798,0.000088,0.009723,0.003252,0.002040,3,
0.085198,0.000271,0.107416,0.013843,0.567117,0.013326,0.027615,0.127196,0.012385,0.045633,4,
0.000000,0.994922,0.001016,0.000449,0.001442,0.000151,0.000326,0.000726,0.000554,0.000415,1,
0.067791,0.000057,0.030640,0.011515,0.206715,0.016478,0.535332,0.017097,0.081212,0.033164,6,
0.011841,0.001034,0.845463,0.043943,0.046064,0.000979,0.014380,0.026265,0.006479,0.003552,2,
0.006480,0.039898,0.017763,0.018960,0.200331,0.003960,0.693267,0.002406,0.004421,0.012514,6,
0.000727,0.037556,0.009580,0.114218,0.301535,0.017981,0.002092,0.242729,0.030133,0.243448,7,
0.058294,0.000536,0.002574,0.111191,0.045048,0.505951,0.001051,0.061546,0.163099,0.050712,5,
0.111275,0.002025,0.074247,0.134332,0.006319,0.225404,0.002983,0.003157,0.433416,0.006840,8,
0.024804,0.007118,0.005171,0.195494,0.030073,0.534000,0.000107,0.097972,0.023333,0.081928,5,
0.007707,0.067630,0.006809,0.125318,0.116713,0.301605,0.003924,0.162589,0.013759,0.193947,5,
0.000031,0.090426,0.085690,0.734038,0.003237,0.022959,0.000290,0.048331,0.004340,0.010658,3,
0.024050,0.003718,0.004736,0.028457,0.039388,0.025466,0.001229,0.293956,0.032128,0.546873,9,
0.000035,0.000120,0.000620,0.007156,0.002909,0.001074,0.000000,0.964858,0.001277,0.021951,7,
0.002755,0.005465,0.594811,0.063920,0.097451,0.011704,0.171168,0.030406,0.015870,0.006449,2,
0.014320,0.000823,0.028381,0.756811,0.002980,0.076082,0.000171,0.071964,0.031132,0.017336,3,
0.000000,0.915290,0.014547,0.051226,0.001024,0.003814,0.000072,0.004935,0.007035,0.002058,1,
0.022079,0.000345,0.009474,0.000761,0.036407,0.007933,0.920462,0.001448,0.000624,0.000466,6,
0.172674,0.002857,0.003202,0.123515,0.051594,0.319473,0.000000,0.191411,0.084479,0.050795,3,
0.001479,0.002793,0.008693,0.002515,0.010134,0.012386,0.957028,0.000105,0.001381,0.003486,6,
0.012653,0.008081,0.008864,0.078008,0.014138,0.779808,0.012010,0.019980,0.017623,0.048835,5,
0.007700,0.009951,0.013090,0.014600,0.664856,0.084062,0.003663,0.033118,0.024036,0.144926,4,
0.004576,0.007206,0.006927,0.000639,0.011916,0.012833,0.948841,0.000007,0.002559,0.004496,6,
0.000000,0.000038,0.000296,0.005315,0.000871,0.001737,0.000000,0.975467,0.002575,0.013703,7,
0.006039,0.001035,0.911660,0.026623,0.010254,0.000460,0.002683,0.033958,0.007142,0.000145,2,
0.001629,0.029272,0.041978,0.149057,0.041167,0.035212,0.000513,0.597895,0.037198,0.066079,7,
0.000339,0.000502,0.000311,0.013032,0.004318,0.011261,0.000000,0.857798,0.000788,0.111651,7,
0.026573,0.010808,0.014334,0.017186,0.717628,0.082817,0.014655,0.021439,0.019999,0.074561,4,
0.065591,0.005079,0.102035,0.260081,0.093257,0.291127,0.020243,0.021701,0.024246,0.116640,5,
0.000059,0.000328,0.000363,0.006104,0.005624,0.006764,0.000000,0.869926,0.000850,0.109982,7,
0.096520,0.000264,0.007442,0.018376,0.012299,0.042303,0.002681,0.002224,0.791816,0.026074,8,
0.001296,0.099224,0.690105,0.171416,0.000633,0.000954,0.002359,0.024924,0.008640,0.000450,2,
0.013568,0.009731,0.109433,0.392418,0.040267,0.066626,0.004434,0.169075,0.032289,0.162160,3,
0.003436,0.012471,0.080804,0.877831,0.000000,0.021446,0.000048,0.001280,0.001795,0.000890,3,
0.002345,0.000546,0.002212,0.013731,0.082641,0.002795,0.000583,0.055003,0.008087,0.832057,9,
0.092884,0.036165,0.026318,0.083998,0.117475,0.088558,0.016463,0.031362,0.278193,0.228583,3,
0.014682,0.010035,0.129632,0.014934,0.381545,0.022344,0.117839,0.006684,0.113662,0.188643,2,
0.070455,0.000894,0.807531,0.022963,0.039538,0.014164,0.017590,0.008847,0.017220,0.000798,2,
0.011912,0.004383,0.158447,0.306499,0.157014,0.030757,0.027880,0.254268,0.022023,0.026817,7,
0.000465,0.002771,0.002035,0.032054,0.014972,0.019450,0.000026,0.768139,0.010163,0.149923,7,
0.003866,0.001970,0.026568,0.857031,0.001374,0.066694,0.000075,0.005445,0.023183,0.013794,5,
0.088046,0.005736,0.067611,0.152908,0.112608,0.017368,0.025751,0.237101,0.179753,0.113119,7,
0.000158,0.002288,0.005447,0.031454,0.006179,0.018578,0.000000,0.807156,0.000764,0.127976,7,
0.001771,0.011051,0.013482,0.117621,0.036754,0.029942,0.000110,0.732250,0.005333,0.051685,7,
0.088667,0.012094,0.256577,0.191930,0.059293,0.016608,0.048327,0.013098,0.278421,0.034984,0,
0.012989,0.016274,0.046590,0.265885,0.045723,0.186834,0.002285,0.041470,0.188747,0.193203,3,
0.016991,0.028335,0.022710,0.006345,0.632831,0.009588,0.074397,0.009023,0.022223,0.177556,4,
0.003290,0.005822,0.002596,0.017728,0.471463,0.007090,0.013949,0.042624,0.017926,0.417512,4,
0.000000,0.919776,0.019354,0.018520,0.008693,0.000769,0.003307,0.027570,0.000726,0.001286,1,
0.028980,0.012225,0.013407,0.035052,0.439769,0.248658,0.014289,0.054053,0.104608,0.048959,4,
0.001425,0.001980,0.013817,0.955488,0.000848,0.013610,0.000013,0.006385,0.002429,0.004005,3,
0.022110,0.002374,0.008293,0.809408,0.000789,0.113872,0.000101,0.005661,0.032669,0.004724,3,
0.010204,0.000096,0.008331,0.043073,0.007105,0.652868,0.000000,0.209479,0.019655,0.049188,5,
0.026741,0.051760,0.016350,0.037910,0.558139,0.072133,0.037275,0.055340,0.055552,0.088799,4,
0.000185,0.004137,0.015592,0.069215,0.035990,0.035464,0.000000,0.784590,0.009663,0.045164,7,
0.003750,0.001257,0.017566,0.899319,0.000628,0.055360,0.000111,0.003051,0.010035,0.008922,3,
0.000000,0.979043,0.001761,0.001219,0.009229,0.000598,0.003071,0.002390,0.000147,0.002543,1,
0.028564,0.187298,0.025731,0.043577,0.263147,0.110610,0.034023,0.047351,0.087869,0.171830,4,
0.035693,0.034023,0.014620,0.017375,0.393387,0.243098,0.017270,0.027469,0.183969,0.033097,5,
0.102702,0.000403,0.025799,0.290597,0.002513,0.452124,0.004071,0.002157,0.113531,0.006103,5,
0.010251,0.012775,0.836935,0.107490,0.002676,0.000809,0.005404,0.011662,0.011199,0.000798,2,
0.103611,0.000000,0.274273,0.030110,0.090535,0.093638,0.020224,0.254032,0.001807,0.131770,4,
0.228270,0.001160,0.013481,0.043039,0.019540,0.045501,0.030622,0.001648,0.576725,0.040014,8,
0.016688,0.001188,0.003386,0.086313,0.052110,0.694876,0.001154,0.080546,0.041399,0.022340,5,
0.141798,0.002155,0.032103,0.076402,0.014722,0.052688,0.019150,0.005161,0.623561,0.032259,8,
0.002058,0.000072,0.000703,0.010076,0.052549,0.002503,0.000754,0.072373,0.009351,0.849561,9,
0.476316,0.002908,0.023256,0.061974,0.084523,0.211522,0.036019,0.012298,0.068864,0.022321,0,
0.000018,0.000057,0.000407,0.003915,0.001750,0.000611,0.000000,0.986202,0.000492,0.006549,7,
0.009397,0.000631,0.003273,0.005885,0.069064,0.272811,0.000108,0.540275,0.017827,0.080729,7,
0.000089,0.000150,0.955871,0.008862,0.000323,0.015698,0.018371,0.000000,0.000000,0.000635,2,
0.055588,0.039263,0.016127,0.111274,0.114968,0.032790,0.009225,0.193828,0.059040,0.367897,9,
0.000611,0.000014,0.901554,0.016650,0.011710,0.022878,0.042663,0.000223,0.003696,0.000000,2,
0.107547,0.000272,0.011907,0.149624,0.006716,0.193200,0.004436,0.003071,0.501357,0.021870,3,
0.000056,0.013988,0.000245,0.055652,0.020527,0.028839,0.000103,0.716475,0.007938,0.156176,7,
0.021943,0.003371,0.003340,0.004055,0.598300,0.182267,0.006565,0.071140,0.034210,0.074809,4,
0.046158,0.000117,0.004381,0.025154,0.067967,0.514215,0.000605,0.035046,0.153779,0.152578,8,
0.022414,0.002173,0.755020,0.006740,0.050842,0.007091,0.084614,0.021770,0.002592,0.046745,2,
0.066350,0.001777,0.018072,0.091145,0.022690,0.384620,0.004556,0.007600,0.384640,0.018551,5,
0.000629,0.973163,0.001717,0.000799,0.004706,0.000693,0.000893,0.002299,0.007492,0.007608,1,
0.067459,0.002085,0.238830,0.416052,0.018252,0.010372,0.016518,0.012948,0.197195,0.020290,3,
0.013361,0.002000,0.863473,0.008422,0.012530,0.008902,0.084571,0.005744,0.000590,0.000408,2,
0.068938,0.007281,0.300552,0.012699,0.136872,0.010780,0.380809,0.007721,0.024329,0.050019,6,
0.001295,0.009564,0.001716,0.003585,0.877701,0.026632,0.014622,0.007786,0.018198,0.038902,4,
0.237961,0.001638,0.017756,0.034044,0.023755,0.040235,0.044581,0.001896,0.543585,0.054548,8,
0.084221,0.000037,0.037464,0.098245,0.005255,0.067310,0.019248,0.004397,0.681603,0.002221,8,
0.006505,0.002444,0.008832,0.224302,0.002402,0.723914,0.000443,0.001484,0.019094,0.010580,5,
0.054104,0.008873,0.213724,0.520898,0.028521,0.041695,0.012263,0.009295,0.099806,0.010820,3,
0.024799,0.001027,0.126881,0.049435,0.069009,0.011817,0.006536,0.624380,0.003995,0.082122,7,
0.010319,0.004595,0.009077,0.007499,0.435425,0.005527,0.009850,0.026281,0.023265,0.468161,9,
0.132749,0.005161,0.153798,0.146274,0.014270,0.098322,0.065139,0.004117,0.363305,0.016865,2,
0.001634,0.017147,0.062738,0.840409,0.000691,0.033337,0.000068,0.015131,0.018920,0.009925,3,
0.002605,0.003208,0.004478,0.000324,0.007356,0.006816,0.971950,0.000039,0.001573,0.001652,6,
0.000004,0.000012,0.001339,0.003041,0.035724,0.008953,0.000000,0.933247,0.002008,0.015671,7,
0.152435,0.000461,0.181521,0.405999,0.041006,0.071460,0.068607,0.029001,0.033141,0.016370,3,
0.000018,0.000134,0.000432,0.004658,0.002514,0.000641,0.000000,0.981958,0.000665,0.008980,7,
0.254609,0.000035,0.012766,0.063362,0.068274,0.277742,0.007383,0.206628,0.024448,0.084753,8,
0.004714,0.000293,0.002308,0.000940,0.921058,0.009983,0.003281,0.004092,0.001755,0.051576,4,
0.053832,0.004281,0.406501,0.016287,0.234119,0.004146,0.243482,0.009958,0.014816,0.012576,4,
0.001735,0.000835,0.964354,0.004242,0.006314,0.007360,0.012303,0.000000,0.002857,0.000000,2,
0.194511,0.044274,0.065918,0.065766,0.079969,0.037009,0.107787,0.008801,0.302241,0.093725,8,
0.008103,0.000362,0.001510,0.176039,0.011356,0.123202,0.000000,0.326434,0.030102,0.322893,9,
0.007925,0.000031,0.010991,0.018778,0.118002,0.013225,0.000312,0.040247,0.004910,0.785579,9,
0.930476,0.000000,0.006679,0.007435,0.016359,0.010343,0.010591,0.015187,0.002437,0.000493,0,
0.156376,0.022739,0.163416,0.110373,0.073984,0.021582,0.095696,0.014910,0.294087,0.046837,0,
0.934794,0.000006,0.002083,0.001087,0.001683,0.033172,0.003716,0.000209,0.022105,0.001146,0,
0.000010,0.991441,0.002377,0.001209,0.001852,0.000456,0.000263,0.000632,0.000718,0.001042,1,
0.029494,0.002274,0.002990,0.023744,0.045764,0.018936,0.001895,0.158992,0.040998,0.674914,9,
0.000036,0.974038,0.003805,0.003622,0.011597,0.001954,0.000578,0.001167,0.001528,0.001675,1,
0.011387,0.000778,0.001359,0.099435,0.004753,0.644695,0.000000,0.186839,0.018654,0.032100,5,
0.105176,0.000299,0.014855,0.022105,0.007418,0.058063,0.011059,0.001125,0.758768,0.021132,5,
0.263087,0.004369,0.109470,0.065228,0.083052,0.021140,0.059748,0.032993,0.267543,0.093369,0,
0.003693,0.007160,0.003450,0.075561,0.076939,0.034127,0.007263,0.202469,0.027969,0.561369,4,
0.016760,0.009099,0.803149,0.073342,0.028806,0.007920,0.029592,0.013275,0.015985,0.002073,2,
0.018664,0.026443,0.619510,0.020893,0.071359,0.011449,0.193846,0.010832,0.018906,0.008099,2,
0.123696,0.000608,0.203703,0.247982,0.003461,0.040710,0.009736,0.001695,0.356047,0.012362,8,
0.141950,0.012980,0.035541,0.137378,0.120211,0.031249,0.214009,0.029888,0.175157,0.101636,0,
0.015600,0.058901,0.080575,0.314559,0.030572,0.324673,0.003996,0.024115,0.109483,0.037527,5,
0.014859,0.008370,0.698962,0.049681,0.077712,0.021445,0.062651,0.030559,0.007791,0.027970,2,
0.040167,0.014965,0.324135,0.016623,0.192746,0.022937,0.321945,0.015880,0.027424,0.023177,2,
0.001320,0.001440,0.001933,0.019079,0.052761,0.008627,0.000414,0.224906,0.010563,0.678957,9,
0.017095,0.113570,0.052230,0.159873,0.164004,0.046075,0.004084,0.126139,0.103267,0.213663,8,
0.000010,0.001426,0.984991,0.009204,0.001199,0.000000,0.000142,0.002727,0.000286,0.000016,2,
0.000000,0.000217,0.003297,0.023319,0.004557,0.000264,0.000000,0.942080,0.002628,0.023637,7,
0.154181,0.016180,0.082426,0.138613,0.051678,0.038465,0.023878,0.010533,0.430424,0.053621,8,
0.221084,0.001892,0.022815,0.047421,0.014745,0.036069,0.024604,0.002733,0.596286,0.032352,0,
0.039221,0.001809,0.003130,0.020172,0.055628,0.020850,0.001953,0.157559,0.054962,0.644717,9,
0.491607,0.001231,0.038360,0.000272,0.041537,0.009821,0.332159,0.001622,0.057553,0.025838,0,
0.124670,0.001058,0.390186,0.022873,0.082345,0.041978,0.317438,0.001912,0.010607,0.006933,6,
0.008331,0.000233,0.000610,0.065050,0.008015,0.667215,0.000000,0.198376,0.026012,0.026159,5,
0.417840,0.000046,0.017395,0.400545,0.000000,0.143090,0.000000,0.000200,0.020768,0.000116,0,
0.002857,0.025087,0.810735,0.043447,0.002196,0.001528,0.007298,0.098520,0.007747,0.000585,2,
0.015424,0.000740,0.631123,0.019126,0.024496,0.069045,0.223456,0.000125,0.008767,0.007699,6,
0.114595,0.000707,0.530096,0.183268,0.018587,0.045332,0.016504,0.013419,0.070601,0.006890,2,
0.832129,0.000124,0.001863,0.086293,0.000835,0.060855,0.003224,0.000884,0.011190,0.002604,0,
0.157195,0.009651,0.050257,0.541954,0.006644,0.181752,0.002824,0.001650,0.044729,0.003342,3,
0.246323,0.006199,0.038502,0.078838,0.040116,0.044219,0.053233,0.003123,0.440291,0.049157,8,
0.182870,0.015636,0.058937,0.028602,0.174339,0.022088,0.172126,0.010712,0.199141,0.135549,8,
0.041753,0.000705,0.781031,0.065485,0.002557,0.011765,0.005286,0.004263,0.085494,0.001661,2,
0.024803,0.000185,0.746869,0.026907,0.032842,0.021902,0.039825,0.057395,0.004047,0.045226,2,
0.000223,0.115374,0.135624,0.661837,0.000356,0.005953,0.000146,0.076643,0.002140,0.001704,2,
0.028677,0.001343,0.040717,0.028366,0.021604,0.846104,0.003521,0.003662,0.017746,0.008260,5,
0.009467,0.006498,0.008622,0.008027,0.398900,0.009177,0.009976,0.013561,0.032672,0.503101,9,
0.000072,0.994642,0.001994,0.000373,0.000592,0.000289,0.000605,0.000587,0.000656,0.000189,1,
0.091921,0.000861,0.037697,0.014730,0.448999,0.106933,0.112829,0.004860,0.067192,0.113978,9,
0.028427,0.000070,0.044562,0.016555,0.285696,0.069160,0.007505,0.019210,0.009419,0.519396,9,
0.015797,0.006330,0.049613,0.000666,0.013909,0.005266,0.905229,0.000542,0.000733,0.001914,6,
0.001172,0.000292,0.967114,0.001256,0.003026,0.000103,0.022114,0.004208,0.000025,0.000690,2,
0.008097,0.001600,0.003378,0.028046,0.051489,0.017128,0.002962,0.126264,0.046441,0.714596,9,
0.001382,0.015729,0.002597,0.570923,0.018357,0.368392,0.003336,0.003875,0.006266,0.009144,3,
0.039317,0.002456,0.570889,0.043992,0.059097,0.093583,0.026068,0.038706,0.013034,0.112859,2,
0.000018,0.000039,0.000500,0.005980,0.003492,0.000614,0.000000,0.974913,0.000663,0.013782,7,
0.034723,0.005648,0.017005,0.024930,0.085936,0.023952,0.016792,0.071497,0.060383,0.659133,9,
0.036905,0.000157,0.053233,0.479769,0.014667,0.085527,0.003175,0.229967,0.064900,0.031700,3,
0.000018,0.991493,0.002305,0.000766,0.001822,0.000192,0.001062,0.001108,0.000735,0.000499,1,
0.005650,0.433855,0.095548,0.270462,0.022497,0.010915,0.010061,0.108508,0.022944,0.019560,1,
0.003008,0.004992,0.007384,0.017493,0.117067,0.008914,0.002038,0.057027,0.013178,0.768898,9,
0.037665,0.274356,0.064502,0.033758,0.181358,0.047741,0.193863,0.018436,0.061896,0.086425,1,
0.002779,0.000406,0.001059,0.009957,0.067948,0.003444,0.000621,0.056283,0.010427,0.847075,9,
0.000190,0.003090,0.011579,0.315500,0.060343,0.010825,0.000127,0.423531,0.004158,0.170657,7,
0.081724,0.010425,0.119936,0.006709,0.107132,0.011969,0.633979,0.010438,0.009332,0.008355,6,
0.034504,0.005206,0.146566,0.670042,0.006315,0.005131,0.001431,0.026499,0.089663,0.014642,3,
0.008011,0.007965,0.018139,0.258692,0.121875,0.111590,0.002455,0.198842,0.033968,0.238463,9,
0.000128,0.004572,0.000420,0.018501,0.028069,0.009996,0.000000,0.619287,0.014979,0.304050,9,
0.001952,0.001868,0.004035,0.151442,0.000325,0.827165,0.001094,0.000520,0.010275,0.001324,5,
0.001629,0.003241,0.004127,0.000251,0.004831,0.005440,0.978711,0.000018,0.001095,0.000657,6,
0.000247,0.000210,0.975475,0.010499,0.002051,0.000025,0.006265,0.005009,0.000097,0.000123,2,
0.000168,0.985893,0.002818,0.002034,0.002876,0.000661,0.000419,0.001085,0.001372,0.002674,1,
0.018021,0.050736,0.029300,0.049253,0.162654,0.076420,0.005567,0.116581,0.100866,0.390602,9,
0.202221,0.000791,0.016958,0.045879,0.015245,0.054156,0.031476,0.001799,0.593138,0.038338,8,
0.028639,0.002118,0.001800,0.023499,0.038060,0.018984,0.001427,0.210411,0.044290,0.630770,9,
0.029669,0.001842,0.690149,0.033737,0.048630,0.011762,0.161199,0.004842,0.013255,0.004915,6,
0.010248,0.022097,0.013577,0.147373,0.184080,0.053473,0.002124,0.403473,0.025735,0.137819,7,
0.000174,0.000353,0.000177,0.007595,0.004072,0.010318,0.000000,0.886438,0.000615,0.090258,7,
0.029587,0.003560,0.099748,0.005123,0.043776,0.073915,0.696948,0.013126,0.033393,0.000824,6,
0.207080,0.013441,0.030610,0.053889,0.223641,0.225492,0.044724,0.010336,0.104880,0.085907,5,
0.050296,0.000920,0.003817,0.037818,0.078690,0.204932,0.002954,0.038697,0.305472,0.276404,9,
0.005713,0.009699,0.006134,0.012972,0.455539,0.018223,0.007728,0.046371,0.037320,0.400301,4,
0.000415,0.000162,0.982613,0.013361,0.000313,0.000013,0.000908,0.001379,0.000837,0.000000,2,
0.990319,0.000006,0.001248,0.000662,0.000419,0.001894,0.000636,0.003197,0.001420,0.000197,0,
0.000015,0.968097,0.002177,0.001115,0.004929,0.000210,0.000174,0.011326,0.001208,0.010750,1,
0.025597,0.001498,0.028753,0.835521,0.000128,0.073527,0.000077,0.006605,0.023916,0.004376,3,
0.436357,0.000100,0.057167,0.008677,0.292414,0.029242,0.056642,0.065018,0.030885,0.023498,0,
0.000088,0.000169,0.000232,0.006664,0.005000,0.009211,0.000000,0.878827,0.000759,0.099050,7,
0.003963,0.057469,0.090195,0.722483,0.016035,0.066830,0.000794,0.014533,0.017263,0.010435,3,
0.091336,0.021225,0.022324,0.074742,0.275949,0.054962,0.087224,0.043948,0.182260,0.146028,4,
0.042596,0.003156,0.023077,0.011785,0.258836,0.051130,0.021198,0.015192,0.248222,0.324807,4,
0.000004,0.000389,0.004468,0.044702,0.013551,0.006745,0.000000,0.899498,0.003130,0.027513,7,
0.005824,0.000821,0.027547,0.931845,0.000315,0.022001,0.000000,0.002077,0.007813,0.001756,3,
0.001817,0.001619,0.711487,0.208979,0.000167,0.000843,0.000527,0.029313,0.045040,0.000208,2,
0.002896,0.001411,0.005150,0.011055,0.122126,0.005869,0.005365,0.052664,0.007368,0.786096,9,
0.007696,0.014552,0.049094,0.359336,0.006201,0.441194,0.006500,0.012514,0.063562,0.039351,3,
0.056842,0.001086,0.615159,0.186418,0.004383,0.002963,0.008918,0.004120,0.114779,0.005332,2,
0.066140,0.010811,0.025688,0.011442,0.027515,0.226707,0.005653,0.022159,0.580443,0.023441,5,
0.026446,0.079604,0.315544,0.055128,0.296630,0.012093,0.062821,0.020224,0.025951,0.105558,2,
0.003189,0.004073,0.087885,0.001657,0.018095,0.004294,0.874970,0.000215,0.001123,0.004499,6,
0.015420,0.000721,0.045246,0.052457,0.468672,0.035464,0.044815,0.105703,0.076201,0.155301,8,
0.093469,0.002497,0.169912,0.365268,0.053230,0.025827,0.024848,0.026067,0.177494,0.061388,3,
0.007250,0.009173,0.016345,0.818235,0.005735,0.063116,0.000022,0.054014,0.012244,0.013866,3,
0.000612,0.000210,0.000508,0.012242,0.007978,0.010681,0.000000,0.835077,0.001284,0.131408,7,
0.000189,0.000010,0.000317,0.005618,0.001884,0.006616,0.000000,0.976038,0.002035,0.007294,7,
0.030147,0.000129,0.006355,0.036172,0.019131,0.644559,0.000383,0.034362,0.159799,0.068963,2,
0.002012,0.007869,0.003437,0.017472,0.274664,0.015430,0.001723,0.136993,0.040406,0.499996,9,
0.000045,0.000157,0.000348,0.004864,0.000834,0.001111,0.000000,0.978782,0.000954,0.012904,7,
0.036269,0.001347,0.003595,0.058022,0.047278,0.204481,0.000557,0.100860,0.112062,0.435528,9,
0.032225,0.000072,0.000990,0.088157,0.022321,0.504887,0.000011,0.293171,0.020697,0.037469,5,
0.000229,0.076462,0.000538,0.045077,0.018701,0.021048,0.000347,0.565815,0.012985,0.258798,7,
0.031394,0.025170,0.126436,0.591067,0.025429,0.024915,0.004295,0.028354,0.112849,0.030092,3,
0.123642,0.016744,0.325794,0.168523,0.074311,0.032606,0.102067,0.018121,0.111952,0.026241,2,
0.000010,0.995811,0.000735,0.000253,0.000778,0.000149,0.000437,0.000615,0.000994,0.000216,1,
0.011583,0.018673,0.010892,0.203259,0.017580,0.574188,0.001188,0.030684,0.039707,0.092244,5,
0.000166,0.000310,0.000532,0.010029,0.005863,0.009457,0.000000,0.846398,0.001352,0.125891,7,
0.019202,0.002700,0.003593,0.003120,0.676002,0.132789,0.009098,0.038705,0.044362,0.070429,4,
0.006596,0.026050,0.009468,0.022975,0.587013,0.013297,0.018897,0.048539,0.017263,0.249903,4,
0.000789,0.002231,0.001357,0.036284,0.014219,0.021467,0.000037,0.836431,0.004520,0.082667,7,
0.014501,0.002368,0.006240,0.067466,0.004260,0.886961,0.001891,0.001483,0.008655,0.006176,5,
0.000049,0.000010,0.000513,0.022803,0.000822,0.009981,0.000000,0.957962,0.000783,0.007077,7,
0.007046,0.000396,0.012604,0.036235,0.006733,0.774999,0.000000,0.125575,0.012895,0.023518,5,
0.009750,0.002018,0.002026,0.015982,0.065118,0.107915,0.000382,0.262152,0.076781,0.457877,7,
0.017050,0.000213,0.001568,0.084279,0.011324,0.589790,0.000000,0.273462,0.009864,0.012450,5,
0.013473,0.000937,0.874939,0.021274,0.018999,0.001852,0.044208,0.015791,0.007486,0.001040,2,
0.846866,0.000000,0.040447,0.002729,0.008303,0.011574,0.028671,0.001291,0.056385,0.003733,0,
0.004138,0.002579,0.015524,0.000729,0.008308,0.003076,0.963736,0.000084,0.000959,0.000867,6,
0.135867,0.020275,0.030630,0.031154,0.237108,0.024844,0.067603,0.020957,0.216127,0.215435,6,
0.241880,0.001576,0.179405,0.058962,0.306618,0.055195,0.048773,0.038334,0.044625,0.024632,4,
0.000004,0.000108,0.000305,0.007090,0.001869,0.001298,0.000011,0.979334,0.001034,0.008947,7,
0.000000,0.995386,0.001332,0.000394,0.000689,0.000229,0.000396,0.000710,0.000651,0.000213,1,
0.021105,0.007423,0.081817,0.021738,0.632007,0.015241,0.020302,0.012487,0.023708,0.164173,4,
0.002884,0.000521,0.001637,0.012645,0.070521,0.004876,0.000739,0.070540,0.009075,0.826563,4,
0.000386,0.976239,0.003149,0.002135,0.003791,0.000804,0.000593,0.002753,0.002225,0.007924,1,
0.008409,0.001327,0.006468,0.083373,0.000494,0.884521,0.003867,0.000532,0.006461,0.004547,5,
0.010632,0.014880,0.007781,0.102621,0.102085,0.062032,0.000939,0.333720,0.027896,0.337415,3,
0.052700,0.000063,0.025412,0.009039,0.060321,0.787923,0.015783,0.005331,0.028536,0.014893,5,
0.283684,0.000320,0.197395,0.010793,0.110473,0.024145,0.316777,0.011546,0.012291,0.032576,6,
0.677174,0.000051,0.010526,0.056302,0.013775,0.053225,0.008132,0.045047,0.079105,0.056662,0,
0.013645,0.000032,0.011540,0.032036,0.047399,0.002425,0.000080,0.109794,0.010828,0.772221,7,
0.001653,0.004049,0.007331,0.000485,0.004341,0.002785,0.977811,0.000000,0.000759,0.000786,6,
0.884241,0.000000,0.002523,0.021835,0.003178,0.036012,0.002539,0.014144,0.016671,0.018857,0,
0.004189,0.000103,0.002701,0.024009,0.045743,0.005581,0.000310,0.090575,0.011991,0.814798,9,
0.990623,0.000000,0.001616,0.001114,0.000567,0.002610,0.001318,0.000119,0.001565,0.000468,0,
0.021220,0.000954,0.848317,0.018266,0.030590,0.009149,0.015329,0.028192,0.001276,0.026705,2,
0.002870,0.000284,0.960572,0.024780,0.000135,0.000013,0.000127,0.011176,0.000043,0.000000,2,
0.028781,0.002194,0.005454,0.003896,0.010453,0.171015,0.680314,0.000267,0.088653,0.008974,6,
0.002036,0.000071,0.000690,0.007765,0.047222,0.002457,0.000269,0.060150,0.010016,0.869325,9,
0.066796,0.007146,0.019994,0.082043,0.182337,0.031744,0.023625,0.136826,0.198909,0.250581,7,
0.002051,0.000071,0.000778,0.007896,0.050439,0.002396,0.000339,0.059977,0.009943,0.866110,9,
0.000060,0.000057,0.000271,0.005009,0.002435,0.001199,0.000000,0.976932,0.000945,0.013092,7,
