0, 1, 2, 3, 4, 5, 6, 7, 8, 9, True
0.073449,0.004480,0.646694,0.012605,0.074132,0.113396,0.059186,0.002223,0.007152,0.006683,2,
0.055785,0.000905,0.732322,0.029664,0.117186,0.002728,0.009824,0.025380,0.002279,0.023926,2,
0.012455,0.000081,0.000826,0.006797,0.045107,0.009465,0.000139,0.129285,0.017358,0.778489,7,
0.003480,0.907293,0.012301,0.027892,0.004553,0.004213,0.000502,0.026302,0.004909,0.008554,1,
0.034989,0.714821,0.084171,0.025592,0.012609,0.049260,0.040299,0.003510,0.028970,0.005779,1,
0.034370,0.002139,0.650671,0.003685,0.003296,0.071259,0.225848,0.001651,0.005223,0.001858,2,
0.000268,0.001961,0.975691,0.005391,0.000202,0.000057,0.016346,0.000037,0.000040,0.000007,2,
0.031908,0.002437,0.282902,0.002272,0.099883,0.050506,0.523586,0.003341,0.001862,0.001303,4,
0.003444,0.000085,0.437582,0.001021,0.005293,0.000651,0.551174,0.000203,0.000418,0.000128,2,
0.041620,0.001413,0.030231,0.079403,0.477693,0.051854,0.049672,0.093021,0.039700,0.135394,4,
0.092511,0.002515,0.152305,0.668979,0.003181,0.024065,0.001839,0.025508,0.024608,0.004490,3,
0.037373,0.008564,0.008629,0.020223,0.137184,0.223408,0.002014,0.297928,0.063046,0.201631,4,
0.895527,0.000101,0.005658,0.005777,0.003724,0.067873,0.001708,0.005390,0.011082,0.003160,0,
0.110640,0.000298,0.001959,0.020875,0.002707,0.825855,0.002425,0.001066,0.032146,0.002029,5,
0.000211,0.000087,0.000842,0.083483,0.004996,0.001279,0.000067,0.851845,0.006202,0.050987,7,
0.070267,0.000734,0.627801,0.002655,0.015909,0.003523,0.268544,0.001327,0.007142,0.002097,6,
0.062696,0.000169,0.020442,0.535258,0.004958,0.006804,0.000537,0.305079,0.018525,0.045533,7,
0.001009,0.000236,0.053300,0.000832,0.010576,0.003797,0.929349,0.000079,0.000494,0.000327,6,
0.003874,0.000587,0.001470,0.062510,0.013602,0.055781,0.000322,0.752169,0.003163,0.106521,7,
0.017942,0.000290,0.001367,0.015351,0.130830,0.052596,0.001204,0.213950,0.033406,0.533065,9,
0.015145,0.042709,0.103585,0.003224,0.577992,0.012603,0.188923,0.014949,0.004135,0.036736,2,
0.074812,0.004652,0.009162,0.065869,0.052375,0.081477,0.001966,0.206816,0.135344,0.367528,9,
0.045664,0.002544,0.183474,0.026619,0.007512,0.048519,0.052651,0.001454,0.626042,0.005521,8,
0.034152,0.058802,0.056851,0.058466,0.345282,0.032129,0.015689,0.119295,0.031078,0.248256,7,
0.016066,0.001646,0.002977,0.089776,0.062813,0.297935,0.002119,0.188650,0.062127,0.275890,5,
0.000082,0.000072,0.000131,0.004955,0.001526,0.000833,0.000003,0.953235,0.000613,0.038551,7,
0.004744,0.000644,0.934881,0.015479,0.002384,0.000760,0.022266,0.000144,0.018045,0.000653,2,
0.010678,0.021484,0.081390,0.052463,0.455489,0.017137,0.009228,0.059109,0.028841,0.264182,4,
0.000476,0.000073,0.000514,0.038885,0.001624,0.009146,0.000015,0.919294,0.003873,0.026101,7,
0.897954,0.000001,0.000698,0.000149,0.000161,0.099940,0.000397,0.000025,0.000667,0.000008,0,
0.000660,0.989039,0.002308,0.002617,0.000555,0.002367,0.000389,0.000862,0.000750,0.000452,1,
0.005763,0.000161,0.852702,0.001265,0.007205,0.012857,0.117878,0.000081,0.001820,0.000268,2,
0.206534,0.003707,0.049889,0.047315,0.229336,0.301382,0.011815,0.026623,0.028638,0.094761,5,
0.077460,0.010837,0.027236,0.042476,0.114965,0.099831,0.004665,0.068766,0.238154,0.315611,8,
0.190281,0.000680,0.031512,0.007009,0.039799,0.065176,0.045480,0.001407,0.569436,0.049218,8,
0.202642,0.000265,0.000433,0.002508,0.003225,0.182320,0.000611,0.002183,0.574137,0.031676,8,
0.005035,0.084617,0.050467,0.010362,0.454234,0.012295,0.047138,0.310178,0.002192,0.023482,2,
0.021040,0.336168,0.048033,0.044794,0.299260,0.070203,0.041222,0.038554,0.023784,0.076943,4,
0.025226,0.061434,0.017613,0.031407,0.026699,0.745712,0.036628,0.002881,0.039913,0.012485,5,
0.384120,0.005175,0.025861,0.001752,0.087488,0.430744,0.011367,0.004565,0.037873,0.011056,5,
0.000078,0.972561,0.001960,0.001249,0.015288,0.001252,0.001429,0.003503,0.000198,0.002482,1,
0.000412,0.850339,0.009946,0.049939,0.005495,0.001440,0.000350,0.076163,0.000553,0.005364,1,
0.019000,0.000644,0.878668,0.015498,0.000849,0.001983,0.028312,0.000112,0.054669,0.000263,2,
0.030224,0.000834,0.003592,0.001886,0.508592,0.359299,0.005030,0.009947,0.013543,0.067055,4,
0.000195,0.000104,0.000923,0.033954,0.008775,0.001261,0.000032,0.898885,0.000673,0.055198,7,
0.002965,0.000034,0.011880,0.000207,0.071816,0.003547,0.904373,0.000102,0.001534,0.003542,6,
0.004978,0.000577,0.002713,0.009070,0.256761,0.025934,0.002355,0.061823,0.020507,0.615281,9,
0.007777,0.000167,0.006549,0.005941,0.349068,0.007257,0.003519,0.035645,0.010994,0.573084,9,
0.000113,0.992342,0.001064,0.000341,0.001061,0.000226,0.000098,0.003646,0.000217,0.000894,1,
0.006384,0.914367,0.017248,0.011027,0.006601,0.003172,0.000804,0.016660,0.012114,0.011623,1,
0.000001,0.998137,0.000696,0.000168,0.000174,0.000194,0.000280,0.000203,0.000063,0.000084,1,
0.031858,0.000365,0.005939,0.009688,0.062356,0.007898,0.000561,0.032937,0.089370,0.759027,0,
0.001987,0.000325,0.111847,0.001379,0.030791,0.001757,0.849712,0.001476,0.000232,0.000494,6,
0.065115,0.002154,0.064399,0.127355,0.059105,0.125509,0.043913,0.006244,0.468053,0.038151,3,
0.038604,0.000445,0.001630,0.014419,0.050970,0.234190,0.000738,0.182123,0.195225,0.281655,5,
0.123274,0.014044,0.096976,0.070543,0.006523,0.595051,0.066346,0.002375,0.021886,0.002981,5,
0.020714,0.000767,0.078883,0.002988,0.244339,0.013261,0.627533,0.002354,0.004205,0.004956,6,
0.125356,0.001043,0.002319,0.004353,0.028275,0.795741,0.001362,0.029219,0.003616,0.008717,0,
0.005628,0.032414,0.004897,0.029364,0.061753,0.056416,0.000744,0.649226,0.010813,0.148745,4,
0.029028,0.306110,0.251774,0.023905,0.155609,0.019982,0.154710,0.011745,0.021982,0.025156,6,
0.000860,0.000101,0.000482,0.035787,0.020972,0.019615,0.000075,0.772821,0.003628,0.145658,9,
0.005381,0.002343,0.003900,0.011019,0.110447,0.016486,0.000709,0.113906,0.038410,0.697398,9,
0.002684,0.000122,0.000418,0.014016,0.006652,0.025605,0.000034,0.809294,0.012997,0.128178,7,
0.001769,0.000022,0.000083,0.000488,0.025081,0.001003,0.000074,0.004709,0.017229,0.949542,9,
0.000109,0.984623,0.001623,0.004688,0.000904,0.000830,0.000106,0.006102,0.000182,0.000833,1,
0.008351,0.000225,0.001355,0.068662,0.009571,0.016639,0.000118,0.402382,0.044381,0.448317,9,
0.002759,0.035537,0.008789,0.011914,0.433567,0.013929,0.002849,0.206650,0.007451,0.276553,7,
0.000826,0.002154,0.015087,0.000067,0.054907,0.002315,0.923417,0.000113,0.000254,0.000860,6,
0.069163,0.042743,0.193849,0.073375,0.012251,0.038736,0.003576,0.005761,0.535239,0.025308,2,
0.923238,0.000157,0.007099,0.000286,0.021512,0.041833,0.003550,0.000579,0.000700,0.001046,0,
0.045273,0.008631,0.078072,0.081772,0.383365,0.142355,0.035533,0.091942,0.029309,0.103748,9,
0.009711,0.000088,0.001119,0.023671,0.003156,0.017220,0.000132,0.003417,0.800406,0.141080,8,
0.010667,0.004934,0.007181,0.087323,0.021664,0.248427,0.001013,0.569930,0.013820,0.035041,5,
0.000694,0.000022,0.000108,0.060264,0.001119,0.006350,0.000005,0.822888,0.004283,0.104267,7,
0.025977,0.000260,0.005864,0.015433,0.144823,0.025274,0.002503,0.007447,0.278054,0.494365,9,
0.000002,0.997701,0.000818,0.000281,0.000082,0.000497,0.000343,0.000110,0.000101,0.000065,1,
0.087432,0.001171,0.189045,0.500417,0.008159,0.057658,0.033564,0.003917,0.109547,0.009091,2,
0.001907,0.000059,0.951428,0.018243,0.000707,0.000276,0.025229,0.000057,0.001984,0.000110,2,
0.278188,0.004333,0.198960,0.137439,0.017399,0.069209,0.173712,0.005811,0.102522,0.012427,3,
0.032502,0.007660,0.004087,0.028541,0.076088,0.499790,0.002162,0.180278,0.067938,0.100953,5,
0.002984,0.064551,0.035217,0.795537,0.007593,0.038726,0.001626,0.040614,0.006305,0.006848,3,
0.339780,0.003266,0.236129,0.005197,0.003695,0.085443,0.283941,0.001095,0.040331,0.001124,0,
0.284348,0.001175,0.158864,0.082088,0.002034,0.111296,0.016495,0.001131,0.340753,0.001817,8,
0.000755,0.000023,0.009320,0.973858,0.000038,0.011015,0.000518,0.000211,0.004227,0.000036,3,
0.093155,0.001068,0.246930,0.062388,0.009302,0.052391,0.169936,0.001015,0.356059,0.007756,5,
0.002721,0.002039,0.007983,0.912470,0.001410,0.040691,0.000315,0.020244,0.008629,0.003500,3,
0.001058,0.003539,0.001380,0.054343,0.001206,0.002152,0.000026,0.834202,0.005721,0.096371,9,
0.078348,0.002729,0.005590,0.003632,0.241106,0.478701,0.006754,0.036440,0.076713,0.069987,5,
0.000099,0.986451,0.003585,0.002084,0.001781,0.000270,0.000134,0.004240,0.000252,0.001104,1,
0.098547,0.000284,0.003226,0.040297,0.017222,0.102467,0.001415,0.004416,0.579112,0.153015,8,
0.416241,0.001269,0.083745,0.003070,0.096482,0.048951,0.246255,0.002411,0.089887,0.011689,6,
0.001761,0.000166,0.000523,0.160280,0.002613,0.026504,0.000022,0.760409,0.003892,0.043829,7,
0.110325,0.000531,0.240185,0.016292,0.000771,0.019208,0.037395,0.000416,0.574260,0.000615,5,
0.015573,0.000076,0.000975,0.826191,0.000120,0.144053,0.000017,0.007083,0.004057,0.001856,3,
0.000619,0.964221,0.012856,0.002642,0.009794,0.000774,0.001361,0.003340,0.001119,0.003273,1,
0.000297,0.000002,0.308433,0.000018,0.001376,0.000042,0.689644,0.000001,0.000176,0.000010,2,
0.011125,0.273513,0.065104,0.013106,0.393591,0.039183,0.140124,0.009017,0.014767,0.040470,1,
0.185580,0.000100,0.013908,0.084939,0.001933,0.048422,0.002151,0.000861,0.646958,0.015149,8,
0.004046,0.000851,0.017901,0.942868,0.000263,0.017095,0.000212,0.003528,0.012660,0.000577,3,
0.010465,0.009758,0.037217,0.012567,0.729713,0.022299,0.062114,0.018942,0.013218,0.083705,4,
0.012194,0.004125,0.008000,0.001037,0.765827,0.040157,0.069208,0.005987,0.008348,0.085116,4,
0.003367,0.097806,0.024914,0.042358,0.463927,0.012156,0.017844,0.276099,0.004487,0.057042,8,
0.000309,0.001359,0.002732,0.041275,0.018386,0.001704,0.000141,0.850637,0.002228,0.081229,7,
0.160077,0.000342,0.011542,0.001701,0.025375,0.051442,0.008365,0.000799,0.699370,0.040988,9,
0.000701,0.001660,0.000510,0.018185,0.014069,0.017474,0.000060,0.812754,0.005247,0.129340,7,
0.069322,0.010274,0.022776,0.007247,0.452977,0.203340,0.131345,0.025149,0.025286,0.052284,4,
0.000916,0.002528,0.106323,0.878851,0.000353,0.004210,0.000224,0.003390,0.003026,0.000178,2,
0.003676,0.085011,0.084386,0.019855,0.604177,0.004805,0.019260,0.133173,0.002892,0.042765,4,
0.000921,0.957318,0.008470,0.010177,0.005885,0.002089,0.000481,0.008381,0.001854,0.004423,1,
0.012172,0.000024,0.065440,0.000208,0.003300,0.008907,0.909363,0.000033,0.000511,0.000042,6,
0.003073,0.054117,0.737756,0.160289,0.011508,0.002767,0.012918,0.002944,0.010993,0.003634,2,
0.083466,0.008797,0.147423,0.002846,0.065707,0.042325,0.560931,0.001253,0.072214,0.015039,6,
0.142728,0.001285,0.005404,0.046959,0.055822,0.204273,0.004026,0.066341,0.249582,0.223581,5,
0.257388,0.000435,0.008304,0.010940,0.033734,0.066465,0.004454,0.003646,0.499283,0.115349,8,
0.000001,0.996481,0.001371,0.000859,0.000381,0.000037,0.000075,0.000694,0.000010,0.000090,1,
0.513506,0.000942,0.130138,0.006324,0.199509,0.011109,0.039841,0.014766,0.016807,0.067059,4,
0.033539,0.000514,0.509888,0.001173,0.033862,0.029903,0.389413,0.000651,0.000660,0.000398,4,
0.023555,0.000125,0.763570,0.002396,0.003615,0.005612,0.197896,0.000111,0.002816,0.000304,2,
0.548646,0.000368,0.408742,0.003111,0.000311,0.031136,0.005803,0.000252,0.001398,0.000234,0,
0.003367,0.950234,0.017645,0.001013,0.004791,0.003401,0.015417,0.000528,0.002590,0.001014,1,
0.403567,0.000352,0.003941,0.010471,0.003342,0.538854,0.000555,0.015918,0.018958,0.004041,0,
0.211691,0.000134,0.012852,0.004678,0.006577,0.048620,0.011697,0.000490,0.683568,0.019693,8,
0.000705,0.000600,0.761554,0.232751,0.000183,0.000345,0.002743,0.000765,0.000337,0.000018,2,
0.177317,0.000361,0.000980,0.013410,0.026792,0.466478,0.001357,0.006769,0.219192,0.087344,5,
0.002017,0.945185,0.007881,0.001128,0.021203,0.001426,0.001474,0.009588,0.001968,0.008131,1,
0.781020,0.000313,0.001044,0.000458,0.001562,0.165428,0.001302,0.000556,0.047355,0.000960,0,
0.087173,0.001398,0.015278,0.006363,0.331678,0.261614,0.004374,0.018974,0.037890,0.235257,2,
0.015530,0.000417,0.002256,0.338779,0.005232,0.041146,0.000379,0.277570,0.148625,0.170066,3,
0.091095,0.001339,0.251122,0.005011,0.290666,0.026868,0.312839,0.002542,0.005973,0.012545,4,
0.055158,0.000055,0.043853,0.000076,0.006693,0.010971,0.880697,0.000048,0.002265,0.000184,6,
0.220913,0.001787,0.046905,0.007779,0.007449,0.103054,0.059367,0.000548,0.542468,0.009730,9,
0.000143,0.956960,0.009402,0.007603,0.009862,0.002701,0.008087,0.003671,0.000238,0.001333,1,
0.008534,0.000076,0.002652,0.008075,0.435489,0.021419,0.003932,0.020017,0.028616,0.471190,4,
0.012757,0.008923,0.010856,0.708486,0.004417,0.114259,0.000431,0.059403,0.050628,0.029839,3,
0.045773,0.002630,0.312877,0.007671,0.305331,0.014898,0.266011,0.005747,0.012363,0.026699,4,
0.002086,0.003539,0.336773,0.632177,0.002329,0.001520,0.000616,0.019509,0.001091,0.000361,3,
0.138082,0.000018,0.001826,0.009943,0.000191,0.062006,0.000610,0.000072,0.786661,0.000591,3,
0.009112,0.000285,0.001391,0.056479,0.018590,0.882347,0.002797,0.004875,0.016271,0.007853,5,
0.008022,0.009419,0.016241,0.050980,0.083445,0.018664,0.001651,0.107626,0.088535,0.615417,9,
0.007779,0.000851,0.624540,0.006131,0.053391,0.005262,0.297666,0.003904,0.000207,0.000269,6,
0.125663,0.003038,0.195888,0.537296,0.022301,0.050078,0.004962,0.009680,0.028250,0.022843,3,
0.002765,0.000088,0.163770,0.000974,0.018758,0.001338,0.810992,0.000574,0.000408,0.000331,6,
0.118235,0.000420,0.005811,0.042350,0.028803,0.035662,0.001910,0.005812,0.456213,0.304784,8,
0.385901,0.001085,0.040084,0.077157,0.094417,0.053105,0.007607,0.120597,0.040573,0.179474,4,
0.003707,0.000452,0.000799,0.016809,0.080238,0.045254,0.000448,0.659248,0.005676,0.187370,9,
0.005576,0.051728,0.019554,0.020558,0.378395,0.019686,0.004299,0.094526,0.020263,0.385416,4,
0.000230,0.990735,0.002191,0.000228,0.002416,0.000220,0.000279,0.002134,0.000372,0.001195,1,
0.855471,0.000002,0.000156,0.002134,0.000061,0.141028,0.000033,0.000057,0.000992,0.000067,0,
0.055435,0.067283,0.400548,0.077814,0.064130,0.060999,0.080057,0.009412,0.162019,0.022304,3,
0.213749,0.002417,0.226306,0.005720,0.110465,0.014618,0.388170,0.013131,0.012615,0.012810,6,
0.124786,0.000168,0.007051,0.006894,0.008290,0.035739,0.004394,0.000719,0.781169,0.030789,0,
0.011915,0.114313,0.103019,0.034797,0.397110,0.058786,0.199089,0.007115,0.030534,0.043321,4,
0.076355,0.002860,0.039510,0.651455,0.001173,0.194414,0.000752,0.022792,0.008939,0.001749,3,
0.218921,0.000014,0.002217,0.001064,0.001001,0.088655,0.003381,0.000058,0.682822,0.001867,8,
0.038944,0.000869,0.043750,0.004871,0.512375,0.024028,0.206633,0.002459,0.048428,0.117643,9,
0.112747,0.000829,0.730607,0.016050,0.019817,0.016907,0.097059,0.003666,0.001667,0.000649,6,
0.033491,0.000462,0.123976,0.007721,0.250458,0.010620,0.516310,0.003577,0.025083,0.028303,6,
0.000054,0.000032,0.000206,0.010215,0.002052,0.000414,0.000007,0.960837,0.000492,0.025690,7,
0.003694,0.003966,0.915764,0.004693,0.009513,0.002631,0.054424,0.000096,0.004093,0.001126,2,
0.001512,0.975479,0.012587,0.002878,0.000804,0.001442,0.000700,0.000631,0.003092,0.000875,1,
0.082545,0.000890,0.010727,0.028607,0.055878,0.018429,0.004400,0.003850,0.471208,0.323467,0,
0.009422,0.000326,0.011001,0.005659,0.694818,0.013390,0.021723,0.009178,0.013662,0.220822,4,
0.082657,0.005715,0.419376,0.227623,0.010436,0.012820,0.009928,0.005386,0.207679,0.018380,8,
0.008364,0.001896,0.145827,0.003084,0.083394,0.006799,0.728886,0.001339,0.006694,0.013717,6,
0.001911,0.000351,0.045844,0.000238,0.068404,0.000997,0.877727,0.000246,0.000982,0.003299,6,
0.089191,0.005988,0.024071,0.125837,0.019789,0.478112,0.004099,0.014714,0.204578,0.033621,0,
0.011223,0.002813,0.066493,0.034640,0.045172,0.009532,0.005459,0.745407,0.006613,0.072647,3,
0.083354,0.000065,0.003376,0.004200,0.002505,0.029885,0.002599,0.000166,0.860705,0.013144,0,
0.008428,0.014952,0.007903,0.150032,0.068755,0.105564,0.001714,0.383416,0.053023,0.206212,3,
0.018801,0.001519,0.032191,0.013675,0.683549,0.041755,0.016935,0.010070,0.006635,0.174870,4,
0.091253,0.001309,0.003739,0.270784,0.008756,0.384308,0.001296,0.089231,0.091106,0.058218,3,
0.041512,0.003952,0.343836,0.160008,0.238587,0.107367,0.085041,0.006147,0.006460,0.007091,9,
0.002984,0.000021,0.003617,0.000114,0.003334,0.007944,0.978856,0.000022,0.002831,0.000279,6,
0.017570,0.010061,0.805340,0.005507,0.050226,0.005544,0.046679,0.000697,0.046351,0.012025,2,
0.007539,0.003376,0.006289,0.014710,0.242320,0.017733,0.001745,0.151092,0.019521,0.535674,9,
0.000261,0.976795,0.002497,0.002092,0.002027,0.000576,0.000110,0.012987,0.000359,0.002296,1,
0.528378,0.000826,0.002212,0.017967,0.004615,0.379140,0.000755,0.041022,0.003809,0.021276,0,
0.007855,0.003034,0.448749,0.000617,0.021066,0.002419,0.514929,0.000525,0.000440,0.000367,2,
0.923668,0.000032,0.002957,0.000714,0.002783,0.010385,0.006966,0.000213,0.048524,0.003758,8,
0.100024,0.032081,0.282722,0.136676,0.146652,0.051625,0.072239,0.019992,0.097518,0.060472,2,
0.349329,0.001986,0.106059,0.111727,0.083678,0.056284,0.016599,0.015053,0.136008,0.123277,0,
0.056879,0.001807,0.002768,0.068107,0.012363,0.578843,0.000962,0.072585,0.143618,0.062070,5,
0.336867,0.000866,0.008589,0.002431,0.044935,0.524328,0.021125,0.004176,0.051701,0.004985,0,
0.004044,0.005482,0.034300,0.935740,0.000224,0.015522,0.000087,0.002321,0.001923,0.000359,3,
0.192700,0.005376,0.201664,0.010778,0.379784,0.034930,0.041502,0.039057,0.016891,0.077317,4,
0.000001,0.998527,0.000082,0.000077,0.000112,0.000055,0.000028,0.000978,0.000016,0.000124,1,
0.106268,0.001684,0.262093,0.046007,0.039666,0.026662,0.058889,0.003030,0.442275,0.013425,6,
0.012195,0.000314,0.881898,0.071502,0.002308,0.000753,0.025266,0.001030,0.004364,0.000370,2,
0.006480,0.004457,0.035997,0.022509,0.214306,0.025039,0.634291,0.019674,0.008833,0.028414,6,
0.004865,0.063027,0.010474,0.053210,0.131826,0.054410,0.002334,0.376896,0.032620,0.270339,7,
0.049113,0.000541,0.001019,0.149910,0.002055,0.457628,0.000552,0.045468,0.256937,0.036778,5,
0.173449,0.001160,0.030881,0.042384,0.001918,0.427733,0.009565,0.001158,0.310069,0.001683,8,
0.014655,0.000963,0.001093,0.075667,0.012952,0.343417,0.000803,0.414304,0.021160,0.114984,5,
0.009956,0.109006,0.011003,0.158852,0.056809,0.138092,0.002829,0.421707,0.011825,0.079921,5,
0.000747,0.222583,0.046922,0.677953,0.003140,0.005355,0.000380,0.038613,0.001909,0.002399,3,
0.027001,0.000201,0.000497,0.021812,0.035583,0.064920,0.000455,0.229348,0.057570,0.562614,9,
0.000356,0.005450,0.002147,0.012919,0.040557,0.003880,0.000196,0.825713,0.001893,0.106891,7,
0.013540,0.003486,0.254082,0.028171,0.212955,0.008575,0.406455,0.064738,0.001620,0.006378,2,
0.023654,0.000540,0.008466,0.675877,0.004164,0.140188,0.000641,0.104782,0.026355,0.015333,3,
0.000702,0.641023,0.048420,0.231981,0.010619,0.002147,0.000957,0.055690,0.001628,0.006832,1,
0.082269,0.000977,0.123374,0.001663,0.214270,0.023889,0.530240,0.002977,0.011293,0.009047,6,
0.096154,0.002664,0.002847,0.050519,0.003503,0.673771,0.001807,0.116191,0.022229,0.030316,3,
0.001026,0.015363,0.047944,0.001023,0.018133,0.005264,0.908967,0.000491,0.000610,0.001180,6,
0.036816,0.045851,0.024816,0.109701,0.013768,0.715949,0.022488,0.008144,0.016124,0.006342,5,
0.015799,0.000068,0.003723,0.012603,0.563947,0.090832,0.005770,0.014172,0.011549,0.281538,4,
0.005389,0.000119,0.001874,0.000160,0.004940,0.018448,0.964036,0.000118,0.002846,0.002070,6,
0.000280,0.005078,0.000990,0.012091,0.013591,0.003870,0.000052,0.897931,0.001037,0.065080,7,
0.008653,0.000485,0.916809,0.032962,0.000469,0.001002,0.036513,0.000137,0.002893,0.000076,2,
0.022134,0.137690,0.019151,0.339033,0.019831,0.140031,0.002992,0.235850,0.030065,0.053224,7,
0.000529,0.000104,0.000380,0.047565,0.001896,0.003149,0.000008,0.872673,0.001954,0.071743,7,
0.029916,0.002013,0.049645,0.056685,0.570809,0.152928,0.013448,0.049633,0.009535,0.065390,4,
0.018236,0.001181,0.032181,0.004378,0.335415,0.005239,0.001779,0.047944,0.011520,0.542127,5,
0.000316,0.001760,0.000375,0.012833,0.002637,0.003234,0.000009,0.913103,0.001459,0.064275,7,
0.099653,0.000020,0.000820,0.005891,0.000643,0.041108,0.000064,0.001195,0.836396,0.014209,8,
0.001398,0.030485,0.685893,0.264235,0.003028,0.001555,0.006177,0.002699,0.003603,0.000928,2,
0.031621,0.000918,0.041882,0.652515,0.036024,0.043932,0.005752,0.049716,0.063522,0.074119,3,
0.003992,0.003186,0.220249,0.762088,0.000674,0.005643,0.000798,0.001105,0.001871,0.000394,3,
0.009765,0.020785,0.018957,0.044738,0.114534,0.031794,0.002636,0.104201,0.092390,0.560200,9,
0.039872,0.007761,0.012621,0.084452,0.073280,0.094972,0.001461,0.095263,0.205730,0.384588,3,
0.028347,0.005161,0.260147,0.014546,0.072991,0.030886,0.472571,0.001077,0.097561,0.016713,2,
0.043338,0.000901,0.860166,0.046255,0.002737,0.008833,0.033213,0.001135,0.002195,0.001228,2,
0.014228,0.000949,0.010558,0.005094,0.481610,0.031249,0.014363,0.228220,0.005220,0.208508,7,
0.001068,0.009981,0.001611,0.057550,0.018596,0.024824,0.000169,0.787655,0.005716,0.092832,7,
0.023222,0.000225,0.013203,0.715958,0.001323,0.104664,0.000602,0.002876,0.132097,0.005829,5,
0.134817,0.013685,0.066676,0.265246,0.045409,0.094029,0.012070,0.088778,0.200948,0.078343,7,
0.007294,0.106118,0.006614,0.119323,0.009256,0.030379,0.000401,0.659340,0.008155,0.053121,7,
0.004372,0.000829,0.002577,0.132134,0.022746,0.022800,0.000225,0.687937,0.009543,0.116837,7,
0.032245,0.003368,0.419018,0.133194,0.083881,0.024001,0.141647,0.004193,0.133887,0.024567,0,
0.009478,0.002217,0.004585,0.345978,0.021916,0.336415,0.002334,0.056962,0.145868,0.074247,3,
0.011178,0.004087,0.034479,0.003007,0.688409,0.016822,0.147133,0.003897,0.009786,0.081202,4,
0.012186,0.000358,0.001998,0.004103,0.287258,0.032540,0.007646,0.005742,0.055857,0.592312,4,
0.000034,0.980979,0.002164,0.004784,0.002035,0.000385,0.000216,0.008925,0.000044,0.000433,1,
0.018304,0.006696,0.007721,0.009191,0.412275,0.325860,0.006050,0.092899,0.034746,0.086258,4,
0.001790,0.001108,0.005037,0.959173,0.000199,0.019049,0.000036,0.010888,0.001869,0.000850,3,
0.069028,0.004319,0.046905,0.448570,0.003110,0.330130,0.003621,0.003619,0.086173,0.004526,3,
0.034882,0.000513,0.000756,0.041207,0.003582,0.650954,0.000473,0.171252,0.062030,0.034352,5,
0.005718,0.029369,0.008783,0.008464,0.615420,0.041567,0.009663,0.105347,0.009120,0.166549,4,
0.002114,0.004323,0.002331,0.407280,0.000430,0.004422,0.000058,0.543423,0.008864,0.026755,7,
0.004081,0.000068,0.005008,0.936072,0.000102,0.030271,0.000016,0.000779,0.022087,0.001517,3,
0.000132,0.945747,0.003032,0.006380,0.022101,0.003438,0.007202,0.009851,0.000196,0.001919,1,
0.010920,0.322640,0.013425,0.021015,0.229197,0.064159,0.006566,0.127313,0.021347,0.183416,4,
0.029370,0.003960,0.006497,0.011261,0.333538,0.319464,0.006197,0.092075,0.065040,0.132599,5,
0.663779,0.004634,0.011949,0.157116,0.006407,0.092704,0.005762,0.007051,0.042309,0.008288,5,
0.000531,0.000288,0.877803,0.073196,0.000623,0.000341,0.044929,0.000126,0.002125,0.000038,2,
0.024077,0.001931,0.028096,0.005067,0.198818,0.024937,0.005683,0.558379,0.003852,0.149159,4,
0.138923,0.000044,0.002147,0.013524,0.001380,0.017058,0.000538,0.000292,0.798731,0.027362,8,
0.022904,0.000108,0.000471,0.006174,0.002267,0.900563,0.000133,0.014502,0.048215,0.004664,5,
0.043665,0.000476,0.039262,0.151172,0.006113,0.102161,0.015639,0.001304,0.633906,0.006301,8,
0.010896,0.000471,0.001084,0.002663,0.071479,0.016800,0.001884,0.003741,0.105116,0.785866,9,
0.855494,0.000198,0.029880,0.018396,0.009411,0.065596,0.001404,0.004568,0.007954,0.007097,0,
0.000390,0.006135,0.002633,0.051537,0.009040,0.002267,0.000191,0.879966,0.004102,0.043740,7,
0.029039,0.001189,0.002469,0.009661,0.070626,0.485188,0.000924,0.302050,0.035677,0.063177,7,
0.005133,0.000465,0.827983,0.000772,0.030938,0.005659,0.127528,0.000256,0.000682,0.000584,2,
0.021920,0.126684,0.028728,0.089070,0.115988,0.039201,0.003643,0.309052,0.028257,0.237458,9,
0.000443,0.000044,0.917267,0.004656,0.000283,0.000269,0.076793,0.000004,0.000233,0.000007,2,
0.094214,0.000263,0.001332,0.030330,0.000592,0.160078,0.000363,0.001042,0.709009,0.002778,3,
0.001289,0.006039,0.001023,0.028417,0.032733,0.040674,0.000214,0.790271,0.004812,0.094526,7,
0.046184,0.007860,0.009096,0.008047,0.359161,0.241205,0.009130,0.131567,0.041522,0.146229,4,
0.093427,0.001124,0.002414,0.011276,0.069218,0.352992,0.001832,0.097208,0.130150,0.240358,8,
0.014369,0.001777,0.132141,0.003634,0.649291,0.005524,0.151172,0.019995,0.002949,0.019148,2,
0.081847,0.000223,0.004383,0.062709,0.002941,0.696121,0.001323,0.002436,0.145057,0.002961,5,
0.026113,0.631584,0.053535,0.057448,0.025837,0.010406,0.002671,0.084600,0.043085,0.064720,1,
0.029458,0.000362,0.160233,0.646502,0.006501,0.016427,0.009455,0.004344,0.121262,0.005456,3,
0.003991,0.002091,0.960040,0.003063,0.003856,0.000525,0.025349,0.000422,0.000468,0.000195,2,
0.060175,0.000572,0.066687,0.001359,0.131769,0.010253,0.698137,0.001892,0.011461,0.017694,6,
0.008304,0.001452,0.005493,0.003935,0.728267,0.111784,0.013375,0.028081,0.015955,0.083353,4,
0.071899,0.000069,0.008191,0.004441,0.002589,0.009972,0.002379,0.000245,0.877254,0.022961,8,
0.235111,0.007402,0.247980,0.187259,0.011474,0.038617,0.021081,0.010715,0.227237,0.013123,8,
0.012193,0.000332,0.006724,0.444338,0.001442,0.491062,0.001347,0.002441,0.037384,0.002736,5,
0.042064,0.008598,0.396968,0.400747,0.013186,0.023969,0.009080,0.001952,0.086986,0.016451,3,
0.070026,0.003523,0.031902,0.106424,0.046779,0.047822,0.003480,0.566940,0.020774,0.102330,7,
0.019166,0.000329,0.014200,0.002905,0.384873,0.006682,0.010340,0.004304,0.028531,0.528670,9,
0.044205,0.001511,0.242711,0.232439,0.016010,0.075863,0.233014,0.001913,0.147647,0.004688,2,
0.001108,0.002457,0.022138,0.945837,0.000997,0.011679,0.000231,0.005194,0.008440,0.001919,3,
0.002182,0.000517,0.007647,0.000075,0.007974,0.005844,0.973877,0.000064,0.000753,0.001068,6,
0.000576,0.000122,0.001222,0.126880,0.006339,0.007786,0.000117,0.816671,0.005791,0.034497,7,
0.222775,0.001093,0.171516,0.463795,0.010501,0.101043,0.008702,0.003388,0.011959,0.005228,3,
0.000225,0.005847,0.003549,0.016164,0.014369,0.000833,0.000132,0.918220,0.000905,0.039755,7,
0.102163,0.001781,0.002266,0.030494,0.005726,0.650982,0.001975,0.111935,0.061592,0.031086,8,
0.025352,0.001913,0.022927,0.005385,0.701048,0.116376,0.013621,0.012379,0.007596,0.093402,4,
0.044304,0.000811,0.628131,0.003434,0.044324,0.005487,0.255970,0.000887,0.012539,0.004112,4,
0.003573,0.000201,0.945707,0.000688,0.008475,0.003286,0.037385,0.000047,0.000424,0.000213,2,
0.106011,0.030953,0.077259,0.068175,0.094008,0.100279,0.015154,0.015402,0.335895,0.156863,8,
0.006342,0.000208,0.000976,0.132014,0.006085,0.023415,0.000095,0.569952,0.032256,0.228657,9,
0.032768,0.000680,0.009700,0.031946,0.154585,0.075377,0.002312,0.018228,0.020058,0.654344,9,
0.841840,0.000010,0.000857,0.003779,0.001360,0.146620,0.000093,0.002754,0.001535,0.001151,0,
0.034928,0.001981,0.257949,0.033095,0.115244,0.024500,0.441462,0.002906,0.067534,0.020401,0,
0.446318,0.000261,0.001215,0.001429,0.006024,0.461212,0.001300,0.002043,0.074247,0.005951,0,
0.000004,0.995741,0.000395,0.000426,0.000475,0.000065,0.000018,0.002618,0.000015,0.000244,1,
0.016690,0.000276,0.003445,0.018607,0.037563,0.004997,0.000259,0.119139,0.036040,0.762984,9,
0.000044,0.994618,0.001582,0.000695,0.001199,0.000307,0.000731,0.000512,0.000062,0.000248,1,
0.023742,0.000978,0.003782,0.081612,0.010099,0.662034,0.000784,0.156662,0.036055,0.024251,5,
0.056212,0.000023,0.000282,0.001876,0.000442,0.056775,0.000598,0.000033,0.880342,0.003417,5,
0.271439,0.000905,0.137737,0.018192,0.019522,0.034731,0.134812,0.001551,0.362714,0.018398,0,
0.006742,0.007570,0.006790,0.037595,0.223026,0.057355,0.002973,0.198670,0.027302,0.431977,4,
0.016559,0.083043,0.644481,0.102181,0.033321,0.018067,0.061404,0.005940,0.025944,0.009059,2,
0.009805,0.001955,0.416804,0.037282,0.042019,0.011706,0.468152,0.003304,0.004704,0.004269,2,
0.849817,0.000786,0.031381,0.062104,0.001171,0.012638,0.000899,0.001198,0.038435,0.001571,8,
0.045516,0.001049,0.121002,0.044191,0.419101,0.010215,0.031427,0.016280,0.084970,0.226249,0,
0.026339,0.041267,0.068673,0.406648,0.047166,0.255148,0.015682,0.022873,0.081145,0.035057,5,
0.008696,0.004130,0.439349,0.033254,0.345451,0.002211,0.102776,0.035066,0.004642,0.024427,2,
0.065907,0.003259,0.381376,0.050763,0.092527,0.025713,0.275874,0.006259,0.055580,0.042743,2,
0.002815,0.013526,0.007239,0.018618,0.125118,0.011265,0.000686,0.299661,0.018756,0.502317,9,
0.005016,0.059248,0.015011,0.062073,0.072656,0.015559,0.000864,0.431185,0.026246,0.312141,8,
0.000624,0.000702,0.909563,0.076548,0.000222,0.000153,0.011854,0.000143,0.000170,0.000021,2,
0.001464,0.022882,0.007248,0.106744,0.041433,0.014909,0.001186,0.734261,0.008043,0.061830,7,
0.067825,0.006418,0.129329,0.199387,0.075024,0.072884,0.020430,0.012163,0.330951,0.085588,8,
0.157272,0.000123,0.007000,0.008168,0.010042,0.028076,0.005038,0.000704,0.731712,0.051864,0,
0.120691,0.000570,0.006363,0.018930,0.061180,0.022419,0.001778,0.057408,0.162938,0.547723,9,
0.343872,0.001364,0.027901,0.001761,0.054622,0.119314,0.399563,0.001370,0.045845,0.004388,0,
0.037865,0.000260,0.285912,0.001360,0.230677,0.017087,0.405365,0.000750,0.008641,0.012082,6,
0.011335,0.000207,0.000726,0.029199,0.009843,0.733201,0.000230,0.161486,0.028980,0.024792,5,
0.033342,0.000017,0.004013,0.957307,0.000005,0.005205,0.000004,0.000069,0.000033,0.000006,0,
0.000770,0.007101,0.882929,0.063500,0.000943,0.001065,0.041863,0.000176,0.001563,0.000090,2,
0.001397,0.000254,0.919691,0.004849,0.000687,0.001989,0.070959,0.000010,0.000152,0.000013,6,
0.147685,0.004035,0.422908,0.250867,0.007697,0.060010,0.047854,0.003697,0.048990,0.006258,2,
0.483504,0.007831,0.040432,0.229822,0.010999,0.169752,0.007446,0.016343,0.021577,0.012294,0,
0.070222,0.000278,0.023005,0.864019,0.000327,0.037588,0.000199,0.000482,0.003117,0.000762,3,
0.109530,0.001177,0.043733,0.149086,0.016742,0.118288,0.006886,0.004935,0.502778,0.046845,8,
0.065428,0.002737,0.112487,0.038549,0.405535,0.039287,0.090847,0.009128,0.086266,0.149735,8,
0.031499,0.000168,0.881030,0.000478,0.003787,0.009517,0.065575,0.000127,0.007454,0.000364,2,
0.028279,0.000593,0.054011,0.001371,0.649862,0.001685,0.034076,0.008614,0.005552,0.215956,2,
0.001822,0.290735,0.123711,0.511268,0.008193,0.003394,0.002148,0.050316,0.002854,0.005559,2,
0.097011,0.004880,0.253178,0.003667,0.454670,0.040886,0.021782,0.010830,0.018383,0.094713,5,
0.034797,0.001913,0.031375,0.014305,0.449921,0.034156,0.060377,0.003155,0.172124,0.197876,9,
0.000231,0.993259,0.003119,0.000226,0.000580,0.000388,0.001624,0.000148,0.000262,0.000164,1,
0.136492,0.000544,0.006776,0.001895,0.508713,0.084127,0.170137,0.002599,0.027140,0.061576,9,
0.083905,0.006373,0.084874,0.062806,0.316319,0.194213,0.008602,0.036073,0.022976,0.183861,9,
0.001391,0.000001,0.019910,0.000007,0.000677,0.000315,0.976857,0.000001,0.000797,0.000044,6,
0.001128,0.006489,0.850013,0.001804,0.015868,0.000332,0.122942,0.000892,0.000247,0.000285,2,
0.005583,0.004678,0.004176,0.013895,0.186396,0.026814,0.001182,0.192870,0.023561,0.540843,9,
0.008270,0.008714,0.006764,0.210277,0.038818,0.614276,0.004893,0.076749,0.016715,0.014526,3,
0.009620,0.001305,0.019138,0.001435,0.685668,0.007840,0.024642,0.120237,0.002041,0.128074,2,
0.000216,0.000739,0.002439,0.050448,0.009912,0.000855,0.000132,0.914346,0.001318,0.019597,7,
0.002251,0.000086,0.000631,0.003079,0.087577,0.002526,0.000198,0.101203,0.006862,0.795586,9,
0.035609,0.001134,0.015752,0.409139,0.024101,0.071884,0.002038,0.248123,0.091323,0.100897,3,
0.000163,0.993510,0.002205,0.000627,0.000857,0.000517,0.001315,0.000402,0.000167,0.000237,1,
0.000581,0.801749,0.021446,0.075398,0.020206,0.002851,0.001961,0.067932,0.000884,0.006992,1,
0.008002,0.041775,0.020581,0.016927,0.167214,0.013937,0.002064,0.091245,0.047079,0.591177,9,
0.009584,0.663519,0.045091,0.018587,0.116155,0.037644,0.059929,0.011759,0.012521,0.025210,1,
0.006575,0.001777,0.002833,0.004622,0.191575,0.022702,0.001365,0.064516,0.031683,0.672352,9,
0.004027,0.010931,0.005613,0.019985,0.213323,0.028673,0.002584,0.406840,0.013234,0.294790,7,
0.016874,0.001872,0.594750,0.008666,0.022155,0.006674,0.344112,0.003010,0.001073,0.000814,6,
0.016307,0.006200,0.098828,0.718832,0.004372,0.006715,0.000618,0.037046,0.088585,0.022499,3,
0.008280,0.001304,0.002822,0.163786,0.027109,0.077057,0.001202,0.455596,0.031539,0.231303,9,
0.000591,0.000339,0.000695,0.015207,0.023633,0.007345,0.000073,0.556677,0.009556,0.385885,9,
0.036604,0.001802,0.028380,0.281248,0.002521,0.599241,0.009980,0.001930,0.036617,0.001677,5,
0.000703,0.003190,0.048436,0.000552,0.019227,0.002782,0.923679,0.000214,0.000444,0.000773,6,
0.000771,0.000047,0.984008,0.002021,0.000064,0.000028,0.012957,0.000011,0.000092,0.000002,2,
0.000155,0.984436,0.003160,0.004289,0.001637,0.000689,0.000137,0.003739,0.000444,0.001314,1,
0.009222,0.000473,0.001977,0.022642,0.062058,0.032624,0.000272,0.192259,0.054475,0.623999,9,
0.070640,0.000067,0.003761,0.029527,0.000450,0.015524,0.000384,0.000173,0.874414,0.005058,8,
0.090018,0.000974,0.002756,0.086351,0.011129,0.050023,0.000982,0.192523,0.194387,0.370856,9,
0.034366,0.000430,0.912863,0.002504,0.007901,0.004852,0.029064,0.000177,0.006154,0.001688,6,
0.022182,0.130563,0.030560,0.152799,0.106277,0.052489,0.006210,0.355178,0.021361,0.122381,7,
0.001116,0.000780,0.000424,0.038118,0.005272,0.018034,0.000034,0.878878,0.002447,0.054896,7,
0.002412,0.000003,0.031327,0.000336,0.001243,0.002883,0.961003,0.000007,0.000754,0.000032,6,
0.154627,0.008697,0.050530,0.060402,0.276955,0.225571,0.029241,0.022580,0.049230,0.122167,5,
0.071345,0.001502,0.007669,0.022648,0.086981,0.153795,0.003000,0.046370,0.296768,0.309923,9,
0.008286,0.000853,0.009291,0.021097,0.491611,0.034630,0.006705,0.024387,0.028366,0.374774,4,
0.004328,0.000905,0.920901,0.033769,0.000708,0.001029,0.034952,0.000136,0.003183,0.000089,2,
0.794395,0.000041,0.000801,0.000901,0.000168,0.190980,0.000183,0.000067,0.012359,0.000105,0,
0.000076,0.932264,0.006487,0.007591,0.019785,0.000345,0.000271,0.026139,0.000223,0.006819,1,
0.023991,0.000360,0.053659,0.813811,0.000290,0.075355,0.000618,0.000328,0.031193,0.000396,3,
0.340889,0.001514,0.136721,0.003599,0.274630,0.046904,0.166977,0.006967,0.013219,0.008580,0,
0.001151,0.004992,0.000930,0.030617,0.006164,0.010412,0.000039,0.866425,0.003170,0.076099,7,
0.006581,0.111023,0.074220,0.667794,0.016680,0.060345,0.005716,0.034812,0.013464,0.009366,3,
0.006169,0.000045,0.002817,0.009897,0.647929,0.016836,0.009994,0.030481,0.013802,0.262030,4,
0.049176,0.001110,0.003579,0.003684,0.381553,0.156474,0.006100,0.011128,0.095935,0.291261,4,
0.000316,0.000512,0.000621,0.014314,0.010683,0.003366,0.000041,0.858076,0.003443,0.108627,7,
0.000851,0.000071,0.008842,0.985671,0.000006,0.002604,0.000012,0.000294,0.001640,0.000008,3,
0.011725,0.003326,0.451234,0.416585,0.000096,0.005462,0.000472,0.000105,0.110903,0.000093,2,
0.018696,0.000529,0.005884,0.000962,0.608940,0.008418,0.038292,0.001322,0.015233,0.301724,9,
0.007730,0.006656,0.060829,0.684071,0.017344,0.161988,0.015174,0.009538,0.027844,0.008825,3,
0.048309,0.000696,0.595116,0.079353,0.011572,0.007449,0.050990,0.001825,0.198920,0.005770,2,
0.169312,0.001196,0.002667,0.003897,0.002478,0.210990,0.001346,0.003969,0.598095,0.006049,5,
0.005222,0.360087,0.157404,0.011359,0.345178,0.006384,0.057721,0.015997,0.006936,0.033712,2,
0.001688,0.000008,0.002365,0.000012,0.006809,0.001279,0.987462,0.000050,0.000117,0.000210,6,
0.089749,0.001548,0.019637,0.018617,0.126697,0.135318,0.021777,0.005648,0.425050,0.155959,8,
0.064057,0.001513,0.329659,0.327513,0.058436,0.027636,0.021705,0.007873,0.128391,0.033217,3,
0.010809,0.056227,0.031678,0.789516,0.004215,0.029409,0.000363,0.059509,0.004823,0.013450,3,
0.007693,0.002791,0.002620,0.078043,0.025054,0.034131,0.000260,0.679779,0.011470,0.158161,7,
0.002424,0.000072,0.000607,0.021666,0.012614,0.051314,0.000072,0.864039,0.004837,0.042355,7,
0.050466,0.000118,0.000837,0.013851,0.001872,0.657212,0.000154,0.012608,0.251052,0.011831,2,
0.005158,0.000731,0.002051,0.023019,0.065604,0.037661,0.000627,0.122970,0.070272,0.671907,9,
0.000214,0.012053,0.001321,0.013266,0.005655,0.001848,0.000041,0.933532,0.000610,0.031459,7,
0.040853,0.000598,0.004061,0.057091,0.086192,0.118743,0.001458,0.249349,0.079874,0.361780,9,
0.039275,0.002148,0.007192,0.119863,0.104494,0.477518,0.002298,0.164882,0.006475,0.075855,5,
0.001226,0.296256,0.004955,0.027309,0.041926,0.017185,0.000736,0.509565,0.004244,0.096598,7,
0.026018,0.048527,0.134199,0.498360,0.037981,0.072621,0.009558,0.033422,0.104143,0.035171,3,
0.042303,0.018770,0.473869,0.080946,0.055573,0.042814,0.211071,0.003341,0.055768,0.015546,2,
0.000188,0.996121,0.000905,0.000380,0.000391,0.000876,0.000353,0.000385,0.000225,0.000176,1,
0.018004,0.001607,0.002526,0.162907,0.015287,0.589511,0.001284,0.103087,0.035665,0.070122,5,
0.000767,0.002475,0.001049,0.026076,0.008389,0.004430,0.000024,0.844432,0.002443,0.109915,7,
0.102947,0.002050,0.012170,0.007391,0.374927,0.230562,0.019176,0.052575,0.069030,0.129172,4,
0.010528,0.021519,0.017754,0.010236,0.497730,0.028890,0.011919,0.030157,0.031896,0.339372,4,
0.001325,0.008435,0.001919,0.039637,0.021160,0.013398,0.000142,0.814283,0.004173,0.095528,7,
0.101371,0.000695,0.007370,0.074612,0.006171,0.726194,0.007177,0.003192,0.068557,0.004660,5,
0.000920,0.000059,0.000148,0.138554,0.000624,0.013664,0.000008,0.809245,0.004383,0.032395,7,
0.043187,0.000713,0.001289,0.028603,0.002197,0.834422,0.000481,0.051472,0.029838,0.007798,5,
0.030132,0.000363,0.000737,0.006359,0.019207,0.147457,0.000417,0.295406,0.130581,0.369341,7,
0.024907,0.001329,0.003294,0.173234,0.007331,0.577804,0.000893,0.183135,0.011089,0.016984,5,
0.008562,0.000027,0.709139,0.000155,0.000585,0.000384,0.277645,0.000017,0.003445,0.000042,2,
0.286563,0.001486,0.051813,0.002248,0.002370,0.082000,0.546979,0.001135,0.024004,0.001402,0,
0.000315,0.000027,0.073045,0.000407,0.006508,0.000549,0.918970,0.000101,0.000042,0.000036,6,
0.028505,0.000095,0.003876,0.001856,0.566540,0.022661,0.027211,0.005507,0.046540,0.297210,6,
0.352150,0.001642,0.420248,0.064904,0.051130,0.047289,0.038759,0.008626,0.006061,0.009192,4,
0.000209,0.000225,0.000304,0.024383,0.002767,0.002493,0.000021,0.900773,0.003514,0.065312,7,
0.000307,0.992676,0.002553,0.001555,0.000449,0.000728,0.000270,0.000622,0.000484,0.000356,1,
0.031346,0.001352,0.144329,0.040798,0.516269,0.014304,0.016696,0.015864,0.024086,0.194955,4,
0.005055,0.012904,0.005679,0.006552,0.242610,0.018426,0.001540,0.125785,0.021685,0.559764,4,
0.000973,0.938270,0.009501,0.012709,0.005618,0.001407,0.000391,0.022221,0.001789,0.007121,1,
0.103843,0.001895,0.027773,0.114847,0.006843,0.686986,0.024769,0.004763,0.024932,0.003348,5,
0.017035,0.004601,0.005959,0.144767,0.047923,0.078120,0.000988,0.502617,0.021096,0.176894,3,
0.054909,0.000318,0.020455,0.000387,0.795342,0.042777,0.056905,0.001171,0.007565,0.020171,5,
0.373994,0.003624,0.290013,0.006952,0.071380,0.113387,0.115175,0.003571,0.011853,0.010051,6,
0.646846,0.000447,0.012867,0.011269,0.014708,0.181189,0.002465,0.018595,0.088795,0.022819,0,
0.004622,0.000388,0.003218,0.011668,0.145737,0.008690,0.002965,0.046886,0.032536,0.743291,7,
0.000194,0.000047,0.014456,0.000016,0.004423,0.000201,0.980554,0.000008,0.000055,0.000047,6,
0.888997,0.000208,0.003022,0.019571,0.001396,0.055751,0.000213,0.019244,0.003296,0.008304,0,
0.003647,0.000187,0.001505,0.002754,0.092363,0.004001,0.000322,0.052541,0.021675,0.821004,9,
0.951378,0.000008,0.003818,0.001872,0.000032,0.041550,0.000218,0.000018,0.001094,0.000010,0,
0.055530,0.003487,0.535487,0.006943,0.208831,0.006809,0.106277,0.053645,0.004397,0.018594,2,
0.002045,0.000015,0.986572,0.004216,0.000012,0.000060,0.006955,0.000007,0.000113,0.000004,2,
0.090845,0.002098,0.037955,0.008023,0.137078,0.176198,0.367053,0.001815,0.147973,0.030961,6,
0.004092,0.000142,0.000356,0.001670,0.043110,0.010053,0.000252,0.022408,0.046068,0.871850,9,
0.002477,0.000040,0.000604,0.006714,0.129907,0.008782,0.000258,0.121948,0.014376,0.714895,7,
0.003699,0.000142,0.000635,0.004164,0.044507,0.008200,0.000242,0.042219,0.038843,0.857349,9,
0.000028,0.000021,0.000249,0.006036,0.001545,0.000261,0.000010,0.975210,0.000797,0.015843,7,
