0, 1, 2, 3, 4, 5, 6, 7, 8, 9, True
0.000000,0.010000,0.113333,0.556667,0.033333,0.040000,0.003333,0.186667,0.026667,0.030000,3,
0.000000,0.130000,0.000000,0.000000,0.053426,0.023333,0.000000,0.523968,0.033426,0.235847,1,
0.288070,0.054641,0.042965,0.001389,0.020000,0.000039,0.435943,0.000000,0.122542,0.034412,6,
0.000000,0.000000,0.000000,0.000000,0.000593,0.000000,0.000000,0.938953,0.000000,0.060455,7,
0.023333,0.000000,0.000000,0.000000,0.320490,0.462857,0.003467,0.003363,0.020000,0.166490,4,
0.000000,0.000000,0.003333,0.003333,0.260769,0.003333,0.000000,0.013333,0.006667,0.709231,9,
0.003333,0.000000,0.071111,0.667778,0.003333,0.006667,0.000000,0.234444,0.010000,0.003333,3,
0.000000,0.000000,0.003333,0.000000,0.123111,0.016667,0.840222,0.000000,0.000000,0.016667,6,
0.000000,0.996600,0.000000,0.000000,0.000004,0.000000,0.000003,0.000008,0.003385,0.000000,1,
0.066667,0.000000,0.106667,0.316667,0.006667,0.403333,0.000000,0.000000,0.076667,0.023333,5,
0.000019,0.000000,0.000010,0.007721,0.092749,0.010039,0.000000,0.037664,0.020139,0.831660,9,
0.013333,0.000000,0.050000,0.016667,0.446667,0.023333,0.006667,0.006667,0.023333,0.413333,4,
0.000000,0.010000,0.986667,0.003333,0.000000,0.000000,0.000000,0.000000,0.000000,0.000000,2,
0.056667,0.070000,0.013333,0.003333,0.033333,0.063333,0.026667,0.030000,0.533333,0.170000,8,
0.010000,0.003333,0.006667,0.113333,0.000000,0.770000,0.016667,0.003333,0.063333,0.013333,5,
0.003333,0.006667,0.176667,0.046667,0.063333,0.010000,0.653333,0.000000,0.016667,0.023333,6,
0.000000,0.000785,0.000000,0.007024,0.500030,0.000238,0.000000,0.000743,0.000093,0.491088,9,
0.006667,0.003333,0.820000,0.116667,0.010000,0.000000,0.016667,0.013333,0.006667,0.006667,2,
0.003333,0.000000,0.010000,0.020000,0.000000,0.003333,0.000000,0.960000,0.000000,0.003333,7,
0.030000,0.070000,0.020000,0.443333,0.023333,0.150000,0.003333,0.176667,0.066667,0.016667,3,
0.000000,0.999949,0.000000,0.000000,0.000000,0.000000,0.000003,0.000048,0.000000,0.000000,1,
0.003333,0.879804,0.036667,0.013342,0.000101,0.000000,0.036731,0.010022,0.016667,0.003333,1,
0.000000,0.000000,0.006667,0.013333,0.646491,0.100000,0.000000,0.036667,0.003333,0.193509,9,
0.000000,0.000000,0.000000,0.000000,0.000000,0.000000,0.000000,0.986545,0.000000,0.013455,7,
0.000000,0.000000,0.000000,0.000000,0.000000,0.000000,0.000000,1.000000,0.000000,0.000000,7,
0.043333,0.000000,0.000000,0.020000,0.003333,0.900000,0.000000,0.000000,0.003333,0.030000,5,
0.051895,0.030000,0.094167,0.044444,0.013333,0.115778,0.226765,0.017500,0.210047,0.196070,9,
0.070000,0.000000,0.497143,0.086667,0.000000,0.053333,0.030000,0.000000,0.262857,0.000000,2,
0.000000,0.000000,0.000000,0.000417,0.003571,0.000000,0.000000,0.766126,0.000000,0.229886,7,
0.000000,0.010000,0.340270,0.349730,0.010000,0.003333,0.000000,0.266667,0.013333,0.006667,2,
0.023333,0.000000,0.080000,0.000000,0.043333,0.000000,0.826667,0.013333,0.006667,0.006667,6,
0.003333,0.000000,0.006667,0.023333,0.026667,0.003333,0.000000,0.916667,0.003333,0.016667,7,
0.030000,0.006667,0.076667,0.636667,0.006667,0.093333,0.006667,0.046667,0.076667,0.020000,3,
0.000000,0.989402,0.000000,0.000000,0.000000,0.000000,0.000000,0.000138,0.010460,0.000000,1,
0.000000,0.000000,0.000000,0.003333,0.000000,0.000000,0.000000,0.990000,0.000000,0.006667,7,
0.010000,0.020000,0.000000,0.000000,0.728980,0.040000,0.100000,0.053529,0.033333,0.014157,4,
0.084667,0.000000,0.013333,0.013333,0.080000,0.173333,0.050000,0.003333,0.568667,0.013333,5,
0.203997,0.023937,0.071632,0.027467,0.014159,0.047305,0.105328,0.003333,0.441329,0.061513,0,
0.000000,0.710000,0.006667,0.035556,0.127778,0.043333,0.030000,0.000000,0.006667,0.040000,1,
0.000000,0.006667,0.000000,0.016261,0.383986,0.020000,0.003333,0.020000,0.006667,0.543086,9,
0.006667,0.026667,0.060000,0.660000,0.006667,0.076667,0.003333,0.026667,0.080000,0.053333,3,
0.050000,0.003333,0.006667,0.003333,0.281061,0.282128,0.010000,0.020000,0.236812,0.106667,8,
0.000036,0.000018,0.000000,0.004042,0.008474,0.000008,0.000000,0.036981,0.003595,0.946847,9,
0.000000,0.999912,0.000000,0.000000,0.000004,0.000000,0.000031,0.000053,0.000000,0.000000,1,
0.016667,0.006667,0.033333,0.666612,0.000000,0.210000,0.000000,0.000055,0.050000,0.016667,3,
0.043878,0.000000,0.000000,0.016963,0.063808,0.140648,0.003333,0.006736,0.474728,0.249905,8,
0.695125,0.000000,0.050045,0.046690,0.000000,0.066808,0.026667,0.000000,0.114643,0.000022,0,
0.010000,0.000000,0.023333,0.003333,0.013333,0.006667,0.936667,0.000000,0.003333,0.003333,6,
0.989099,0.000000,0.003429,0.000042,0.000000,0.000067,0.003850,0.000000,0.003514,0.000000,0,
0.092281,0.068788,0.008677,0.052101,0.010595,0.031016,0.000000,0.007061,0.654115,0.075366,8,
0.000000,0.000000,0.993333,0.003333,0.000000,0.000000,0.003333,0.000000,0.000000,0.000000,2,
0.175662,0.007669,0.087477,0.010824,0.000000,0.010075,0.018098,0.000179,0.686604,0.003412,0,
0.003333,0.006667,0.960000,0.000000,0.000000,0.013333,0.006667,0.003333,0.006667,0.000000,2,
0.003333,0.000000,0.000000,0.000279,0.099246,0.785863,0.000000,0.003600,0.096845,0.010833,5,
0.000000,0.996650,0.000000,0.000000,0.000000,0.000000,0.000000,0.000017,0.003333,0.000000,1,
0.000000,0.433333,0.096667,0.203333,0.000000,0.013333,0.003333,0.213333,0.030000,0.006667,8,
0.996661,0.000000,0.000000,0.003333,0.000000,0.000000,0.000000,0.000000,0.000005,0.000000,0,
0.916667,0.000000,0.006667,0.010000,0.006667,0.016667,0.003333,0.003333,0.023333,0.013333,0,
0.031828,0.000000,0.003535,0.000171,0.003333,0.061105,0.003333,0.000000,0.896694,0.000000,8,
0.016667,0.000000,0.870000,0.020000,0.026667,0.006667,0.033333,0.010000,0.016667,0.000000,2,
0.003333,0.000000,0.026667,0.073333,0.063333,0.000000,0.000000,0.820000,0.000000,0.013333,7,
0.473333,0.000000,0.083333,0.106667,0.016667,0.066667,0.066667,0.000000,0.183333,0.003333,0,
0.006667,0.003333,0.636667,0.290000,0.003333,0.006667,0.010000,0.010000,0.033333,0.000000,3,
0.000000,0.999949,0.000000,0.000000,0.000000,0.000000,0.000000,0.000000,0.000051,0.000000,1,
0.368969,0.037796,0.048608,0.114342,0.000257,0.000385,0.012604,0.003333,0.409855,0.003850,8,
0.003333,0.056667,0.793333,0.060000,0.000000,0.006667,0.000000,0.016667,0.063333,0.000000,2,
0.026667,0.000000,0.346667,0.580000,0.000000,0.006667,0.003333,0.003333,0.026667,0.006667,3,
0.034255,0.000000,0.027183,0.021909,0.000000,0.009145,0.000000,0.000000,0.904175,0.003333,8,
0.043333,0.000000,0.292265,0.003333,0.534084,0.023546,0.083355,0.003333,0.006709,0.010042,4,
0.000000,0.000000,0.000000,0.000000,0.000000,0.000000,1.000000,0.000000,0.000000,0.000000,6,
0.026667,0.000000,0.640000,0.266667,0.003333,0.013333,0.000000,0.003333,0.046667,0.000000,2,
0.184130,0.000000,0.200556,0.251019,0.036944,0.033889,0.013333,0.046667,0.186796,0.046667,0,
0.000000,0.000000,0.930000,0.046667,0.006667,0.000000,0.000000,0.013333,0.003333,0.000000,2,
0.033333,0.043333,0.003333,0.295556,0.006667,0.338889,0.000000,0.083333,0.073333,0.122222,5,
0.016667,0.000000,0.226667,0.703333,0.000000,0.006667,0.000000,0.003333,0.043333,0.000000,3,
0.000000,0.000000,0.000000,0.000000,0.000000,0.003333,0.000000,0.979293,0.000000,0.017373,9,
0.020000,0.010000,0.023333,0.863333,0.000000,0.070000,0.000000,0.006667,0.006667,0.000000,3,
0.000000,0.000000,0.000000,0.003333,0.000000,0.000000,0.000000,0.990000,0.000000,0.006667,7,
0.003333,0.203333,0.043333,0.320000,0.053333,0.033333,0.006667,0.286667,0.020000,0.030000,3,
0.000000,0.000000,0.000000,0.000000,0.000000,0.000000,0.000000,0.983158,0.000000,0.016842,7,
0.000000,0.047193,0.000000,0.046667,0.442404,0.046667,0.000000,0.070000,0.006667,0.340403,9,
0.006667,0.000000,0.810000,0.013333,0.020000,0.000000,0.150000,0.000000,0.000000,0.000000,2,
0.000000,0.996597,0.000000,0.000000,0.000000,0.000000,0.000028,0.003375,0.000000,0.000000,1,
0.000000,0.000000,0.000000,0.000000,0.000000,0.000000,0.000000,1.000000,0.000000,0.000000,7,
0.000000,0.000000,0.986667,0.006667,0.003333,0.003333,0.000000,0.000000,0.000000,0.000000,2,
0.013333,0.000000,0.040000,0.000000,0.003333,0.050000,0.863333,0.000000,0.023333,0.006667,6,
0.903333,0.000000,0.013333,0.000000,0.016667,0.010000,0.000000,0.010000,0.026667,0.020000,0,
0.152448,0.000000,0.200000,0.510145,0.010000,0.033333,0.013333,0.000000,0.060741,0.020000,3,
0.003333,0.000492,0.003333,0.006667,0.433906,0.060667,0.000000,0.030000,0.000000,0.461602,4,
0.000000,0.996635,0.000000,0.000000,0.000000,0.000000,0.000000,0.003365,0.000000,0.000000,1,
0.036667,0.156667,0.080000,0.100000,0.017956,0.053333,0.010000,0.097350,0.073333,0.374693,1,
0.128987,0.010175,0.036667,0.023377,0.036667,0.053718,0.080128,0.000000,0.596947,0.033333,0,
0.000000,0.820000,0.000000,0.003333,0.073333,0.006667,0.000000,0.053333,0.000000,0.043333,1,
0.006667,0.049481,0.000000,0.046667,0.089153,0.101667,0.000000,0.281051,0.006667,0.418648,9,
0.000000,0.416364,0.000000,0.270000,0.183636,0.010000,0.006667,0.043333,0.026667,0.043333,3,
0.000000,0.000000,0.000057,0.007525,0.483589,0.000101,0.000000,0.033913,0.000037,0.474777,9,
0.000000,0.003333,0.053333,0.000000,0.000000,0.003385,0.933282,0.000000,0.006667,0.000000,6,
0.026667,0.000000,0.746667,0.106667,0.013333,0.036667,0.020000,0.000000,0.030000,0.020000,2,
0.003333,0.003333,0.143333,0.123333,0.083333,0.003333,0.003333,0.596667,0.003333,0.036667,3,
0.000000,0.006667,0.000000,0.006667,0.057125,0.010392,0.000000,0.206484,0.010000,0.702665,7,
0.063333,0.000000,0.016667,0.326667,0.003333,0.506667,0.003333,0.000000,0.063333,0.016667,5,
0.000000,0.986651,0.013333,0.000000,0.000004,0.000000,0.000003,0.000008,0.000000,0.000000,1,
0.176667,0.000000,0.056667,0.033333,0.086667,0.033333,0.016667,0.090000,0.026667,0.480000,9,
0.000000,0.000000,0.000000,0.000000,0.000000,0.000000,0.000000,0.996667,0.000000,0.003333,7,
0.003333,0.010013,0.096960,0.803014,0.000000,0.010013,0.003333,0.040000,0.013333,0.020000,3,
0.010000,0.000081,0.006667,0.000000,0.020041,0.003333,0.959878,0.000000,0.000000,0.000000,6,
0.066667,0.000000,0.006667,0.066667,0.000000,0.830000,0.016667,0.003333,0.010000,0.000000,5,
0.124342,0.004400,0.005163,0.007522,0.000014,0.001145,0.000632,0.000000,0.855406,0.001376,8,
0.010000,0.006667,0.016667,0.003333,0.093333,0.010000,0.841667,0.005000,0.006667,0.006667,6,
0.000000,0.000242,0.003788,0.000000,0.003485,0.000278,0.992208,0.000000,0.000000,0.000000,6,
0.789890,0.000000,0.103597,0.013445,0.000000,0.013457,0.013435,0.000000,0.066145,0.000031,8,
0.010000,0.056667,0.003333,0.006667,0.066667,0.050175,0.003333,0.153509,0.346667,0.302982,8,
0.006667,0.043333,0.003333,0.000000,0.076667,0.560000,0.003333,0.216667,0.083333,0.006667,5,
0.000000,0.010095,0.000000,0.046757,0.003877,0.003791,0.000000,0.497085,0.000000,0.438395,7,
0.013333,0.000000,0.023333,0.003333,0.538464,0.298137,0.056667,0.013333,0.043399,0.010000,4,
0.067857,0.003333,0.006667,0.280714,0.013333,0.101333,0.003333,0.143571,0.279857,0.100000,3,
0.003333,0.000000,0.040000,0.006667,0.716667,0.016667,0.020000,0.026667,0.016667,0.153333,4,
0.000000,0.000000,0.006667,0.000000,0.016667,0.003333,0.973333,0.000000,0.000000,0.000000,6,
0.003333,0.000000,0.736667,0.016667,0.033333,0.006667,0.173333,0.020000,0.006667,0.003333,2,
0.000000,0.003374,0.000000,0.003333,0.010041,0.003333,0.976584,0.000000,0.003333,0.000000,6,
0.080537,0.000000,0.000237,0.006909,0.003333,0.083519,0.003347,0.000000,0.820451,0.001667,0,
0.056977,0.196856,0.004576,0.064127,0.013347,0.016789,0.010383,0.003529,0.605898,0.027517,8,
0.000000,0.003333,0.000000,0.013736,0.000600,0.004480,0.000000,0.260541,0.008540,0.708769,9,
0.000000,0.000000,0.000000,0.010000,0.000000,0.000000,0.000000,0.990000,0.000000,0.000000,7,
0.000207,0.003333,0.003435,0.000000,0.928677,0.006821,0.021176,0.000157,0.000057,0.036137,4,
0.000000,0.913325,0.010000,0.043342,0.000000,0.013333,0.000000,0.016667,0.003333,0.000000,1,
0.030000,0.006667,0.013333,0.126667,0.026667,0.580000,0.000000,0.056667,0.103333,0.056667,5,
0.000000,0.010000,0.013333,0.003333,0.911264,0.003751,0.006802,0.003373,0.000072,0.048070,4,
0.020000,0.116667,0.400000,0.046667,0.093333,0.023333,0.040000,0.013333,0.153333,0.093333,2,
0.030000,0.000000,0.743333,0.033333,0.060000,0.006667,0.110000,0.013333,0.003333,0.000000,2,
0.010000,0.003333,0.003333,0.013736,0.245748,0.006667,0.000000,0.028905,0.000000,0.688278,9,
0.013333,0.000000,0.046667,0.473333,0.000000,0.076667,0.000000,0.000000,0.360000,0.030000,8,
0.026667,0.003333,0.000000,0.000000,0.000000,0.020000,0.933333,0.000000,0.006667,0.010000,6,
0.000000,0.999777,0.000000,0.000000,0.000000,0.000000,0.000000,0.000206,0.000017,0.000000,1,
0.046667,0.073917,0.013333,0.010338,0.312755,0.036756,0.266667,0.006937,0.076667,0.155964,6,
0.036667,0.003333,0.086667,0.000000,0.023333,0.006667,0.816667,0.000000,0.003333,0.023333,6,
0.230000,0.000000,0.053333,0.103333,0.036667,0.410000,0.003333,0.016667,0.086667,0.060000,0,
0.000000,0.999809,0.000000,0.000000,0.000000,0.000000,0.000003,0.000137,0.000051,0.000000,1,
0.960000,0.000000,0.016667,0.003333,0.000000,0.000000,0.000000,0.006667,0.006667,0.006667,0,
0.000000,0.010000,0.000000,0.013667,0.487289,0.003333,0.001111,0.168465,0.003333,0.312801,4,
0.026667,0.000000,0.003333,0.036667,0.171667,0.023333,0.006667,0.401667,0.156667,0.173333,4,
0.026667,0.033333,0.706667,0.030000,0.143333,0.000000,0.023333,0.000000,0.003333,0.033333,2,
0.050000,0.000000,0.013333,0.050000,0.030000,0.193333,0.000000,0.573333,0.006667,0.083333,7,
0.280000,0.000000,0.236667,0.050000,0.013333,0.090000,0.126667,0.000000,0.166667,0.036667,2,
0.000000,0.000000,0.000000,0.003333,0.000000,0.000000,0.000000,0.996667,0.000000,0.000000,7,
0.010000,0.000000,0.210000,0.003333,0.030000,0.000000,0.736667,0.003333,0.006667,0.000000,6,
0.736517,0.000000,0.046667,0.010088,0.003333,0.026667,0.043333,0.000000,0.133364,0.000031,0,
0.360000,0.000000,0.023333,0.006667,0.143333,0.150000,0.046667,0.056667,0.166667,0.046667,8,
0.958333,0.000000,0.023333,0.000000,0.006667,0.000000,0.003333,0.000000,0.008333,0.000000,0,
0.003333,0.006667,0.023472,0.000000,0.013333,0.000000,0.953194,0.000000,0.000000,0.000000,6,
0.000000,0.003333,0.020000,0.020000,0.546476,0.006667,0.003333,0.126667,0.090476,0.183048,4,
0.074068,0.019067,0.014701,0.036881,0.000026,0.281645,0.003404,0.000124,0.555661,0.014425,2,
0.000678,0.010000,0.016676,0.058455,0.209924,0.006667,0.003333,0.218618,0.044378,0.431270,7,
0.013333,0.000000,0.093333,0.006667,0.013333,0.053333,0.806667,0.000000,0.013333,0.000000,6,
0.006667,0.000000,0.000000,0.006667,0.000000,0.276667,0.000000,0.656667,0.006667,0.046667,5,
0.003333,0.003333,0.053476,0.869822,0.000000,0.000000,0.000000,0.046667,0.006702,0.016667,3,
0.438275,0.021905,0.001709,0.045797,0.023333,0.003792,0.031947,0.000000,0.336341,0.096900,8,
0.000000,0.000000,0.000000,0.000000,0.000000,0.006667,0.990000,0.000000,0.000000,0.003333,6,
0.000000,0.955853,0.010000,0.006675,0.000000,0.000000,0.023855,0.000087,0.003529,0.000000,1,
0.046667,0.013333,0.076944,0.372778,0.013333,0.343611,0.000000,0.053333,0.033333,0.046667,3,
0.053333,0.016667,0.103419,0.626496,0.000000,0.076667,0.000000,0.070085,0.050000,0.003333,3,
0.003994,0.004414,0.000000,0.007085,0.389558,0.003746,0.000000,0.021144,0.011523,0.558536,4,
0.000000,0.000000,0.000000,0.006667,0.003333,0.003333,0.000000,0.976667,0.000000,0.010000,7,
0.000196,0.000000,0.000000,0.003376,0.081138,0.011144,0.000000,0.065366,0.003589,0.835191,7,
0.000000,0.963333,0.003333,0.003333,0.010000,0.003333,0.000000,0.013333,0.000000,0.003333,1,
0.030000,0.010000,0.003333,0.036667,0.000000,0.803333,0.033333,0.000000,0.083333,0.000000,5,
0.177299,0.170063,0.010000,0.003521,0.010000,0.016727,0.023509,0.000000,0.508880,0.080000,8,
0.078750,0.067778,0.013333,0.526667,0.003333,0.080000,0.000000,0.066667,0.117917,0.045556,8,
0.000000,0.794000,0.010000,0.026667,0.054667,0.003333,0.011333,0.046667,0.020000,0.033333,1,
0.077037,0.003333,0.103333,0.116667,0.260000,0.080000,0.064444,0.016667,0.231852,0.046667,8,
0.006667,0.000000,0.006667,0.000000,0.020000,0.000000,0.963333,0.000000,0.003333,0.000000,6,
0.000000,0.999991,0.000000,0.000009,0.000000,0.000000,0.000000,0.000000,0.000000,0.000000,1,
0.946661,0.000000,0.006667,0.013333,0.000000,0.013333,0.016667,0.000000,0.003339,0.000000,0,
0.003333,0.196667,0.423333,0.110000,0.016667,0.003333,0.106667,0.096667,0.040000,0.003333,2,
0.006667,0.000000,0.016259,0.926534,0.000000,0.013667,0.000000,0.026721,0.000000,0.010152,3,
0.050000,0.000000,0.383333,0.300000,0.036667,0.003333,0.040000,0.116667,0.060000,0.010000,7,
0.129704,0.020000,0.016707,0.040688,0.003353,0.178571,0.000000,0.013333,0.594289,0.003354,8,
0.016667,0.046667,0.016667,0.000000,0.003333,0.003333,0.860000,0.000000,0.050000,0.003333,6,
0.000000,0.003333,0.003333,0.036667,0.003333,0.003333,0.000000,0.933333,0.003333,0.013333,7,
0.000000,0.000000,0.000000,0.000000,0.911809,0.000000,0.004771,0.020185,0.003333,0.059902,4,
0.000000,0.999861,0.000000,0.000000,0.000000,0.000000,0.000031,0.000108,0.000000,0.000000,1,
0.000000,0.000000,0.006667,0.000000,0.000000,0.000000,0.993333,0.000000,0.000000,0.000000,6,
0.003333,0.006679,0.077189,0.866008,0.000000,0.006696,0.000000,0.013411,0.013333,0.013350,3,
0.010000,0.000000,0.906667,0.016667,0.026667,0.006667,0.013333,0.013333,0.003333,0.003333,2,
0.919981,0.000000,0.026685,0.000000,0.013333,0.000000,0.016667,0.000000,0.020000,0.003333,0,
0.136667,0.006667,0.066667,0.020000,0.166667,0.066667,0.263333,0.136667,0.003333,0.133333,6,
0.000000,0.006667,0.806667,0.013333,0.079693,0.000000,0.053448,0.023372,0.006667,0.010153,2,
0.087064,0.020500,0.078750,0.375386,0.006667,0.184193,0.006769,0.000000,0.223119,0.017551,8,
0.000000,0.000000,0.000000,0.020000,0.446067,0.013333,0.000000,0.026970,0.006667,0.486963,4,
0.006667,0.003333,0.046667,0.920000,0.000000,0.006667,0.000000,0.010000,0.003333,0.003333,3,
0.313897,0.006949,0.073456,0.087213,0.013333,0.027275,0.000000,0.020000,0.444484,0.013394,8,
0.000000,0.999974,0.000000,0.000000,0.000004,0.000000,0.000003,0.000019,0.000000,0.000000,1,
0.080741,0.000000,0.103333,0.333704,0.003333,0.026667,0.013333,0.000000,0.435556,0.003333,8,
0.003333,0.003333,0.046667,0.003333,0.036667,0.006667,0.880000,0.006667,0.013333,0.000000,6,
0.302969,0.083466,0.027324,0.012302,0.000238,0.004068,0.016376,0.000000,0.539845,0.013413,8,
0.000000,0.000000,0.000000,0.003333,0.000000,0.003333,0.000000,0.993333,0.000000,0.000000,7,
0.142222,0.020000,0.270000,0.020000,0.070000,0.000000,0.366667,0.006667,0.094444,0.010000,6,
0.919230,0.000000,0.052843,0.000000,0.000000,0.003354,0.003333,0.000000,0.021240,0.000000,2,
0.010000,0.003333,0.103333,0.690000,0.006667,0.080000,0.003333,0.046667,0.003333,0.053333,3,
0.040000,0.000000,0.436667,0.190000,0.000000,0.010000,0.000000,0.003333,0.320000,0.000000,2,
0.033333,0.000000,0.063333,0.000000,0.080000,0.010000,0.796667,0.006667,0.000000,0.010000,6,
0.000000,0.030000,0.013333,0.000000,0.626593,0.190000,0.006667,0.020000,0.110074,0.003333,4,
0.000000,0.000000,0.000000,0.003333,0.933237,0.000000,0.000100,0.006886,0.003333,0.053110,4,
0.093310,0.000198,0.008054,0.017740,0.000048,0.071615,0.000651,0.000000,0.800059,0.008325,8,
0.311710,0.013333,0.033448,0.000214,0.066868,0.030114,0.420409,0.000057,0.110485,0.013362,0,
0.030000,0.000000,0.040508,0.855974,0.000000,0.063426,0.000000,0.000000,0.003333,0.006759,3,
0.794449,0.000019,0.003648,0.009163,0.000000,0.015213,0.020162,0.000000,0.157254,0.000093,0,
0.000000,0.000000,0.000000,0.000000,0.017251,0.969600,0.000000,0.003333,0.009816,0.000000,5,
0.006667,0.040000,0.073333,0.743333,0.000000,0.016667,0.000000,0.110000,0.010000,0.000000,3,
0.000000,0.000000,0.003333,0.013333,0.013333,0.016667,0.000000,0.933333,0.000000,0.020000,7,
0.016667,0.063351,0.016667,0.022047,0.317583,0.013333,0.003333,0.052268,0.090109,0.404642,7,
0.050000,0.006667,0.266667,0.056667,0.196667,0.080000,0.313333,0.003333,0.013333,0.013333,6,
0.000000,0.000000,0.000000,0.006667,0.010000,0.003333,0.000000,0.940000,0.003333,0.036667,7,
0.006667,0.000000,0.010000,0.017500,0.406826,0.100000,0.000000,0.173575,0.013333,0.272099,9,
0.000000,0.058606,0.000000,0.013556,0.287626,0.028434,0.000000,0.189129,0.010051,0.412599,9,
0.000000,0.003333,0.026667,0.020000,0.056667,0.003333,0.003333,0.860000,0.010000,0.016667,7,
0.006667,0.000000,0.003333,0.000000,0.940000,0.000000,0.000000,0.003333,0.000000,0.046667,4,
0.000000,0.000000,0.000000,0.000000,0.000000,0.000000,0.000000,0.996667,0.000000,0.003333,7,
0.000000,0.000000,0.000000,0.042677,0.000560,0.003363,0.000000,0.008166,0.000311,0.944923,9,
0.003333,0.396667,0.053333,0.246667,0.073333,0.006667,0.066667,0.136667,0.006667,0.010000,2,
0.023333,0.006667,0.266667,0.563333,0.000000,0.036667,0.000000,0.003333,0.100000,0.000000,3,
0.000000,0.000000,0.000000,0.000000,0.033333,0.900000,0.000000,0.006667,0.040000,0.020000,5,
0.000000,0.003333,0.000000,0.000000,0.000000,0.036667,0.000000,0.906515,0.003333,0.050152,7,
0.023333,0.003333,0.870000,0.040000,0.006667,0.000000,0.003333,0.053333,0.000000,0.000000,2,
0.016667,0.003333,0.130000,0.050000,0.193333,0.546667,0.026667,0.003333,0.023333,0.006667,4,
0.003333,0.003333,0.003333,0.003333,0.293333,0.570000,0.000000,0.000000,0.093333,0.030000,5,
0.030000,0.000000,0.080000,0.010000,0.650000,0.020000,0.096667,0.043333,0.013333,0.056667,4,
0.168261,0.000000,0.066667,0.013333,0.016667,0.026667,0.606970,0.010000,0.074769,0.016667,6,
0.020000,0.000000,0.893333,0.010000,0.020000,0.000000,0.040000,0.000000,0.016667,0.000000,2,
0.605172,0.000000,0.010051,0.043590,0.000000,0.226909,0.020684,0.000000,0.093594,0.000000,0,
0.010000,0.010000,0.016667,0.623333,0.096667,0.083333,0.003333,0.090000,0.033333,0.033333,3,
0.003333,0.000000,0.000000,0.003536,0.111231,0.000202,0.000000,0.063655,0.003354,0.814688,4,
0.000000,0.380438,0.284444,0.006667,0.056667,0.010000,0.245118,0.000000,0.006667,0.010000,6,
0.003333,0.882193,0.000000,0.006667,0.013333,0.006667,0.063903,0.010000,0.007237,0.006667,1,
0.003333,0.003333,0.003333,0.033333,0.010000,0.843333,0.000000,0.046667,0.020000,0.036667,5,
0.099735,0.010167,0.183611,0.103667,0.000000,0.003667,0.013333,0.006667,0.575821,0.003333,8,
0.013787,0.002888,0.000000,0.011995,0.134647,0.005184,0.000278,0.034918,0.028394,0.767909,4,
0.020000,0.000000,0.110000,0.033333,0.743333,0.013333,0.030000,0.003333,0.006667,0.040000,4,
0.000000,0.003333,0.000000,0.030000,0.000000,0.966667,0.000000,0.000000,0.000000,0.000000,5,
0.147190,0.000000,0.013353,0.000042,0.003333,0.180271,0.074026,0.000000,0.581784,0.000000,8,
0.519410,0.000000,0.036851,0.220157,0.006667,0.173408,0.000000,0.006667,0.026840,0.010000,0,
0.003333,0.000000,0.003333,0.056667,0.013333,0.853333,0.000000,0.043333,0.006667,0.020000,5,
0.000000,0.000000,0.000000,0.026667,0.000000,0.003333,0.000000,0.960000,0.000000,0.010000,7,
0.106667,0.003333,0.223333,0.390000,0.023333,0.110000,0.030000,0.003333,0.106667,0.003333,3,
0.010023,0.552667,0.046689,0.084444,0.043446,0.020000,0.027333,0.083191,0.056712,0.075495,1,
0.068333,0.573333,0.023333,0.101667,0.013333,0.026667,0.036667,0.013333,0.136667,0.006667,1,
0.000000,0.000000,0.993333,0.000000,0.000000,0.000000,0.006667,0.000000,0.000000,0.000000,2,
0.000000,0.007037,0.000000,0.003704,0.175103,0.003333,0.000000,0.005526,0.000420,0.804877,9,
0.111088,0.010000,0.090634,0.006710,0.003333,0.087082,0.080106,0.000000,0.607667,0.003380,8,
0.000000,0.013333,0.000000,0.030000,0.000000,0.933333,0.000000,0.010000,0.000000,0.013333,5,
0.003333,0.006667,0.003333,0.220000,0.000000,0.010000,0.000000,0.753333,0.000000,0.003333,7,
0.000048,0.000000,0.000000,0.000159,0.148730,0.000000,0.000000,0.529006,0.011501,0.310556,7,
0.996661,0.000000,0.000000,0.000000,0.000000,0.000000,0.000000,0.000000,0.003339,0.000000,0,
0.000000,0.000000,0.115034,0.884966,0.000000,0.000000,0.000000,0.000000,0.000000,0.000000,3,
0.299096,0.016667,0.121485,0.053333,0.030175,0.032370,0.260351,0.010833,0.109022,0.066667,3,
0.003333,0.023333,0.003333,0.033333,0.050000,0.123333,0.003333,0.476667,0.043333,0.240000,7,
0.162199,0.003333,0.112863,0.016714,0.000000,0.103685,0.051678,0.000000,0.536159,0.013369,8,
0.080000,0.000000,0.053350,0.000000,0.713300,0.013333,0.086667,0.026667,0.003333,0.023350,4,
0.003333,0.016667,0.013333,0.016667,0.655197,0.047868,0.197378,0.023356,0.010000,0.016201,6,
0.976667,0.000000,0.000000,0.006667,0.000000,0.013333,0.003333,0.000000,0.000000,0.000000,0,
0.023333,0.000000,0.003333,0.010000,0.140000,0.716667,0.000000,0.016667,0.036667,0.053333,5,
0.943328,0.000000,0.006667,0.000000,0.003333,0.013333,0.016667,0.000000,0.016672,0.000000,0,
0.949721,0.000000,0.010244,0.006667,0.000000,0.003333,0.003368,0.000000,0.023333,0.003333,0,
0.013333,0.016667,0.013333,0.120000,0.040000,0.343333,0.003333,0.210000,0.076667,0.163333,3,
0.006667,0.000000,0.006667,0.006667,0.626533,0.290000,0.026667,0.003400,0.006667,0.026733,4,
0.000000,0.000000,0.000000,0.000000,0.005000,0.010000,0.000000,0.925630,0.006667,0.052704,7,
0.035000,0.140476,0.020000,0.411667,0.006667,0.110000,0.013333,0.033333,0.199524,0.030000,0,
0.000000,0.206667,0.030000,0.235000,0.030000,0.053333,0.006667,0.030000,0.325000,0.083333,8,
0.036667,0.646420,0.043333,0.046667,0.003333,0.000000,0.006667,0.006667,0.210247,0.000000,1,
0.006667,0.003333,0.013333,0.863333,0.000000,0.106667,0.000000,0.003333,0.003333,0.000000,3,
0.883333,0.000000,0.030000,0.010000,0.003333,0.003333,0.026667,0.000000,0.033333,0.010000,0,
0.000000,0.000000,0.000000,0.000000,0.000000,0.000000,0.000000,1.000000,0.000000,0.000000,7,
0.000000,0.000000,0.000000,0.007000,0.063676,0.000000,0.000000,0.020674,0.003333,0.905316,9,
0.036667,0.006667,0.720000,0.093333,0.003333,0.010000,0.070000,0.003333,0.046667,0.010000,2,
0.046667,0.000000,0.360000,0.453333,0.000000,0.076667,0.016667,0.000000,0.046667,0.000000,2,
0.043333,0.000000,0.003333,0.030000,0.146667,0.110000,0.000000,0.443333,0.006667,0.216667,7,
0.000000,0.003333,0.013333,0.000000,0.013333,0.003333,0.963333,0.000000,0.003333,0.000000,6,
0.010000,0.000000,0.003333,0.050000,0.043333,0.650000,0.000000,0.156667,0.030000,0.056667,5,
0.806667,0.000000,0.016667,0.003333,0.043333,0.016667,0.010000,0.020000,0.016667,0.066667,0,
0.010185,0.043467,0.021667,0.175000,0.062836,0.010000,0.013333,0.003333,0.510648,0.149531,8,
0.030000,0.000000,0.790000,0.090000,0.003333,0.010000,0.033333,0.006667,0.036667,0.000000,2,
0.000000,0.743333,0.010000,0.003333,0.000000,0.010000,0.000000,0.066667,0.140000,0.026667,1,
0.130000,0.000000,0.116667,0.083333,0.000000,0.053333,0.016667,0.000000,0.593333,0.006667,8,
0.000000,0.000000,0.003333,0.003333,0.876556,0.026667,0.000000,0.001667,0.000000,0.088444,4,
0.003333,0.000000,0.003333,0.000000,0.006667,0.006667,0.976667,0.000000,0.003333,0.000000,6,
0.000000,0.003333,0.956667,0.013333,0.003333,0.000000,0.020000,0.003333,0.000000,0.000000,2,
0.016667,0.006667,0.733333,0.046667,0.076667,0.006667,0.103333,0.003333,0.003333,0.003333,2,
0.000000,0.000000,0.000000,0.036667,0.000000,0.046667,0.000000,0.896667,0.000000,0.020000,7,
0.040418,0.000000,0.003333,0.030000,0.040079,0.084996,0.000000,0.030047,0.659106,0.112021,8,
0.000000,0.010000,0.066667,0.886667,0.000000,0.010000,0.000000,0.010000,0.013333,0.003333,3,
0.129722,0.118565,0.154667,0.041111,0.003333,0.017333,0.197986,0.000000,0.333532,0.003750,8,
0.026667,0.000000,0.033333,0.093333,0.060000,0.103333,0.003333,0.506627,0.003333,0.170040,7,
0.000000,0.000000,0.000000,0.000000,0.000000,0.020000,0.980000,0.000000,0.000000,0.000000,6,
0.000000,0.000115,0.016667,0.020230,0.162842,0.073751,0.000000,0.527200,0.053333,0.145862,7,
0.000000,0.000000,0.000000,0.976667,0.000000,0.020000,0.000000,0.003333,0.000000,0.000000,3,
0.000000,0.010000,0.140932,0.795735,0.000000,0.000000,0.000000,0.046667,0.000000,0.006667,3,
0.473333,0.000000,0.013333,0.136667,0.003333,0.213333,0.000000,0.010000,0.096667,0.053333,0,
0.000000,0.999895,0.000000,0.000000,0.000105,0.000000,0.000000,0.000000,0.000000,0.000000,1,
0.969995,0.000000,0.000000,0.000000,0.000000,0.020000,0.003333,0.000000,0.003339,0.003333,0,
0.016667,0.043333,0.006667,0.003333,0.324464,0.106667,0.003333,0.230000,0.036667,0.228869,4,
0.043333,0.000000,0.256667,0.063333,0.210000,0.056667,0.273333,0.000000,0.026667,0.070000,4,
0.146401,0.171895,0.007516,0.024000,0.000000,0.006667,0.013459,0.014667,0.603491,0.011905,8,
0.996661,0.000000,0.000000,0.000000,0.000000,0.003333,0.000000,0.000000,0.000005,0.000000,0,
0.006667,0.000000,0.013376,0.000000,0.594690,0.327276,0.003355,0.010000,0.024523,0.020113,4,
0.000000,0.000000,0.000000,0.003333,0.000000,0.000000,0.000000,0.990000,0.000000,0.006667,7,
0.000000,0.000000,0.000000,0.057410,0.029300,0.000000,0.000000,0.666287,0.003333,0.243670,7,
0.000000,0.996522,0.000000,0.000000,0.003406,0.000000,0.000000,0.000000,0.000036,0.000036,1,
0.000000,0.000000,0.000000,0.000000,0.000000,0.003333,0.000000,0.996667,0.000000,0.000000,7,
0.000000,0.000018,0.000000,0.005369,0.004530,0.006667,0.000000,0.449757,0.000018,0.533641,9,
0.010152,0.812753,0.063333,0.003333,0.000000,0.010000,0.043333,0.003333,0.050429,0.003333,1,
0.003333,0.003333,0.033333,0.003333,0.040000,0.003333,0.910000,0.000000,0.000000,0.003333,6,
0.000019,0.000000,0.000010,0.000368,0.034477,0.000227,0.000000,0.009335,0.000070,0.955494,9,
0.000000,0.000000,0.006667,0.000000,0.023333,0.010000,0.960000,0.000000,0.000000,0.000000,6,
0.000000,0.000000,0.003333,0.006667,0.106380,0.000032,0.000000,0.034630,0.016667,0.832292,9,
0.000000,0.000041,0.003333,0.000000,0.016708,0.003333,0.973251,0.000000,0.003333,0.000000,6,
0.067083,0.000000,0.020017,0.020000,0.597698,0.016667,0.060000,0.040000,0.023333,0.155202,4,
0.000000,0.953333,0.000000,0.000000,0.000000,0.000000,0.000000,0.000000,0.046667,0.000000,1,
0.000000,0.000000,0.016667,0.006812,0.057005,0.899469,0.003333,0.006667,0.006715,0.003333,5,
0.016667,0.026667,0.006667,0.096667,0.230000,0.366667,0.010000,0.110000,0.106667,0.030000,5,
0.000000,0.000000,0.000000,0.000000,0.003333,0.003333,0.000000,0.949841,0.000000,0.043492,7,
0.026667,0.006667,0.076667,0.010000,0.066667,0.120000,0.626667,0.000000,0.040000,0.026667,6,
0.106667,0.003346,0.030064,0.336408,0.000000,0.483403,0.013333,0.000000,0.026667,0.000113,5,
0.016667,0.003333,0.453333,0.063333,0.166667,0.016667,0.180000,0.016667,0.013333,0.070000,2,
0.036667,0.000000,0.016667,0.006667,0.193333,0.520000,0.003333,0.026667,0.173333,0.023333,8,
0.070476,0.006667,0.163333,0.500000,0.006667,0.003333,0.006667,0.080000,0.126190,0.036667,3,
0.010000,0.010000,0.023333,0.773333,0.000000,0.116667,0.000000,0.000000,0.053333,0.013333,3,
0.003333,0.266444,0.047500,0.010000,0.090000,0.010000,0.522722,0.010000,0.033333,0.006667,1,
0.424821,0.023333,0.116667,0.186667,0.026726,0.076667,0.031667,0.030000,0.083452,0.000000,0,
0.000000,0.003333,0.093333,0.000000,0.040000,0.010000,0.843333,0.000000,0.000000,0.010000,6,
0.000000,0.003333,0.020000,0.750000,0.093333,0.016667,0.000000,0.060000,0.016667,0.040000,3,
0.000000,0.003333,0.000000,0.006667,0.602889,0.023333,0.000000,0.186667,0.013333,0.163778,4,
0.746156,0.000000,0.020000,0.006667,0.000000,0.046667,0.030111,0.000000,0.140400,0.010000,0,
0.000000,0.003333,0.003704,0.000563,0.031052,0.000377,0.000000,0.117589,0.023807,0.819576,9,
0.010000,0.056667,0.010000,0.003333,0.563333,0.000000,0.312778,0.003333,0.026667,0.013889,6,
0.004667,0.011235,0.006667,0.011739,0.253889,0.021189,0.004118,0.008420,0.153357,0.524719,9,
0.086667,0.003333,0.013333,0.763333,0.000000,0.076667,0.003333,0.016667,0.010000,0.026667,3,
0.000000,0.985309,0.014683,0.000009,0.000000,0.000000,0.000000,0.000000,0.000000,0.000000,1,
0.006667,0.013333,0.000159,0.030000,0.584868,0.006667,0.003333,0.003333,0.020000,0.331640,4,
0.000000,0.896667,0.036667,0.003333,0.050000,0.000000,0.010000,0.000000,0.000000,0.003333,1,
0.593333,0.000000,0.003333,0.103333,0.006667,0.226667,0.000000,0.003333,0.053333,0.010000,0,
0.000000,0.000000,0.000000,0.000000,0.006667,0.000000,0.000000,0.898690,0.000000,0.094643,7,
0.010865,0.000000,0.006855,0.016738,0.000000,0.023014,0.000061,0.000000,0.942427,0.000040,8,
0.016667,0.000000,0.823333,0.023333,0.010000,0.006667,0.060000,0.033333,0.023333,0.003333,2,
0.020000,0.196364,0.000000,0.013333,0.170833,0.144167,0.120000,0.013333,0.151136,0.170833,8,
0.906661,0.000000,0.006667,0.020000,0.003333,0.036667,0.016667,0.000000,0.010005,0.000000,0,
0.113333,0.000000,0.050042,0.003333,0.456306,0.046879,0.080021,0.023333,0.203376,0.023376,4,
0.121116,0.000000,0.387976,0.086923,0.030000,0.068333,0.066667,0.003333,0.145651,0.090000,2,
0.113030,0.061127,0.013356,0.022780,0.220478,0.013434,0.020000,0.020359,0.248953,0.266482,8,
0.000000,0.003333,0.976667,0.010000,0.000000,0.000000,0.006667,0.003333,0.000000,0.000000,2,
0.273259,0.000000,0.080000,0.006667,0.056667,0.046667,0.390000,0.000000,0.103407,0.043333,0,
0.003333,0.166389,0.003333,0.016667,0.334516,0.041319,0.006667,0.067857,0.226764,0.133155,1,
0.000000,0.000000,0.003376,0.000083,0.416415,0.530308,0.000021,0.000392,0.025195,0.024209,5,
0.080000,0.000000,0.063333,0.013333,0.210000,0.010000,0.436667,0.020000,0.093333,0.073333,4,
0.000000,0.003333,0.983333,0.000000,0.000000,0.000000,0.013333,0.000000,0.000000,0.000000,2,
0.178994,0.000000,0.063333,0.006667,0.013333,0.057778,0.607999,0.000000,0.060686,0.011209,0,
0.038759,0.006667,0.000000,0.010119,0.020099,0.050000,0.003333,0.028095,0.737302,0.105626,8,
0.000000,0.074278,0.000000,0.007333,0.491689,0.010614,0.010000,0.026667,0.016667,0.362753,9,
0.006667,0.003333,0.013333,0.156667,0.000000,0.753333,0.000000,0.010000,0.023333,0.033333,5,
0.000000,0.000000,0.000000,0.026768,0.247489,0.003333,0.000000,0.182055,0.028472,0.511883,4,
0.003333,0.010000,0.846667,0.023333,0.023333,0.020000,0.036667,0.026667,0.006667,0.003333,2,
0.465090,0.000000,0.020024,0.006667,0.016667,0.100000,0.056923,0.010000,0.300595,0.024034,8,
0.000000,0.013750,0.000000,0.060241,0.006917,0.010000,0.000000,0.380829,0.000022,0.528241,7,
0.008333,0.000000,0.000000,0.003462,0.095168,0.033879,0.000000,0.011672,0.020328,0.827158,9,
0.003333,0.000000,0.900000,0.013333,0.000000,0.006667,0.026667,0.036667,0.013333,0.000000,2,
0.000000,0.999957,0.000000,0.000000,0.000004,0.000000,0.000003,0.000036,0.000000,0.000000,1,
0.000000,0.000000,0.003333,0.010000,0.036812,0.016667,0.000000,0.837886,0.000000,0.095302,7,
0.000000,0.000000,0.983333,0.000000,0.000000,0.000000,0.016667,0.000000,0.000000,0.000000,2,
0.083333,0.000000,0.680000,0.113333,0.000000,0.013333,0.023333,0.000000,0.083333,0.003333,2,
0.010000,0.898117,0.000000,0.013333,0.000000,0.000000,0.000130,0.071754,0.003333,0.003333,1,
0.164000,0.473572,0.000000,0.006933,0.033333,0.050000,0.010000,0.000000,0.231790,0.030370,0,
0.000000,0.000000,0.000000,0.026667,0.000000,0.020000,0.000000,0.760315,0.000000,0.193019,7,
0.000159,0.000000,0.020000,0.003333,0.332734,0.640441,0.000000,0.000000,0.000000,0.003333,5,
0.023333,0.003333,0.016667,0.103333,0.000000,0.843333,0.000000,0.000000,0.010000,0.000000,5,
0.302543,0.018095,0.030112,0.098141,0.075556,0.033400,0.023333,0.037916,0.323033,0.057870,2,
0.270000,0.000000,0.236667,0.013333,0.263333,0.046667,0.066667,0.033333,0.006667,0.063333,2,
0.000000,0.000000,0.000000,0.003366,0.022248,0.023842,0.000000,0.234131,0.107225,0.609187,9,
0.720177,0.000000,0.030045,0.003405,0.000000,0.030302,0.023809,0.003333,0.181539,0.007390,8,
0.796667,0.000000,0.090667,0.000000,0.040000,0.006667,0.030000,0.003333,0.026000,0.006667,0,
0.053333,0.000000,0.003333,0.216667,0.000000,0.663333,0.000000,0.006667,0.013333,0.043333,5,
0.000000,0.000000,0.000000,0.006693,0.003991,0.067778,0.000000,0.747270,0.003333,0.170934,7,
0.000000,0.035019,0.000000,0.024067,0.276014,0.013333,0.003333,0.040894,0.006842,0.600497,1,
0.006667,0.000000,0.000000,0.000079,0.540260,0.000000,0.000000,0.006746,0.010047,0.436201,4,
0.003333,0.652619,0.000000,0.010000,0.207381,0.043333,0.006667,0.010000,0.003333,0.063333,1,
0.000000,0.040000,0.010000,0.096667,0.352219,0.000000,0.004444,0.125667,0.006667,0.364337,7,
0.048000,0.000000,0.010667,0.000000,0.060000,0.565000,0.010667,0.000000,0.277333,0.028333,5,
0.000000,0.000000,0.003333,0.000000,0.000000,0.000000,0.000000,0.996667,0.000000,0.000000,7,
0.000000,0.000000,0.000157,0.000000,0.890917,0.000000,0.003448,0.017954,0.000000,0.087524,4,
0.003333,0.006667,0.041235,0.855175,0.000000,0.016842,0.000000,0.020000,0.010081,0.046667,3,
0.050000,0.016667,0.053333,0.453333,0.016667,0.163333,0.103333,0.076667,0.056667,0.010000,3,
0.000000,0.013333,0.020000,0.013333,0.896556,0.016667,0.006667,0.023389,0.000000,0.010056,4,
0.003333,0.000000,0.986667,0.006667,0.003333,0.000000,0.000000,0.000000,0.000000,0.000000,2,
0.030000,0.020000,0.020000,0.570000,0.046667,0.193333,0.000000,0.113333,0.006667,0.000000,3,
0.000000,0.000000,0.000000,0.010085,0.206298,0.003333,0.000000,0.072278,0.000000,0.708006,9,
0.020000,0.000000,0.023333,0.616667,0.000000,0.210000,0.000000,0.000000,0.030000,0.100000,3,
0.020000,0.013333,0.323333,0.006667,0.036667,0.000000,0.563333,0.013333,0.013333,0.010000,6,
0.046667,0.026667,0.106667,0.043333,0.090977,0.080025,0.003333,0.236816,0.103358,0.262157,9,
0.023333,0.140000,0.246667,0.420000,0.000000,0.006667,0.006667,0.076667,0.073333,0.006667,3,
0.923333,0.000000,0.013333,0.006667,0.036667,0.000000,0.003333,0.000000,0.000000,0.016667,0,
0.000000,0.000000,0.000000,0.000000,0.000000,0.000000,0.000000,0.990000,0.000000,0.010000,7,
0.006667,0.000000,0.000000,0.003333,0.863333,0.036667,0.003333,0.006667,0.006667,0.073333,4,
0.000000,0.000000,0.000000,0.002616,0.159058,0.000000,0.000000,0.040264,0.000297,0.797764,9,
0.010000,0.003333,0.000000,0.415833,0.000000,0.340754,0.000000,0.023333,0.036667,0.170079,9,
0.003333,0.023333,0.003333,0.006667,0.293333,0.213333,0.003333,0.120000,0.233333,0.100000,4,
0.000000,0.000000,0.000000,0.000000,0.000000,0.000000,1.000000,0.000000,0.000000,0.000000,6,
0.000298,0.000024,0.000335,0.001946,0.009403,0.018897,0.000000,0.029746,0.005923,0.933427,9,
0.081687,0.010093,0.428148,0.075489,0.003333,0.100694,0.110972,0.000000,0.182917,0.006667,2,
0.124615,0.016795,0.160128,0.463333,0.003333,0.053333,0.010064,0.010000,0.148397,0.010000,3,
0.194628,0.000147,0.053257,0.090142,0.000048,0.038335,0.000405,0.000238,0.594663,0.028135,8,
0.159583,0.003333,0.070000,0.223333,0.000000,0.073750,0.050000,0.003333,0.388889,0.027778,8,
0.040000,0.000000,0.070000,0.010000,0.036667,0.006667,0.820000,0.013333,0.003333,0.000000,6,
0.000000,0.000000,0.000000,0.000000,0.000000,0.006667,0.000000,0.950000,0.000000,0.043333,7,
0.006667,0.003333,0.553333,0.303333,0.000000,0.003333,0.000000,0.050000,0.080000,0.000000,2,
0.000000,0.999946,0.000000,0.000000,0.000004,0.000000,0.000031,0.000019,0.000000,0.000000,1,
0.006667,0.003333,0.576667,0.300000,0.046667,0.003333,0.010000,0.033333,0.013333,0.006667,2,
0.006667,0.020000,0.013333,0.026667,0.476667,0.056667,0.003333,0.190000,0.020000,0.186667,4,
0.000000,0.999974,0.000000,0.000000,0.000004,0.000000,0.000003,0.000019,0.000000,0.000000,1,
0.000000,0.000061,0.003333,0.003333,0.033333,0.016667,0.939939,0.000000,0.000000,0.003333,6,
0.000000,0.000066,0.000000,0.016825,0.017187,0.001197,0.000000,0.076929,0.000086,0.887710,9,
0.213351,0.018995,0.023735,0.066640,0.000014,0.325519,0.000297,0.000000,0.347840,0.003609,5,
0.048944,0.006832,0.553467,0.050468,0.000000,0.006667,0.003413,0.000000,0.330125,0.000085,2,
0.000000,0.000000,0.000000,0.001475,0.024576,0.000000,0.000000,0.027285,0.000000,0.946664,9,
0.003333,0.895896,0.000000,0.000000,0.020000,0.000833,0.018197,0.054644,0.007097,0.000000,1,
0.003494,0.000092,0.000032,0.001780,0.021795,0.000167,0.000000,0.009751,0.002265,0.960624,9,
0.000476,0.000000,0.003333,0.006667,0.827944,0.106667,0.000000,0.003360,0.000000,0.051553,4,
0.969995,0.000000,0.000000,0.000000,0.006667,0.000000,0.000000,0.003333,0.016672,0.003333,0,
0.000000,0.000000,0.000000,0.000000,0.000000,0.000000,0.000000,1.000000,0.000000,0.000000,7,
0.000000,0.000000,0.006667,0.016667,0.000000,0.010000,0.000000,0.896667,0.013333,0.056667,7,
0.206667,0.000000,0.013333,0.003333,0.026667,0.020000,0.703333,0.003333,0.023333,0.000000,6,
0.000000,0.000000,0.000000,0.003333,0.000000,0.000000,0.000000,0.993333,0.000000,0.003333,7,
