0, 1, 2, 3, 4, 5, 6, 7, 8, 9, True
0.000000,0.000000,0.000000,0.000000,0.000000,0.057001,0.000000,0.000000,0.880405,0.062594,8,
0.000000,0.000000,0.000000,0.000000,0.000000,0.000000,0.000000,0.952644,0.000000,0.047356,7,
0.000000,0.053520,0.164929,0.486845,0.000000,0.000000,0.000000,0.294707,0.000000,0.000000,3,
0.000000,1.000000,0.000000,0.000000,0.000000,0.000000,0.000000,0.000000,0.000000,0.000000,1,
0.000000,0.000000,0.600877,0.000000,0.000000,0.000000,0.399123,0.000000,0.000000,0.000000,2,
0.000000,0.000000,0.000000,0.000000,0.054690,0.069178,0.000000,0.340149,0.000000,0.535983,7,
0.000000,1.000000,0.000000,0.000000,0.000000,0.000000,0.000000,0.000000,0.000000,0.000000,1,
0.000000,0.000000,0.885124,0.114876,0.000000,0.000000,0.000000,0.000000,0.000000,0.000000,2,
0.000000,0.000000,0.000000,0.000000,0.348446,0.000000,0.000000,0.599778,0.000000,0.051776,7,
0.000000,0.000000,0.000000,0.000000,0.000000,0.000000,0.000000,0.897545,0.000000,0.102455,7,
0.118929,0.000000,0.000000,0.000000,0.519028,0.174238,0.000000,0.000000,0.055883,0.131921,5,
0.000000,0.000000,0.833914,0.166086,0.000000,0.000000,0.000000,0.000000,0.000000,0.000000,2,
0.000000,0.000000,0.000000,0.000000,0.000000,0.758506,0.000000,0.000000,0.241494,0.000000,8,
0.000000,0.000000,0.000000,0.000000,0.000000,0.000000,0.000000,1.000000,0.000000,0.000000,9,
0.055460,0.055460,0.060437,0.717606,0.000000,0.056980,0.000000,0.000000,0.000000,0.054056,2,
0.285356,0.000000,0.071904,0.000000,0.000000,0.137382,0.000000,0.000000,0.396596,0.108762,8,
0.000000,0.000000,0.000000,0.000000,0.717951,0.000000,0.000000,0.048380,0.000000,0.233669,4,
0.000000,1.000000,0.000000,0.000000,0.000000,0.000000,0.000000,0.000000,0.000000,0.000000,1,
0.000000,1.000000,0.000000,0.000000,0.000000,0.000000,0.000000,0.000000,0.000000,0.000000,1,
0.067556,0.057412,0.554376,0.049720,0.000000,0.054466,0.000000,0.000000,0.216470,0.000000,2,
0.000000,0.000000,0.000000,0.000000,0.150102,0.000000,0.000000,0.180047,0.000000,0.669851,9,
0.000000,0.000000,0.000000,0.000000,0.428439,0.000000,0.000000,0.000000,0.000000,0.571561,9,
0.000000,0.000000,0.000000,0.071957,0.056888,0.000000,0.000000,0.293909,0.065687,0.511560,7,
0.000000,0.000000,0.000000,0.000000,0.000000,0.000000,1.000000,0.000000,0.000000,0.000000,6,
0.000000,0.000000,0.000000,0.064097,0.051132,0.000000,0.000000,0.110156,0.107662,0.666952,9,
0.000000,0.055347,0.000000,0.000000,0.107529,0.000000,0.000000,0.606518,0.055347,0.175259,7,
0.000000,0.000000,1.000000,0.000000,0.000000,0.000000,0.000000,0.000000,0.000000,0.000000,2,
0.000000,1.000000,0.000000,0.000000,0.000000,0.000000,0.000000,0.000000,0.000000,0.000000,1,
0.180732,0.000000,0.060202,0.474083,0.000000,0.054266,0.000000,0.000000,0.174671,0.056046,3,
0.000000,0.000000,0.000000,0.000000,0.000000,0.000000,0.000000,0.731410,0.000000,0.268590,7,
0.884921,0.000000,0.000000,0.058115,0.000000,0.056964,0.000000,0.000000,0.000000,0.000000,0,
0.000000,0.000000,0.000000,0.000000,0.114734,0.000000,0.000000,0.061911,0.176643,0.646711,9,
0.000000,0.000000,0.000000,0.000000,0.000000,1.000000,0.000000,0.000000,0.000000,0.000000,5,
0.461557,0.000000,0.000000,0.000000,0.000000,0.051853,0.000000,0.000000,0.486590,0.000000,8,
0.000000,0.000000,0.000000,0.842187,0.000000,0.157813,0.000000,0.000000,0.000000,0.000000,3,
0.000000,0.000000,0.000000,0.000000,0.000000,0.000000,0.000000,1.000000,0.000000,0.000000,7,
0.000000,0.000000,0.000000,0.166134,0.000000,0.169345,0.000000,0.173465,0.437645,0.053410,8,
0.000000,0.000000,0.000000,0.000000,0.000000,0.000000,1.000000,0.000000,0.000000,0.000000,6,
0.064016,0.000000,0.000000,0.053785,0.221924,0.365755,0.109226,0.000000,0.185294,0.000000,4,
0.000000,0.000000,0.295758,0.574208,0.000000,0.130034,0.000000,0.000000,0.000000,0.000000,2,
0.000000,0.000000,0.000000,0.000000,0.000000,0.000000,1.000000,0.000000,0.000000,0.000000,6,
0.000000,0.278865,0.129408,0.537873,0.000000,0.000000,0.000000,0.053854,0.000000,0.000000,3,
0.000000,0.000000,0.358754,0.000000,0.000000,0.000000,0.641246,0.000000,0.000000,0.000000,6,
0.530729,0.000000,0.110879,0.176378,0.000000,0.182015,0.000000,0.000000,0.000000,0.000000,3,
0.368732,0.000000,0.000000,0.000000,0.000000,0.057845,0.000000,0.000000,0.573423,0.000000,0,
0.000000,0.047893,0.000000,0.000000,0.000000,0.000000,0.904214,0.000000,0.047893,0.000000,6,
0.133784,0.055947,0.000000,0.000000,0.000000,0.201369,0.000000,0.000000,0.608899,0.000000,5,
0.000000,0.000000,0.000000,0.050215,0.399341,0.000000,0.000000,0.256786,0.000000,0.293658,9,
0.186177,0.000000,0.060149,0.000000,0.372403,0.163896,0.000000,0.000000,0.104680,0.112695,0,
0.000000,0.000000,0.000000,0.000000,0.000000,0.000000,0.000000,0.947709,0.052291,0.000000,7,
0.000000,0.000000,0.000000,0.000000,0.000000,0.000000,0.000000,0.954044,0.000000,0.045956,7,
0.000000,0.000000,0.000000,0.054876,0.000000,0.385431,0.000000,0.170419,0.000000,0.389273,3,
0.944135,0.000000,0.000000,0.000000,0.000000,0.055865,0.000000,0.000000,0.000000,0.000000,0,
0.000000,1.000000,0.000000,0.000000,0.000000,0.000000,0.000000,0.000000,0.000000,0.000000,1,
0.313768,0.000000,0.055093,0.060351,0.000000,0.163643,0.055094,0.000000,0.352051,0.000000,5,
0.000000,0.000000,0.000000,0.000000,0.000000,0.000000,0.000000,0.000000,0.047296,0.952704,9,
0.223527,0.000000,0.000000,0.000000,0.000000,0.055267,0.112992,0.000000,0.608214,0.000000,9,
0.000000,0.000000,0.000000,0.056932,0.054283,0.000000,0.000000,0.283964,0.131049,0.473772,3,
0.000000,0.000000,0.707217,0.000000,0.000000,0.159205,0.000000,0.000000,0.133578,0.000000,2,
0.000000,0.000000,0.000000,0.000000,0.826040,0.000000,0.000000,0.000000,0.000000,0.173960,4,
0.000000,0.000000,0.000000,0.000000,0.000000,0.000000,0.000000,0.000000,0.000000,1.000000,9,
0.000000,0.000000,0.000000,1.000000,0.000000,0.000000,0.000000,0.000000,0.000000,0.000000,3,
0.000000,0.000000,0.106586,0.049211,0.276416,0.000000,0.000000,0.000000,0.172760,0.395026,9,
0.000000,0.000000,0.059513,0.066538,0.183370,0.056743,0.633836,0.000000,0.000000,0.000000,6,
0.053647,0.000000,0.000000,0.000000,0.169895,0.000000,0.000000,0.052135,0.221707,0.502617,8,
0.000000,1.000000,0.000000,0.000000,0.000000,0.000000,0.000000,0.000000,0.000000,0.000000,1,
0.000000,0.000000,0.000000,0.000000,0.601539,0.048528,0.000000,0.000000,0.050510,0.299423,4,
0.000000,0.000000,1.000000,0.000000,0.000000,0.000000,0.000000,0.000000,0.000000,0.000000,2,
0.000000,0.000000,0.051521,0.000000,0.116105,0.000000,0.775416,0.000000,0.056958,0.000000,6,
0.154325,0.000000,0.000000,0.109643,0.000000,0.000000,0.000000,0.000000,0.683477,0.052554,3,
0.052396,0.000000,0.104791,0.225480,0.000000,0.074098,0.055230,0.000000,0.370844,0.117161,3,
0.000000,0.000000,0.346620,0.587186,0.000000,0.000000,0.000000,0.066194,0.000000,0.000000,2,
0.284193,0.000000,0.115340,0.052500,0.000000,0.053796,0.000000,0.440374,0.000000,0.053796,0,
0.207415,0.000000,0.000000,0.000000,0.000000,0.054744,0.000000,0.000000,0.688877,0.048964,8,
1.000000,0.000000,0.000000,0.000000,0.000000,0.000000,0.000000,0.000000,0.000000,0.000000,0,
0.000000,0.000000,0.000000,0.831885,0.000000,0.168115,0.000000,0.000000,0.000000,0.000000,3,
0.000000,0.000000,0.671301,0.328699,0.000000,0.000000,0.000000,0.000000,0.000000,0.000000,2,
0.000000,0.000000,0.000000,0.052515,0.111226,0.000000,0.000000,0.189637,0.000000,0.646622,9,
0.000000,1.000000,0.000000,0.000000,0.000000,0.000000,0.000000,0.000000,0.000000,0.000000,1,
0.730530,0.000000,0.117784,0.000000,0.101124,0.000000,0.000000,0.000000,0.000000,0.050562,0,
0.000000,0.000000,0.000000,0.000000,0.056904,0.000000,0.943096,0.000000,0.000000,0.000000,6,
0.000000,0.000000,0.000000,0.000000,0.109407,0.000000,0.000000,0.306075,0.000000,0.584519,7,
0.000000,0.000000,1.000000,0.000000,0.000000,0.000000,0.000000,0.000000,0.000000,0.000000,2,
0.000000,0.000000,0.000000,0.000000,0.000000,0.000000,0.000000,1.000000,0.000000,0.000000,7,
0.000000,0.051122,0.000000,0.000000,0.000000,0.000000,0.000000,0.657262,0.000000,0.291617,9,
0.232824,0.000000,0.000000,0.000000,0.361170,0.000000,0.000000,0.175902,0.057345,0.172759,2,
0.000000,0.000000,0.057302,0.890865,0.000000,0.000000,0.000000,0.051832,0.000000,0.000000,3,
0.000000,0.000000,0.000000,0.000000,0.054666,0.000000,0.000000,0.000000,0.000000,0.945334,9,
0.241295,0.000000,0.000000,0.000000,0.167719,0.476876,0.000000,0.055015,0.000000,0.059095,5,
0.000000,0.000000,0.000000,0.000000,0.000000,0.000000,0.000000,1.000000,0.000000,0.000000,7,
0.938008,0.000000,0.000000,0.000000,0.061992,0.000000,0.000000,0.000000,0.000000,0.000000,0,
0.057261,0.000000,0.000000,0.000000,0.060150,0.000000,0.882589,0.000000,0.000000,0.000000,6,
0.000000,0.169648,0.721545,0.000000,0.000000,0.000000,0.108807,0.000000,0.000000,0.000000,2,
0.000000,0.000000,0.000000,0.000000,0.000000,0.000000,0.000000,1.000000,0.000000,0.000000,7,
0.000000,0.000000,0.054572,0.000000,0.060136,0.000000,0.885292,0.000000,0.000000,0.000000,6,
0.000000,0.000000,0.000000,0.000000,0.182674,0.000000,0.000000,0.275681,0.000000,0.541645,4,
0.000000,0.000000,0.000000,0.409123,0.000000,0.357669,0.000000,0.000000,0.172611,0.060598,5,
0.100243,0.000000,0.151145,0.054138,0.170567,0.000000,0.523907,0.000000,0.000000,0.000000,6,
0.070952,0.051932,0.169469,0.171977,0.051931,0.430854,0.000000,0.052884,0.000000,0.000000,5,
0.000000,0.000000,0.000000,0.079448,0.000000,0.045868,0.000000,0.781002,0.000000,0.093682,9,
0.000000,0.903648,0.000000,0.000000,0.000000,0.000000,0.096352,0.000000,0.000000,0.000000,1,
0.126165,0.000000,0.000000,0.000000,0.686758,0.000000,0.053878,0.000000,0.133199,0.000000,4,
0.000000,1.000000,0.000000,0.000000,0.000000,0.000000,0.000000,0.000000,0.000000,0.000000,1,
0.000000,0.000000,0.000000,0.661139,0.000000,0.228261,0.000000,0.000000,0.051329,0.059270,3,
0.183814,0.000000,0.000000,0.000000,0.194906,0.105307,0.000000,0.052343,0.000000,0.463630,9,
0.000000,0.000000,0.000000,0.083427,0.090965,0.000000,0.000000,0.432544,0.000000,0.393064,9,
0.000000,0.000000,0.000000,0.000000,0.000000,0.000000,0.000000,1.000000,0.000000,0.000000,7,
0.000000,0.000000,0.000000,0.232666,0.053753,0.295923,0.000000,0.239705,0.177952,0.000000,5,
0.000000,0.000000,0.000000,0.000000,0.055004,0.000000,0.000000,0.604430,0.055004,0.285562,7,
0.106258,0.000000,0.000000,0.063771,0.000000,0.056058,0.056927,0.000000,0.609612,0.107374,8,
0.000000,0.000000,0.000000,0.077001,0.282342,0.000000,0.115183,0.000000,0.000000,0.525473,4,
0.184240,0.000000,0.115189,0.415133,0.000000,0.000000,0.053019,0.000000,0.232419,0.000000,8,
0.055178,0.000000,0.103228,0.000000,0.223515,0.065287,0.000000,0.000000,0.387314,0.165477,0,
0.000000,0.000000,0.000000,0.105617,0.186742,0.056012,0.000000,0.056011,0.188033,0.407585,9,
0.254788,0.000000,0.000000,0.000000,0.070356,0.000000,0.000000,0.055622,0.226985,0.392249,8,
0.000000,0.000000,0.113384,0.000000,0.324431,0.000000,0.508034,0.054151,0.000000,0.000000,4,
0.949669,0.000000,0.000000,0.000000,0.000000,0.050331,0.000000,0.000000,0.000000,0.000000,0,
1.000000,0.000000,0.000000,0.000000,0.000000,0.000000,0.000000,0.000000,0.000000,0.000000,0,
0.122923,0.000000,0.108547,0.000000,0.427873,0.054273,0.000000,0.000000,0.000000,0.286384,8,
0.000000,0.000000,0.000000,0.359644,0.000000,0.411471,0.000000,0.051300,0.120952,0.056633,3,
0.000000,0.000000,1.000000,0.000000,0.000000,0.000000,0.000000,0.000000,0.000000,0.000000,2,
0.000000,0.000000,0.000000,0.000000,0.000000,0.667873,0.000000,0.000000,0.332127,0.000000,5,
0.105122,0.000000,0.000000,0.000000,0.227136,0.000000,0.000000,0.000000,0.062625,0.605118,9,
0.000000,0.000000,0.000000,0.756880,0.000000,0.113863,0.000000,0.129257,0.000000,0.000000,3,
0.000000,0.000000,0.069544,0.000000,0.000000,0.000000,0.930456,0.000000,0.000000,0.000000,6,
0.617974,0.000000,0.054698,0.000000,0.000000,0.223457,0.051570,0.000000,0.052301,0.000000,0,
0.352186,0.000000,0.120300,0.000000,0.055879,0.000000,0.471634,0.000000,0.000000,0.000000,6,
0.113334,0.000000,0.000000,0.308129,0.000000,0.578537,0.000000,0.000000,0.000000,0.000000,3,
0.000000,0.000000,0.000000,0.000000,0.101428,0.000000,0.000000,0.000000,0.331395,0.567178,8,
0.113517,0.000000,0.000000,0.000000,0.053815,0.183895,0.107789,0.000000,0.540983,0.000000,5,
0.051924,0.000000,0.000000,0.000000,0.892568,0.000000,0.000000,0.000000,0.000000,0.055508,4,
0.000000,0.000000,0.000000,0.000000,0.000000,0.000000,0.000000,1.000000,0.000000,0.000000,7,
0.410121,0.000000,0.119227,0.411383,0.000000,0.000000,0.000000,0.000000,0.059268,0.000000,0,
0.000000,0.000000,0.000000,0.000000,0.000000,0.000000,1.000000,0.000000,0.000000,0.000000,6,
0.944301,0.000000,0.000000,0.000000,0.000000,0.000000,0.000000,0.000000,0.055699,0.000000,0,
0.000000,0.000000,0.000000,0.000000,0.232275,0.185815,0.000000,0.057064,0.122389,0.402458,4,
0.000000,0.054048,0.588283,0.357669,0.000000,0.000000,0.000000,0.000000,0.000000,0.000000,2,
0.000000,0.000000,0.000000,0.000000,0.000000,0.000000,0.000000,0.868284,0.000000,0.131716,9,
0.000000,0.000000,0.000000,0.000000,0.000000,0.000000,1.000000,0.000000,0.000000,0.000000,6,
0.000000,1.000000,0.000000,0.000000,0.000000,0.000000,0.000000,0.000000,0.000000,0.000000,1,
0.000000,0.000000,0.000000,0.000000,0.000000,0.000000,0.000000,0.737606,0.000000,0.262394,7,
0.000000,0.000000,0.000000,0.000000,0.638427,0.000000,0.300279,0.000000,0.000000,0.061294,4,
0.000000,0.000000,0.000000,0.596764,0.000000,0.057390,0.000000,0.345847,0.000000,0.000000,3,
0.000000,0.000000,0.000000,0.000000,0.000000,1.000000,0.000000,0.000000,0.000000,0.000000,5,
0.944838,0.000000,0.000000,0.000000,0.000000,0.000000,0.055162,0.000000,0.000000,0.000000,0,
0.000000,0.000000,0.000000,0.000000,0.000000,0.054155,0.000000,0.000000,0.945845,0.000000,8,
0.000000,0.000000,0.219213,0.439726,0.000000,0.223596,0.000000,0.000000,0.117465,0.000000,3,
0.000000,0.000000,0.000000,0.057693,0.000000,0.756839,0.000000,0.055008,0.000000,0.130459,5,
0.000000,0.000000,0.883959,0.116041,0.000000,0.000000,0.000000,0.000000,0.000000,0.000000,3,
0.000000,1.000000,0.000000,0.000000,0.000000,0.000000,0.000000,0.000000,0.000000,0.000000,1,
0.000000,0.000000,0.000000,0.000000,0.000000,0.000000,1.000000,0.000000,0.000000,0.000000,6,
0.445692,0.000000,0.000000,0.000000,0.000000,0.000000,0.000000,0.000000,0.554308,0.000000,8,
0.000000,0.000000,0.173591,0.000000,0.000000,0.000000,0.826409,0.000000,0.000000,0.000000,6,
0.000000,0.000000,0.000000,0.000000,0.297502,0.000000,0.511813,0.000000,0.190685,0.000000,0,
0.059114,0.000000,0.000000,0.000000,0.000000,0.160755,0.000000,0.000000,0.667174,0.112957,8,
0.000000,0.000000,0.000000,0.000000,0.000000,0.000000,1.000000,0.000000,0.000000,0.000000,6,
0.000000,0.000000,0.000000,0.000000,0.000000,0.000000,0.000000,0.934698,0.000000,0.065302,7,
0.000000,0.000000,0.000000,0.828980,0.000000,0.171020,0.000000,0.000000,0.000000,0.000000,3,
0.000000,0.000000,0.000000,0.000000,0.050454,0.000000,0.000000,0.103968,0.000000,0.845578,9,
0.000000,0.000000,0.121341,0.826494,0.000000,0.000000,0.000000,0.052165,0.000000,0.000000,7,
0.185807,0.000000,0.000000,0.000000,0.000000,0.000000,0.000000,0.000000,0.814193,0.000000,8,
0.000000,0.000000,0.000000,0.000000,0.118862,0.412265,0.064487,0.000000,0.281185,0.123201,5,
0.371260,0.000000,0.000000,0.000000,0.171630,0.349627,0.000000,0.000000,0.054963,0.052519,0,
0.000000,0.000000,0.000000,0.000000,0.000000,0.000000,1.000000,0.000000,0.000000,0.000000,6,
0.055714,0.000000,0.000000,0.592060,0.000000,0.295490,0.000000,0.000000,0.056736,0.000000,3,
1.000000,0.000000,0.000000,0.000000,0.000000,0.000000,0.000000,0.000000,0.000000,0.000000,0,
0.056222,0.000000,0.245232,0.586101,0.000000,0.000000,0.000000,0.000000,0.112445,0.000000,3,
0.000000,0.000000,0.000000,0.944809,0.000000,0.055191,0.000000,0.000000,0.000000,0.000000,3,
0.000000,0.000000,0.000000,0.055652,0.470639,0.000000,0.000000,0.000000,0.000000,0.473708,9,
0.000000,0.000000,0.000000,0.000000,0.000000,0.000000,1.000000,0.000000,0.000000,0.000000,6,
0.000000,0.000000,0.000000,0.000000,0.000000,0.000000,0.000000,1.000000,0.000000,0.000000,7,
0.000000,0.000000,0.000000,0.000000,0.000000,1.000000,0.000000,0.000000,0.000000,0.000000,5,
0.168115,0.000000,0.000000,0.000000,0.397788,0.000000,0.000000,0.000000,0.250557,0.183541,8,
0.000000,0.000000,0.000000,0.000000,0.000000,0.308697,0.636224,0.000000,0.055080,0.000000,6,
0.056244,0.000000,0.000000,0.000000,0.099583,0.056244,0.000000,0.000000,0.628954,0.158975,8,
0.000000,0.000000,0.000000,0.000000,0.052028,0.000000,0.000000,0.947972,0.000000,0.000000,7,
0.000000,1.000000,0.000000,0.000000,0.000000,0.000000,0.000000,0.000000,0.000000,0.000000,1,
0.000000,0.000000,0.000000,0.184022,0.000000,0.700501,0.000000,0.115477,0.000000,0.000000,5,
0.000000,0.000000,0.000000,0.000000,0.469782,0.000000,0.000000,0.189810,0.056049,0.284358,7,
0.000000,1.000000,0.000000,0.000000,0.000000,0.000000,0.000000,0.000000,0.000000,0.000000,1,
0.000000,0.259504,0.000000,0.067995,0.104738,0.000000,0.000000,0.219134,0.055518,0.293111,4,
0.076124,0.000000,0.053828,0.000000,0.696687,0.000000,0.054986,0.000000,0.118376,0.000000,4,
0.238862,0.000000,0.000000,0.000000,0.000000,0.000000,0.000000,0.000000,0.653416,0.107722,8,
0.000000,0.000000,0.000000,0.000000,0.000000,0.000000,1.000000,0.000000,0.000000,0.000000,6,
0.000000,0.000000,1.000000,0.000000,0.000000,0.000000,0.000000,0.000000,0.000000,0.000000,2,
0.230961,0.000000,0.000000,0.000000,0.054681,0.000000,0.054682,0.000000,0.659676,0.000000,8,
0.000000,0.000000,0.000000,0.000000,0.490129,0.056159,0.000000,0.053277,0.000000,0.400435,4,
0.000000,0.000000,0.054150,0.000000,0.786072,0.000000,0.000000,0.108638,0.000000,0.051140,4,
0.051737,0.000000,0.000000,0.000000,0.000000,0.836347,0.000000,0.000000,0.111916,0.000000,5,
0.000000,0.000000,0.000000,0.120665,0.111345,0.000000,0.708152,0.000000,0.059838,0.000000,3,
0.000000,0.000000,0.062751,0.000000,0.415846,0.053643,0.237235,0.000000,0.059688,0.170837,3,
0.000000,0.000000,0.000000,0.000000,0.000000,0.949210,0.000000,0.000000,0.050790,0.000000,5,
0.000000,0.000000,0.000000,0.000000,0.052692,0.000000,0.000000,0.000000,0.000000,0.947308,9,
0.000000,0.000000,1.000000,0.000000,0.000000,0.000000,0.000000,0.000000,0.000000,0.000000,2,
0.422144,0.000000,0.000000,0.000000,0.000000,0.000000,0.000000,0.000000,0.458899,0.118957,0,
0.000000,0.000000,0.000000,0.000000,0.260860,0.000000,0.000000,0.051330,0.000000,0.687811,4,
0.175657,0.000000,0.000000,0.063573,0.000000,0.760769,0.000000,0.000000,0.000000,0.000000,0,
1.000000,0.000000,0.000000,0.000000,0.000000,0.000000,0.000000,0.000000,0.000000,0.000000,0,
0.162264,0.000000,0.000000,0.000000,0.054088,0.000000,0.068417,0.000000,0.371134,0.344098,7,
0.155346,0.000000,0.000000,0.052336,0.067564,0.516895,0.000000,0.050674,0.000000,0.157183,5,
0.436426,0.000000,0.054849,0.000000,0.300501,0.000000,0.000000,0.097237,0.000000,0.110988,4,
0.273097,0.000000,0.000000,0.065537,0.051812,0.000000,0.232564,0.055389,0.214402,0.107200,0,
0.000000,0.000000,1.000000,0.000000,0.000000,0.000000,0.000000,0.000000,0.000000,0.000000,2,
0.129974,0.000000,0.000000,0.053254,0.305838,0.102240,0.050987,0.048987,0.197288,0.111432,4,
1.000000,0.000000,0.000000,0.000000,0.000000,0.000000,0.000000,0.000000,0.000000,0.000000,0,
0.000000,0.000000,0.949722,0.050278,0.000000,0.000000,0.000000,0.000000,0.000000,0.000000,2,
0.000000,0.000000,0.669838,0.330162,0.000000,0.000000,0.000000,0.000000,0.000000,0.000000,2,
0.000000,0.698549,0.121863,0.000000,0.058898,0.000000,0.052680,0.000000,0.068010,0.000000,1,
0.048185,0.000000,0.681248,0.000000,0.000000,0.000000,0.270567,0.000000,0.000000,0.000000,5,
0.000000,0.000000,0.000000,0.000000,0.000000,0.890041,0.000000,0.000000,0.109959,0.000000,5,
0.000000,1.000000,0.000000,0.000000,0.000000,0.000000,0.000000,0.000000,0.000000,0.000000,1,
0.352678,0.000000,0.000000,0.184078,0.000000,0.407974,0.000000,0.000000,0.055270,0.000000,0,
0.114338,0.000000,0.054674,0.000000,0.000000,0.000000,0.000000,0.000000,0.830988,0.000000,8,
0.000000,0.000000,0.055582,0.000000,0.000000,0.000000,0.944418,0.000000,0.000000,0.000000,6,
0.000000,0.000000,0.406515,0.000000,0.000000,0.000000,0.593485,0.000000,0.000000,0.000000,6,
0.000000,0.665664,0.000000,0.280509,0.000000,0.000000,0.000000,0.000000,0.053828,0.000000,3,
0.000000,0.000000,0.000000,0.000000,0.000000,0.054099,0.000000,0.777035,0.000000,0.168866,7,
0.121184,0.000000,0.000000,0.000000,0.347683,0.105414,0.303931,0.065266,0.000000,0.056522,6,
0.000000,0.000000,0.000000,0.000000,0.624515,0.000000,0.000000,0.000000,0.049434,0.326052,4,
0.537891,0.000000,0.000000,0.000000,0.000000,0.347879,0.000000,0.114230,0.000000,0.000000,0,
0.063898,0.000000,0.000000,0.049007,0.109324,0.106896,0.049007,0.062357,0.502360,0.057152,8,
0.000000,0.000000,0.000000,0.000000,0.000000,0.000000,0.000000,1.000000,0.000000,0.000000,7,
0.053203,0.000000,0.053203,0.000000,0.426359,0.000000,0.000000,0.000000,0.000000,0.467235,4,
0.000000,0.831136,0.000000,0.057175,0.057175,0.054514,0.000000,0.000000,0.000000,0.000000,1,
0.000000,1.000000,0.000000,0.000000,0.000000,0.000000,0.000000,0.000000,0.000000,0.000000,1,
0.000000,0.000000,0.000000,0.000000,0.000000,0.935657,0.000000,0.000000,0.064343,0.000000,5,
0.000000,0.000000,0.000000,0.000000,0.235649,0.575529,0.000000,0.188823,0.000000,0.000000,4,
0.000000,1.000000,0.000000,0.000000,0.000000,0.000000,0.000000,0.000000,0.000000,0.000000,1,
0.349965,0.000000,0.000000,0.000000,0.000000,0.422955,0.000000,0.000000,0.227080,0.000000,0,
0.050388,0.000000,0.000000,0.820454,0.000000,0.129158,0.000000,0.000000,0.000000,0.000000,3,
1.000000,0.000000,0.000000,0.000000,0.000000,0.000000,0.000000,0.000000,0.000000,0.000000,0,
0.000000,0.000000,0.000000,0.000000,0.156570,0.052113,0.000000,0.000000,0.112849,0.678468,9,
0.000000,0.000000,0.242278,0.000000,0.056972,0.000000,0.700751,0.000000,0.000000,0.000000,6,
0.000000,0.000000,0.000000,0.000000,0.000000,0.000000,0.000000,0.882839,0.000000,0.117161,7,
0.000000,0.000000,0.000000,0.000000,0.614247,0.053193,0.279368,0.000000,0.000000,0.053193,4,
0.000000,0.000000,0.000000,0.000000,0.000000,0.000000,1.000000,0.000000,0.000000,0.000000,6,
0.000000,0.116420,0.000000,0.404648,0.000000,0.000000,0.000000,0.478932,0.000000,0.000000,3,
0.000000,1.000000,0.000000,0.000000,0.000000,0.000000,0.000000,0.000000,0.000000,0.000000,1,
0.000000,1.000000,0.000000,0.000000,0.000000,0.000000,0.000000,0.000000,0.000000,0.000000,1,
0.000000,0.000000,0.054750,0.895564,0.000000,0.049686,0.000000,0.000000,0.000000,0.000000,3,
0.000000,0.000000,0.000000,0.000000,0.717226,0.000000,0.000000,0.000000,0.000000,0.282774,4,
0.000000,0.000000,0.000000,0.000000,0.607205,0.049143,0.000000,0.000000,0.112487,0.231164,8,
0.240289,0.000000,0.052937,0.067717,0.160610,0.109085,0.062290,0.000000,0.307071,0.000000,5,
0.112846,0.828557,0.000000,0.000000,0.058597,0.000000,0.000000,0.000000,0.000000,0.000000,1,
0.061335,0.051317,0.000000,0.054093,0.446857,0.112653,0.000000,0.111467,0.108185,0.054093,4,
0.127118,0.000000,0.000000,0.000000,0.106974,0.113134,0.000000,0.000000,0.597502,0.055272,8,
0.341039,0.000000,0.000000,0.000000,0.000000,0.000000,0.055647,0.000000,0.603314,0.000000,0,
0.130938,0.000000,0.000000,0.000000,0.235035,0.000000,0.234216,0.000000,0.227864,0.171947,2,
0.000000,1.000000,0.000000,0.000000,0.000000,0.000000,0.000000,0.000000,0.000000,0.000000,1,
0.000000,0.000000,0.948354,0.000000,0.000000,0.000000,0.000000,0.000000,0.051646,0.000000,2,
0.000000,0.000000,0.000000,0.000000,0.000000,0.000000,0.000000,0.111269,0.054566,0.834165,9,
0.000000,0.000000,0.000000,0.000000,0.000000,0.334496,0.000000,0.291237,0.136394,0.237873,7,
0.238173,0.000000,0.061121,0.059716,0.000000,0.000000,0.000000,0.000000,0.640991,0.000000,6,
0.000000,0.000000,0.370392,0.000000,0.234380,0.000000,0.337192,0.058036,0.000000,0.000000,4,
0.000000,1.000000,0.000000,0.000000,0.000000,0.000000,0.000000,0.000000,0.000000,0.000000,1,
0.262661,0.165582,0.000000,0.000000,0.122180,0.053759,0.060104,0.000000,0.225288,0.110426,0,
0.000000,1.000000,0.000000,0.000000,0.000000,0.000000,0.000000,0.000000,0.000000,0.000000,1,
0.054787,0.000000,0.000000,0.176149,0.067546,0.232018,0.000000,0.245160,0.163681,0.060658,8,
0.174564,0.000000,0.000000,0.071586,0.000000,0.000000,0.753850,0.000000,0.000000,0.000000,6,
0.000000,0.000000,0.551385,0.000000,0.337128,0.000000,0.000000,0.000000,0.000000,0.111487,2,
0.000000,0.000000,0.113918,0.886082,0.000000,0.000000,0.000000,0.000000,0.000000,0.000000,3,
0.000000,0.000000,1.000000,0.000000,0.000000,0.000000,0.000000,0.000000,0.000000,0.000000,2,
0.000000,1.000000,0.000000,0.000000,0.000000,0.000000,0.000000,0.000000,0.000000,0.000000,1,
0.000000,0.000000,1.000000,0.000000,0.000000,0.000000,0.000000,0.000000,0.000000,0.000000,2,
0.000000,0.000000,0.000000,0.000000,0.000000,0.000000,1.000000,0.000000,0.000000,0.000000,6,
0.000000,0.000000,0.000000,0.067577,0.053424,0.118801,0.000000,0.061689,0.050368,0.648140,4,
0.000000,0.000000,0.063552,0.776340,0.000000,0.102092,0.000000,0.000000,0.000000,0.058015,3,
0.000000,0.000000,0.479318,0.000000,0.114568,0.000000,0.353079,0.000000,0.000000,0.053034,2,
0.060227,0.057663,0.313435,0.000000,0.000000,0.000000,0.568675,0.000000,0.000000,0.000000,2,
0.000000,0.000000,1.000000,0.000000,0.000000,0.000000,0.000000,0.000000,0.000000,0.000000,2,
0.000000,0.000000,0.000000,0.056318,0.089047,0.056318,0.000000,0.140459,0.051411,0.606446,9,
0.000000,0.000000,0.000000,1.000000,0.000000,0.000000,0.000000,0.000000,0.000000,0.000000,3,
0.121907,0.000000,0.000000,0.000000,0.000000,0.365319,0.000000,0.000000,0.512774,0.000000,0,
0.000000,1.000000,0.000000,0.000000,0.000000,0.000000,0.000000,0.000000,0.000000,0.000000,1,
0.057056,0.000000,0.000000,0.000000,0.120881,0.057056,0.057056,0.168370,0.000000,0.539581,9,
0.641054,0.000000,0.000000,0.000000,0.110473,0.000000,0.248473,0.000000,0.000000,0.000000,0,
0.000000,0.000000,0.055575,0.000000,0.051737,0.604400,0.051738,0.000000,0.236551,0.000000,9,
0.000000,0.000000,0.000000,0.000000,0.000000,0.000000,0.000000,1.000000,0.000000,0.000000,7,
0.000000,0.000000,0.053742,0.946258,0.000000,0.000000,0.000000,0.000000,0.000000,0.000000,3,
0.178175,0.000000,0.000000,0.000000,0.055983,0.110069,0.000000,0.000000,0.333764,0.322009,4,
0.000000,0.000000,0.000000,0.000000,0.000000,0.000000,1.000000,0.000000,0.000000,0.000000,6,
0.000000,1.000000,0.000000,0.000000,0.000000,0.000000,0.000000,0.000000,0.000000,0.000000,1,
0.054077,0.000000,0.000000,0.000000,0.495875,0.054077,0.000000,0.166361,0.000000,0.229610,5,
0.000000,0.000000,0.722426,0.000000,0.000000,0.000000,0.223627,0.000000,0.053948,0.000000,2,
0.000000,0.000000,0.000000,0.058562,0.000000,0.941438,0.000000,0.000000,0.000000,0.000000,5,
0.000000,0.000000,0.000000,0.327317,0.000000,0.368724,0.000000,0.000000,0.051058,0.252901,3,
0.000000,0.000000,0.000000,0.000000,0.000000,0.000000,1.000000,0.000000,0.000000,0.000000,6,
0.530857,0.000000,0.000000,0.000000,0.102635,0.000000,0.052668,0.000000,0.064505,0.249335,9,
0.281963,0.000000,0.057138,0.000000,0.000000,0.129359,0.000000,0.000000,0.531541,0.000000,8,
0.000000,0.000000,0.000000,0.000000,0.000000,0.000000,0.000000,1.000000,0.000000,0.000000,7,
0.760428,0.000000,0.000000,0.063078,0.000000,0.060604,0.000000,0.000000,0.056419,0.059471,0,
0.000000,0.000000,0.770095,0.000000,0.050981,0.000000,0.178924,0.000000,0.000000,0.000000,2,
0.000000,0.000000,0.000000,0.000000,0.099572,0.000000,0.000000,0.060691,0.000000,0.839737,9,
0.655230,0.000000,0.056486,0.000000,0.000000,0.288284,0.000000,0.000000,0.000000,0.000000,0,
0.397616,0.000000,0.000000,0.000000,0.241829,0.000000,0.171476,0.000000,0.118392,0.070687,6,
0.000000,0.126412,0.216512,0.000000,0.051575,0.000000,0.532564,0.000000,0.000000,0.072937,6,
0.000000,0.000000,0.000000,0.000000,0.000000,0.000000,0.000000,0.482772,0.000000,0.517228,9,
0.058911,0.000000,0.283094,0.000000,0.000000,0.000000,0.657994,0.000000,0.000000,0.000000,6,
0.183030,0.000000,0.060507,0.000000,0.168160,0.000000,0.000000,0.000000,0.414870,0.173432,0,
0.053340,0.000000,0.000000,0.053340,0.057023,0.000000,0.836298,0.000000,0.000000,0.000000,2,
0.052712,0.000000,0.000000,0.000000,0.000000,0.000000,0.057174,0.000000,0.890115,0.000000,8,
0.000000,1.000000,0.000000,0.000000,0.000000,0.000000,0.000000,0.000000,0.000000,0.000000,1,
0.000000,0.000000,0.000000,0.000000,0.831703,0.000000,0.059458,0.000000,0.000000,0.108839,4,
0.000000,0.487485,0.054766,0.000000,0.000000,0.101675,0.275700,0.000000,0.080374,0.000000,1,
0.000000,0.000000,1.000000,0.000000,0.000000,0.000000,0.000000,0.000000,0.000000,0.000000,2,
0.000000,0.281559,0.000000,0.661363,0.000000,0.057079,0.000000,0.000000,0.000000,0.000000,5,
0.000000,0.000000,0.000000,0.000000,1.000000,0.000000,0.000000,0.000000,0.000000,0.000000,4,
0.476245,0.000000,0.000000,0.053833,0.000000,0.000000,0.000000,0.000000,0.289625,0.180297,8,
0.049188,0.000000,0.000000,0.046899,0.000000,0.653847,0.000000,0.093798,0.109368,0.046899,5,
0.000000,0.000000,0.000000,0.000000,0.000000,0.000000,0.000000,0.639036,0.000000,0.360964,9,
0.000000,1.000000,0.000000,0.000000,0.000000,0.000000,0.000000,0.000000,0.000000,0.000000,1,
0.000000,0.000000,0.000000,0.111382,0.408044,0.000000,0.000000,0.183912,0.058409,0.238253,9,
0.000000,0.000000,0.479181,0.000000,0.111276,0.000000,0.409543,0.000000,0.000000,0.000000,6,
0.000000,0.000000,0.000000,0.000000,0.000000,0.941206,0.000000,0.000000,0.058794,0.000000,5,
0.067103,0.000000,0.000000,0.177515,0.000000,0.646615,0.000000,0.000000,0.108767,0.000000,3,
0.000000,0.000000,0.000000,0.000000,0.000000,0.000000,1.000000,0.000000,0.000000,0.000000,6,
0.000000,0.000000,1.000000,0.000000,0.000000,0.000000,0.000000,0.000000,0.000000,0.000000,2,
0.235324,0.000000,0.054495,0.349815,0.000000,0.303311,0.000000,0.000000,0.057055,0.000000,5,
0.000000,0.000000,0.000000,0.000000,0.127949,0.000000,0.000000,0.050622,0.000000,0.821429,9,
0.000000,0.000000,0.000000,0.088704,0.102427,0.051214,0.000000,0.597802,0.000000,0.159853,7,
0.000000,0.000000,0.000000,0.000000,0.000000,0.000000,1.000000,0.000000,0.000000,0.000000,6,
0.000000,0.000000,0.000000,0.000000,0.293121,0.000000,0.706879,0.000000,0.000000,0.000000,6,
0.246745,0.000000,0.058189,0.000000,0.227398,0.055906,0.058189,0.000000,0.297666,0.055907,2,
0.000000,0.000000,0.000000,0.000000,0.046754,0.000000,0.000000,0.315321,0.000000,0.637924,9,
0.946194,0.000000,0.000000,0.000000,0.000000,0.053806,0.000000,0.000000,0.000000,0.000000,0,
0.175782,0.000000,0.000000,0.054094,0.171990,0.179004,0.000000,0.179350,0.116136,0.123643,4,
0.000000,0.000000,0.000000,0.000000,0.057616,0.000000,0.000000,0.447650,0.000000,0.494734,9,
0.000000,0.000000,0.000000,0.000000,0.000000,0.000000,0.000000,0.000000,0.000000,1.000000,7,
0.000000,0.000000,0.000000,0.000000,0.053327,0.000000,0.946673,0.000000,0.000000,0.000000,6,
0.000000,0.000000,0.000000,0.000000,0.000000,0.000000,0.000000,0.738956,0.000000,0.261044,7,
0.947746,0.000000,0.000000,0.000000,0.000000,0.052254,0.000000,0.000000,0.000000,0.000000,0,
0.332356,0.000000,0.000000,0.118768,0.000000,0.000000,0.000000,0.059252,0.432527,0.057097,8,
0.000000,0.533358,0.000000,0.055935,0.061274,0.000000,0.000000,0.288158,0.000000,0.061274,9,
0.000000,0.000000,0.000000,0.000000,0.000000,0.000000,0.000000,1.000000,0.000000,0.000000,7,
0.058225,0.000000,0.583539,0.178614,0.000000,0.000000,0.000000,0.000000,0.179622,0.000000,2,
0.000000,0.000000,0.000000,0.000000,0.000000,0.000000,1.000000,0.000000,0.000000,0.000000,6,
0.000000,0.941569,0.000000,0.058431,0.000000,0.000000,0.000000,0.000000,0.000000,0.000000,1,
0.000000,1.000000,0.000000,0.000000,0.000000,0.000000,0.000000,0.000000,0.000000,0.000000,1,
1.000000,0.000000,0.000000,0.000000,0.000000,0.000000,0.000000,0.000000,0.000000,0.000000,0,
0.000000,0.000000,0.000000,0.000000,0.051634,0.000000,0.000000,0.848854,0.000000,0.099512,7,
0.297410,0.000000,0.000000,0.000000,0.000000,0.000000,0.000000,0.000000,0.461100,0.241489,0,
0.000000,0.000000,0.171739,0.000000,0.170916,0.000000,0.228852,0.000000,0.171135,0.257358,9,
0.000000,0.000000,0.000000,0.000000,0.000000,1.000000,0.000000,0.000000,0.000000,0.000000,5,
0.000000,0.000000,0.000000,0.866976,0.000000,0.058904,0.000000,0.000000,0.074120,0.000000,3,
0.000000,1.000000,0.000000,0.000000,0.000000,0.000000,0.000000,0.000000,0.000000,0.000000,1,
0.000000,0.000000,0.435128,0.000000,0.000000,0.000000,0.564872,0.000000,0.000000,0.000000,6,
0.122082,0.000000,0.054967,0.000000,0.477800,0.000000,0.114086,0.000000,0.000000,0.231064,4,
0.000000,1.000000,0.000000,0.000000,0.000000,0.000000,0.000000,0.000000,0.000000,0.000000,1,
0.399231,0.000000,0.000000,0.000000,0.000000,0.000000,0.160818,0.000000,0.332739,0.107212,8,
0.000000,0.000000,0.000000,0.000000,0.544342,0.000000,0.000000,0.000000,0.062752,0.392906,9,
0.000000,0.000000,0.000000,0.000000,0.000000,1.000000,0.000000,0.000000,0.000000,0.000000,5,
0.000000,1.000000,0.000000,0.000000,0.000000,0.000000,0.000000,0.000000,0.000000,0.000000,1,
0.000000,0.000000,0.000000,0.000000,1.000000,0.000000,0.000000,0.000000,0.000000,0.000000,4,
0.000000,0.000000,0.000000,0.162253,0.107368,0.075472,0.000000,0.157050,0.000000,0.497858,9,
0.000000,0.000000,0.000000,0.000000,1.000000,0.000000,0.000000,0.000000,0.000000,0.000000,4,
0.056363,0.000000,0.000000,0.000000,0.000000,0.000000,0.000000,0.345006,0.053139,0.545492,9,
0.939903,0.000000,0.000000,0.000000,0.000000,0.000000,0.000000,0.000000,0.060097,0.000000,0,
0.059383,0.000000,0.876986,0.063631,0.000000,0.000000,0.000000,0.000000,0.000000,0.000000,2,
0.000000,0.000000,0.056561,0.000000,0.000000,0.000000,0.943439,0.000000,0.000000,0.000000,6,
0.000000,0.000000,0.000000,0.000000,0.363360,0.000000,0.000000,0.054132,0.178104,0.404404,8,
0.000000,0.000000,0.000000,0.000000,0.000000,0.248413,0.000000,0.000000,0.684130,0.067457,8,
0.000000,1.000000,0.000000,0.000000,0.000000,0.000000,0.000000,0.000000,0.000000,0.000000,1,
0.147876,0.000000,0.570214,0.000000,0.227264,0.000000,0.000000,0.000000,0.000000,0.054646,0,
0.000000,1.000000,0.000000,0.000000,0.000000,0.000000,0.000000,0.000000,0.000000,0.000000,1,
0.054591,0.000000,0.169369,0.000000,0.000000,0.000000,0.776040,0.000000,0.000000,0.000000,6,
1.000000,0.000000,0.000000,0.000000,0.000000,0.000000,0.000000,0.000000,0.000000,0.000000,0,
0.000000,0.000000,0.000000,0.000000,0.458477,0.000000,0.541523,0.000000,0.000000,0.000000,4,
0.824812,0.000000,0.175188,0.000000,0.000000,0.000000,0.000000,0.000000,0.000000,0.000000,0,
0.000000,0.000000,0.000000,0.000000,0.000000,0.000000,0.000000,1.000000,0.000000,0.000000,7,
0.000000,0.061853,0.055323,0.055323,0.390757,0.175492,0.061853,0.137545,0.000000,0.061853,9,
0.000000,0.000000,0.000000,0.000000,0.000000,0.000000,0.000000,1.000000,0.000000,0.000000,7,
0.000000,0.000000,0.000000,0.000000,0.249889,0.000000,0.000000,0.567295,0.000000,0.182816,4,
0.432847,0.000000,0.118317,0.000000,0.220546,0.000000,0.000000,0.000000,0.166899,0.061392,0,
0.000000,0.000000,0.000000,0.048598,0.050582,0.000000,0.000000,0.688836,0.000000,0.211984,7,
0.236819,0.000000,0.000000,0.054391,0.000000,0.000000,0.000000,0.000000,0.708789,0.000000,8,
0.050222,0.000000,0.000000,0.174999,0.000000,0.472546,0.000000,0.000000,0.302233,0.000000,5,
0.296847,0.000000,0.000000,0.703153,0.000000,0.000000,0.000000,0.000000,0.000000,0.000000,3,
0.000000,0.000000,0.000000,0.829368,0.000000,0.170632,0.000000,0.000000,0.000000,0.000000,3,
0.000000,0.000000,0.940013,0.000000,0.000000,0.000000,0.059987,0.000000,0.000000,0.000000,2,
0.288416,0.000000,0.000000,0.000000,0.000000,0.000000,0.000000,0.000000,0.711584,0.000000,8,
0.000000,0.840300,0.000000,0.000000,0.102848,0.000000,0.000000,0.000000,0.000000,0.056852,1,
0.560657,0.000000,0.000000,0.000000,0.000000,0.000000,0.000000,0.000000,0.439343,0.000000,8,
0.883190,0.000000,0.000000,0.000000,0.000000,0.000000,0.116810,0.000000,0.000000,0.000000,0,
0.000000,1.000000,0.000000,0.000000,0.000000,0.000000,0.000000,0.000000,0.000000,0.000000,1,
0.000000,0.000000,0.000000,0.000000,0.134148,0.055811,0.000000,0.053781,0.109592,0.646668,9,
0.171166,0.000000,0.125207,0.053459,0.362552,0.000000,0.000000,0.000000,0.115484,0.172133,2,
0.058523,0.000000,0.000000,0.174134,0.055667,0.057768,0.113435,0.114865,0.369266,0.056342,7,
0.000000,1.000000,0.000000,0.000000,0.000000,0.000000,0.000000,0.000000,0.000000,0.000000,1,
0.000000,0.000000,0.000000,0.309582,0.172052,0.406784,0.000000,0.055302,0.056280,0.000000,5,
0.000000,0.000000,0.000000,0.000000,0.321092,0.056313,0.000000,0.127544,0.000000,0.495050,9,
0.000000,0.000000,1.000000,0.000000,0.000000,0.000000,0.000000,0.000000,0.000000,0.000000,2,
0.000000,0.000000,0.000000,0.000000,0.355478,0.000000,0.000000,0.000000,0.000000,0.644522,9,
0.366696,0.000000,0.000000,0.000000,0.171719,0.000000,0.053145,0.000000,0.296731,0.111708,0,
0.000000,0.000000,0.000000,0.000000,0.000000,0.000000,0.000000,0.684792,0.000000,0.315208,7,
0.228856,0.000000,0.000000,0.409734,0.000000,0.193826,0.000000,0.000000,0.167585,0.000000,8,
0.000000,0.000000,0.000000,0.000000,0.111110,0.000000,0.888890,0.000000,0.000000,0.000000,6,
0.000000,0.000000,0.000000,0.000000,0.472944,0.000000,0.000000,0.000000,0.061746,0.465310,4,
0.514231,0.000000,0.000000,0.000000,0.414563,0.000000,0.071206,0.000000,0.000000,0.000000,4,
0.000000,0.000000,0.000000,0.054426,0.231094,0.054426,0.000000,0.488307,0.000000,0.171747,9,
0.000000,0.000000,0.059821,0.000000,0.588892,0.221106,0.000000,0.000000,0.053922,0.076258,4,
0.129903,0.000000,0.000000,0.000000,0.637618,0.232479,0.000000,0.000000,0.000000,0.000000,4,
0.000000,0.936444,0.000000,0.000000,0.000000,0.000000,0.000000,0.063556,0.000000,0.000000,1,
0.000000,0.000000,0.000000,0.000000,0.113454,0.000000,0.000000,0.294912,0.056727,0.534907,4,
0.102848,0.000000,0.000000,0.102847,0.000000,0.000000,0.000000,0.000000,0.746696,0.047609,8,
0.000000,0.000000,0.055014,0.000000,0.699116,0.000000,0.000000,0.052856,0.072030,0.120985,9,
0.000000,0.946270,0.000000,0.000000,0.000000,0.000000,0.000000,0.053730,0.000000,0.000000,1,
0.000000,0.000000,0.000000,0.000000,0.000000,0.000000,0.000000,0.943481,0.000000,0.056519,7,
0.057567,0.000000,0.886488,0.055945,0.000000,0.000000,0.000000,0.000000,0.000000,0.000000,2,
1.000000,0.000000,0.000000,0.000000,0.000000,0.000000,0.000000,0.000000,0.000000,0.000000,0,
0.000000,0.000000,0.000000,0.503574,0.000000,0.108202,0.000000,0.000000,0.220069,0.168155,3,
0.156207,0.000000,0.000000,0.000000,0.273280,0.284949,0.000000,0.121235,0.114835,0.049493,5,
0.938878,0.000000,0.061122,0.000000,0.000000,0.000000,0.000000,0.000000,0.000000,0.000000,0,
0.106183,0.000000,0.000000,0.000000,0.000000,0.000000,0.000000,0.000000,0.893817,0.000000,8,
0.000000,0.000000,0.000000,0.000000,0.418742,0.056295,0.000000,0.000000,0.067285,0.457679,4,
0.000000,0.000000,0.000000,0.000000,0.000000,0.000000,1.000000,0.000000,0.000000,0.000000,6,
0.172756,0.000000,0.000000,0.000000,0.000000,0.000000,0.053045,0.000000,0.774199,0.000000,8,
0.743578,0.000000,0.000000,0.000000,0.000000,0.062990,0.000000,0.193432,0.000000,0.000000,0,
0.000000,0.049060,0.000000,0.000000,0.792177,0.000000,0.158762,0.000000,0.000000,0.000000,4,
0.000000,0.000000,1.000000,0.000000,0.000000,0.000000,0.000000,0.000000,0.000000,0.000000,2,
0.000000,0.000000,0.000000,0.000000,0.000000,0.000000,0.000000,0.941250,0.000000,0.058750,7,
0.236723,0.000000,0.000000,0.000000,0.000000,0.055447,0.000000,0.000000,0.707830,0.000000,8,
1.000000,0.000000,0.000000,0.000000,0.000000,0.000000,0.000000,0.000000,0.000000,0.000000,0,
0.000000,0.000000,0.000000,0.000000,0.000000,0.000000,1.000000,0.000000,0.000000,0.000000,6,
0.000000,0.000000,0.121591,0.000000,0.521181,0.197402,0.060696,0.000000,0.099130,0.000000,4,
0.000000,0.000000,0.000000,0.832591,0.000000,0.058576,0.000000,0.000000,0.108834,0.000000,3,
0.450158,0.000000,0.000000,0.000000,0.000000,0.000000,0.000000,0.000000,0.549842,0.000000,8,
0.000000,0.000000,0.000000,1.000000,0.000000,0.000000,0.000000,0.000000,0.000000,0.000000,3,
0.526973,0.000000,0.054036,0.057314,0.000000,0.054802,0.000000,0.064843,0.117620,0.124412,0,
0.000000,0.000000,0.165791,0.000000,0.674437,0.000000,0.159772,0.000000,0.000000,0.000000,4,
