0, 1, 2, 3, 4, 5, 6, 7, 8, 9, True
0.526140,0.000000,0.140447,0.046974,0.001537,0.122905,0.006766,0.000001,0.155160,0.000070,8,
0.000506,0.007505,0.000053,0.004086,0.020702,0.005330,0.000049,0.738113,0.004224,0.219431,7,
0.015201,0.244782,0.374292,0.265325,0.025915,0.028838,0.014916,0.004226,0.021452,0.005053,3,
0.000360,0.952468,0.018181,0.014454,0.005655,0.001254,0.001435,0.003371,0.000846,0.001975,1,
0.002043,0.054030,0.644137,0.001803,0.016416,0.001218,0.278975,0.000006,0.001111,0.000261,2,
0.006429,0.008314,0.001011,0.051089,0.046582,0.041411,0.000322,0.581951,0.033431,0.229459,7,
0.002991,0.744448,0.134819,0.021869,0.044591,0.006187,0.030141,0.002607,0.004794,0.007553,1,
0.009622,0.000715,0.932384,0.021924,0.001482,0.004081,0.026127,0.000001,0.003641,0.000024,2,
0.016876,0.004626,0.002408,0.062222,0.089645,0.081322,0.001044,0.370176,0.070129,0.301552,7,
0.002277,0.000441,0.000058,0.018230,0.011673,0.020486,0.000020,0.766682,0.016807,0.163327,7,
0.260890,0.000000,0.004147,0.007583,0.091686,0.241919,0.010107,0.001238,0.322575,0.059856,5,
0.003391,0.001681,0.959732,0.019491,0.000491,0.001489,0.012492,0.000001,0.001225,0.000006,2,
0.217745,0.000000,0.001272,0.062549,0.009269,0.320636,0.000251,0.003928,0.366943,0.017405,8,
0.001050,0.002344,0.000068,0.021567,0.007520,0.011090,0.000014,0.848889,0.008347,0.099110,9,
0.100621,0.000345,0.054150,0.496081,0.013778,0.170595,0.001881,0.006147,0.148523,0.007879,2,
0.317500,0.000001,0.019590,0.040140,0.032691,0.259931,0.007650,0.000603,0.309415,0.012479,8,
0.009602,0.075937,0.018459,0.007163,0.465929,0.025854,0.053939,0.035765,0.024269,0.283084,4,
0.000141,0.964159,0.009699,0.001055,0.013862,0.000411,0.006086,0.001110,0.000310,0.003167,1,
0.000172,0.948885,0.003451,0.021079,0.002689,0.001048,0.000156,0.019083,0.000651,0.002786,1,
0.059527,0.000929,0.026654,0.596945,0.013030,0.146369,0.000807,0.022592,0.119868,0.013280,2,
0.004367,0.031462,0.001753,0.008609,0.189692,0.022143,0.003307,0.254848,0.019460,0.464359,9,
0.073823,0.002798,0.036174,0.036074,0.324827,0.136761,0.040969,0.021467,0.137848,0.189260,9,
0.006154,0.008907,0.001128,0.012580,0.135676,0.032245,0.001568,0.320967,0.028632,0.452143,7,
0.005404,0.001575,0.215205,0.000361,0.054858,0.002409,0.716402,0.000004,0.002736,0.001046,6,
0.008976,0.000921,0.000560,0.006063,0.152279,0.039881,0.001552,0.194662,0.039119,0.555988,9,
0.001303,0.137261,0.000960,0.006353,0.111164,0.008938,0.001406,0.382135,0.007216,0.343265,7,
0.003169,0.058742,0.818259,0.008599,0.008889,0.002211,0.098054,0.000013,0.001868,0.000196,2,
0.000100,0.967847,0.016849,0.000967,0.006507,0.000235,0.006207,0.000269,0.000174,0.000845,1,
0.139708,0.000151,0.060503,0.385424,0.016414,0.200145,0.002841,0.003757,0.183173,0.007883,3,
0.001048,0.193806,0.001049,0.064861,0.013737,0.009710,0.000101,0.644524,0.006517,0.064646,7,
0.260801,0.000000,0.025024,0.429525,0.000197,0.140617,0.000104,0.000015,0.143673,0.000044,0,
0.021142,0.001646,0.002560,0.013844,0.225066,0.072010,0.004991,0.121557,0.070864,0.466320,9,
0.109081,0.000002,0.155270,0.619048,0.000254,0.061135,0.000391,0.000012,0.054783,0.000025,5,
0.188372,0.000002,0.003419,0.072416,0.027863,0.313014,0.000993,0.009342,0.342230,0.042348,8,
0.031547,0.013424,0.051107,0.681735,0.016336,0.089975,0.001321,0.032964,0.067979,0.013614,3,
0.000485,0.001704,0.000024,0.009143,0.005643,0.005915,0.000007,0.875125,0.004466,0.097487,7,
0.136211,0.000001,0.000608,0.071585,0.016356,0.326596,0.000158,0.031032,0.352484,0.064971,8,
0.002547,0.000061,0.235421,0.000055,0.008969,0.000516,0.751742,0.000000,0.000646,0.000044,6,
0.073493,0.004517,0.118066,0.023697,0.351505,0.093195,0.152633,0.004180,0.096234,0.082479,4,
0.077604,0.000157,0.246283,0.540554,0.002456,0.070333,0.002251,0.000185,0.059825,0.000352,2,
0.002342,0.000080,0.057894,0.000022,0.037587,0.000702,0.899987,0.000000,0.000930,0.000455,6,
0.002341,0.672032,0.141222,0.162829,0.005238,0.005962,0.002459,0.002797,0.003932,0.001188,3,
0.008127,0.003040,0.289687,0.000920,0.066208,0.004167,0.621674,0.000011,0.004552,0.001614,6,
0.308397,0.000000,0.317980,0.178759,0.000750,0.091680,0.003539,0.000002,0.098860,0.000033,3,
0.412467,0.000000,0.027719,0.000272,0.053145,0.066874,0.316599,0.000001,0.121073,0.001851,0,
0.007865,0.001928,0.035056,0.000276,0.344401,0.006552,0.566361,0.000148,0.007826,0.029588,6,
0.170783,0.000000,0.001157,0.102828,0.009658,0.327429,0.000167,0.011216,0.351561,0.025199,5,
0.022748,0.001226,0.001775,0.033996,0.120028,0.094419,0.001465,0.247508,0.087928,0.388906,9,
0.154340,0.000420,0.047065,0.104002,0.122290,0.237801,0.017101,0.010775,0.239026,0.067179,0,
0.000699,0.000162,0.000008,0.002797,0.010108,0.007577,0.000009,0.749894,0.006528,0.222218,7,
0.001510,0.001638,0.000076,0.012544,0.016215,0.013946,0.000035,0.756066,0.011256,0.186714,7,
0.018397,0.000327,0.000596,0.024808,0.079216,0.086035,0.000529,0.308537,0.081472,0.400083,3,
0.255074,0.000000,0.007114,0.250492,0.001235,0.236331,0.000145,0.000293,0.248507,0.000808,0,
0.000974,0.908567,0.026334,0.023864,0.015916,0.003375,0.003166,0.008788,0.002379,0.006636,1,
0.174985,0.000419,0.284195,0.075520,0.083065,0.143017,0.078795,0.000632,0.148140,0.011232,5,
0.006155,0.000102,0.000163,0.000770,0.196266,0.022544,0.002116,0.066556,0.025291,0.680036,9,
0.107451,0.000027,0.005238,0.008741,0.255645,0.165632,0.017610,0.010059,0.197343,0.232254,9,
0.004838,0.000132,0.000066,0.019686,0.016679,0.036963,0.000029,0.664479,0.032306,0.224822,3,
0.312504,0.000001,0.111019,0.219328,0.002938,0.170908,0.002841,0.000046,0.180007,0.000407,2,
0.149164,0.000028,0.139790,0.004373,0.165171,0.071963,0.365668,0.000065,0.091979,0.011798,4,
0.010749,0.000079,0.000300,0.001137,0.228984,0.033682,0.003373,0.050327,0.038463,0.632906,9,
0.020652,0.000031,0.033961,0.895567,0.000166,0.028195,0.000049,0.000192,0.021130,0.000056,3,
0.016722,0.069783,0.013714,0.085087,0.167702,0.069526,0.005473,0.251271,0.057296,0.263426,9,
0.033706,0.000005,0.573628,0.001088,0.007858,0.006107,0.369820,0.000000,0.007728,0.000060,6,
0.023393,0.000006,0.000118,0.003148,0.104763,0.081327,0.000589,0.096448,0.093850,0.596357,8,
0.000083,0.981565,0.009932,0.004170,0.001849,0.000276,0.000737,0.000746,0.000181,0.000462,1,
0.074957,0.000007,0.002155,0.001765,0.348906,0.102785,0.025034,0.005070,0.134750,0.304571,4,
0.054043,0.000000,0.129788,0.000003,0.000474,0.000988,0.812517,0.000000,0.002187,0.000000,2,
0.030131,0.000633,0.083385,0.001305,0.291651,0.021139,0.522376,0.000154,0.025347,0.023881,6,
0.078658,0.000026,0.001398,0.152158,0.026329,0.262973,0.000242,0.120074,0.250175,0.107967,3,
0.075358,0.012596,0.075146,0.233379,0.133581,0.172574,0.014318,0.043314,0.150785,0.088949,3,
0.002871,0.704833,0.117504,0.141483,0.009282,0.007791,0.003328,0.005080,0.005274,0.002555,2,
0.123081,0.000468,0.023336,0.118169,0.113295,0.244130,0.007973,0.027674,0.238882,0.102992,0,
0.089432,0.000157,0.005009,0.114912,0.070818,0.247201,0.001564,0.081126,0.238717,0.151064,8,
0.359534,0.000000,0.012213,0.237452,0.000280,0.185236,0.000106,0.000016,0.205085,0.000079,0,
0.046943,0.001139,0.060745,0.713079,0.005838,0.090980,0.000873,0.005269,0.071999,0.003136,3,
0.022900,0.009207,0.637102,0.274762,0.004787,0.023248,0.009166,0.000189,0.018244,0.000394,2,
0.009094,0.000032,0.000096,0.001805,0.114213,0.038320,0.000617,0.130196,0.042140,0.663488,9,
0.008667,0.597436,0.103519,0.113640,0.066510,0.024954,0.013257,0.025424,0.018763,0.027830,1,
0.144391,0.000001,0.157373,0.001032,0.061276,0.034704,0.549461,0.000002,0.050185,0.001575,0,
0.052737,0.000104,0.184328,0.001754,0.125873,0.023454,0.577351,0.000022,0.029146,0.005232,6,
0.023986,0.005676,0.004787,0.217469,0.047258,0.113310,0.000632,0.349787,0.091727,0.145367,7,
0.000439,0.001717,0.959389,0.000857,0.000217,0.000115,0.037165,0.000000,0.000100,0.000001,2,
0.011026,0.000928,0.000588,0.119831,0.018180,0.071260,0.000076,0.588881,0.057495,0.131734,7,
0.003063,0.232447,0.004095,0.130897,0.026894,0.021594,0.000376,0.486408,0.014970,0.079255,9,
0.064366,0.006239,0.092102,0.024169,0.383619,0.092420,0.125412,0.006870,0.094111,0.110691,2,
0.004020,0.035776,0.009366,0.846959,0.001871,0.021083,0.000053,0.064211,0.013248,0.003413,3,
0.028386,0.000009,0.000141,0.013406,0.054416,0.121051,0.000196,0.221061,0.127540,0.433794,9,
0.251864,0.000000,0.000781,0.029922,0.008704,0.309075,0.000259,0.001812,0.382322,0.015261,5,
0.000455,0.003715,0.000036,0.012735,0.005230,0.005633,0.000008,0.888034,0.004108,0.080046,7,
0.503797,0.000000,0.013280,0.000261,0.051074,0.088502,0.175523,0.000001,0.164894,0.002668,0,
0.112217,0.000000,0.113356,0.000317,0.043852,0.020108,0.678016,0.000000,0.031379,0.000754,6,
0.000497,0.508099,0.324618,0.001074,0.013865,0.000443,0.150718,0.000013,0.000369,0.000303,2,
0.000523,0.008720,0.000064,0.008813,0.011741,0.005851,0.000026,0.826497,0.004396,0.133370,7,
0.005836,0.000398,0.062981,0.000117,0.117827,0.002797,0.802948,0.000007,0.003505,0.003585,6,
0.004247,0.058709,0.002015,0.046855,0.062768,0.027837,0.000677,0.553494,0.021543,0.221856,4,
0.201235,0.000000,0.004271,0.227941,0.003340,0.274850,0.000172,0.001991,0.282227,0.003973,5,
0.010333,0.118439,0.201052,0.005804,0.266233,0.013071,0.343808,0.001137,0.012442,0.027681,6,
0.022453,0.116568,0.031868,0.166113,0.146575,0.084114,0.007231,0.186857,0.067339,0.170882,5,
0.008513,0.006753,0.001704,0.287726,0.012287,0.056589,0.000083,0.522088,0.041360,0.062897,9,
0.003349,0.733655,0.046924,0.018129,0.102741,0.009673,0.022923,0.015965,0.007677,0.038964,1,
0.215143,0.000000,0.000721,0.003171,0.087205,0.236492,0.003657,0.002160,0.336108,0.115343,4,
0.000190,0.970569,0.010993,0.007850,0.004164,0.000700,0.001017,0.002556,0.000469,0.001492,1,
0.097181,0.000021,0.003570,0.329044,0.011188,0.257666,0.000210,0.037573,0.236043,0.027505,3,
0.067987,0.005056,0.027662,0.105649,0.194252,0.171133,0.012199,0.067644,0.158166,0.190252,9,
0.001646,0.002118,0.000095,0.007030,0.031946,0.013711,0.000092,0.634558,0.011585,0.297220,9,
0.003587,0.000470,0.000100,0.028587,0.013752,0.029502,0.000028,0.733771,0.024277,0.165924,7,
0.051408,0.000046,0.000808,0.078423,0.042099,0.201260,0.000279,0.214832,0.193321,0.217525,5,
0.011390,0.000506,0.000397,0.027725,0.052273,0.064020,0.000251,0.448729,0.057743,0.336966,7,
0.425371,0.000000,0.012889,0.034616,0.006236,0.227903,0.002335,0.000060,0.288876,0.001714,8,
0.021527,0.000420,0.012536,0.000659,0.555096,0.024079,0.217597,0.001172,0.029675,0.137239,4,
0.102029,0.004665,0.243802,0.281319,0.057520,0.142367,0.022399,0.004434,0.126454,0.015011,8,
0.153892,0.000363,0.155602,0.024880,0.203220,0.129912,0.155011,0.000889,0.144386,0.031846,0,
0.046546,0.001405,0.005522,0.075980,0.129426,0.156104,0.002786,0.158928,0.144990,0.278313,9,
0.123682,0.000100,0.009563,0.043082,0.149702,0.232480,0.008204,0.023028,0.247561,0.162598,8,
0.079146,0.000000,0.064051,0.000147,0.059941,0.015216,0.755907,0.000000,0.024405,0.001188,4,
0.403449,0.000000,0.021380,0.054291,0.006802,0.230445,0.002836,0.000082,0.278986,0.001728,0,
0.369155,0.000000,0.001630,0.058129,0.000975,0.253816,0.000095,0.000083,0.315384,0.000733,0,
0.085450,0.001365,0.064510,0.016741,0.373880,0.107632,0.120396,0.004432,0.116413,0.109181,8,
0.075728,0.000001,0.000128,0.024075,0.028804,0.251184,0.000103,0.105385,0.280437,0.234156,3,
0.054921,0.000000,0.207839,0.000027,0.001941,0.002450,0.728343,0.000000,0.004475,0.000003,2,
0.167244,0.000000,0.000263,0.030356,0.013101,0.329511,0.000120,0.013025,0.392106,0.054274,5,
0.028340,0.000048,0.001340,0.001254,0.378514,0.053904,0.018183,0.012201,0.066134,0.440081,9,
0.046427,0.015529,0.030087,0.322876,0.080894,0.150468,0.003662,0.124802,0.123589,0.101666,3,
0.004809,0.000002,0.073136,0.000015,0.014323,0.000770,0.905717,0.000000,0.001142,0.000086,6,
0.217367,0.000031,0.188543,0.013358,0.114852,0.113678,0.204187,0.000106,0.138154,0.009725,0,
0.151149,0.000002,0.063998,0.001023,0.169201,0.055166,0.469490,0.000018,0.079759,0.010193,6,
0.126496,0.000008,0.004899,0.314906,0.008408,0.265383,0.000250,0.014177,0.250686,0.014786,3,
0.021443,0.000018,0.000145,0.011112,0.060850,0.096114,0.000229,0.241576,0.099847,0.468665,8,
0.207256,0.000063,0.041297,0.039370,0.140546,0.227868,0.031938,0.002943,0.254788,0.053932,5,
0.038043,0.005019,0.100936,0.006277,0.403685,0.041886,0.293242,0.001527,0.045070,0.064316,4,
0.000480,0.004418,0.000043,0.014927,0.005160,0.005890,0.000008,0.889138,0.004258,0.075679,7,
0.090714,0.001026,0.342445,0.366623,0.012354,0.093039,0.010075,0.000622,0.081201,0.001901,0,
0.001291,0.000021,0.087236,0.000010,0.010050,0.000241,0.900779,0.000000,0.000326,0.000046,6,
0.344205,0.000001,0.338966,0.069422,0.003784,0.104797,0.017729,0.000004,0.120930,0.000164,0,
0.060891,0.000005,0.000991,0.001634,0.293569,0.099696,0.011782,0.009052,0.129796,0.392584,4,
0.015054,0.000294,0.021662,0.904525,0.000502,0.032471,0.000060,0.001768,0.023342,0.000322,2,
0.001731,0.000347,0.000037,0.012563,0.010687,0.016393,0.000015,0.776138,0.013542,0.168547,9,
0.003147,0.001555,0.152293,0.000157,0.051931,0.001367,0.787084,0.000002,0.001580,0.000883,6,
0.000073,0.982283,0.003090,0.005913,0.001968,0.000373,0.000222,0.004601,0.000237,0.001241,1,
0.000646,0.005566,0.000059,0.004961,0.020892,0.006558,0.000050,0.734537,0.005238,0.221493,7,
0.084251,0.000006,0.006436,0.000673,0.462688,0.068552,0.139463,0.000596,0.097177,0.140159,4,
0.012632,0.002440,0.001393,0.240213,0.015796,0.077572,0.000097,0.503599,0.059724,0.086533,3,
0.278804,0.000018,0.069742,0.070792,0.050289,0.235646,0.020016,0.000783,0.260952,0.012959,5,
0.339763,0.000000,0.006340,0.010776,0.041762,0.245615,0.007712,0.000371,0.328805,0.018856,0,
0.673070,0.000000,0.017403,0.003539,0.002319,0.113501,0.007521,0.000000,0.182517,0.000131,8,
0.042323,0.022677,0.502115,0.278706,0.026075,0.055214,0.022404,0.001497,0.045174,0.003814,3,
0.082944,0.000001,0.000237,0.040220,0.027275,0.269911,0.000125,0.103120,0.290714,0.185453,5,
0.019465,0.000406,0.676874,0.278482,0.000482,0.012194,0.002414,0.000009,0.009654,0.000020,3,
0.000059,0.982103,0.001869,0.004110,0.002370,0.000336,0.000195,0.006863,0.000215,0.001879,1,
0.001762,0.000021,0.029291,0.000007,0.035188,0.000464,0.932216,0.000000,0.000658,0.000393,6,
0.132892,0.000036,0.005684,0.049657,0.099896,0.261685,0.003849,0.025365,0.279769,0.141168,8,
0.006778,0.000022,0.067387,0.000049,0.046877,0.001878,0.873735,0.000000,0.002588,0.000686,6,
0.089857,0.001749,0.337562,0.025274,0.154362,0.071322,0.229720,0.000454,0.074900,0.014800,0,
0.428132,0.000000,0.000001,0.000039,0.000781,0.166879,0.000008,0.000005,0.401126,0.003029,8,
0.015276,0.028742,0.336088,0.005923,0.159327,0.013604,0.417387,0.000256,0.013469,0.009928,6,
0.029451,0.000036,0.000297,0.061234,0.028257,0.145651,0.000099,0.365499,0.136640,0.232836,7,
0.099135,0.000000,0.068847,0.721235,0.000101,0.058458,0.000102,0.000010,0.052099,0.000014,3,
0.006984,0.020889,0.002096,0.021572,0.137739,0.036342,0.001965,0.347216,0.031151,0.394046,9,
0.003992,0.380383,0.079798,0.492969,0.004679,0.013471,0.000783,0.013031,0.008613,0.002281,7,
0.297777,0.000003,0.024431,0.017683,0.088537,0.229805,0.027248,0.000626,0.286585,0.027306,8,
0.134959,0.000001,0.001140,0.005194,0.148190,0.204518,0.005004,0.008379,0.264303,0.228311,5,
0.315462,0.000002,0.030291,0.055522,0.030069,0.254830,0.008631,0.000560,0.294735,0.009897,0,
0.023562,0.000007,0.048095,0.000111,0.107182,0.007416,0.799799,0.000002,0.010745,0.003080,6,
0.067137,0.001182,0.488018,0.311972,0.007912,0.060049,0.010987,0.000243,0.051674,0.000825,3,
0.328982,0.000001,0.019698,0.043352,0.025868,0.258281,0.006427,0.000472,0.307445,0.009474,0,
0.061589,0.000113,0.443719,0.413161,0.001278,0.041641,0.002872,0.000035,0.035496,0.000095,3,
0.128795,0.000000,0.075122,0.699885,0.000026,0.049784,0.000053,0.000001,0.046332,0.000002,3,
0.019941,0.000230,0.001794,0.001682,0.389506,0.043828,0.018574,0.019241,0.050605,0.454599,9,
0.002996,0.000237,0.019744,0.000027,0.163602,0.001561,0.803500,0.000007,0.002071,0.006257,6,
0.000234,0.000398,0.000005,0.002252,0.004690,0.003242,0.000003,0.860226,0.002585,0.126364,7,
0.290790,0.000007,0.055693,0.109062,0.022493,0.243103,0.007937,0.000578,0.263948,0.006389,5,
0.129916,0.000016,0.003998,0.019848,0.145545,0.227913,0.006252,0.016602,0.261221,0.188689,8,
0.060826,0.001170,0.218146,0.007259,0.214189,0.043917,0.387596,0.000255,0.049019,0.017625,6,
0.249611,0.000000,0.001827,0.016108,0.035117,0.287259,0.001777,0.002234,0.365022,0.041045,8,
0.002195,0.027238,0.000625,0.049766,0.021393,0.018403,0.000114,0.738598,0.013554,0.128115,7,
0.000160,0.973788,0.007200,0.007242,0.004076,0.000663,0.000713,0.003855,0.000441,0.001864,1,
0.040651,0.000135,0.001144,0.181324,0.024074,0.181530,0.000154,0.282764,0.159910,0.128313,5,
0.009791,0.032727,0.012979,0.004368,0.499917,0.024676,0.056752,0.027098,0.024189,0.307502,7,
0.024126,0.088728,0.581820,0.168618,0.034399,0.033113,0.036916,0.001465,0.026572,0.004241,1,
0.020068,0.016107,0.008621,0.030279,0.260069,0.069865,0.009340,0.143554,0.063583,0.378512,4,
0.208607,0.000020,0.121887,0.007652,0.158560,0.110203,0.238444,0.000118,0.139402,0.015107,4,
0.125725,0.000026,0.004113,0.042522,0.099157,0.257701,0.003170,0.028892,0.278091,0.160603,8,
0.018085,0.000000,0.050793,0.000005,0.005240,0.001160,0.922529,0.000000,0.002173,0.000015,6,
0.001535,0.318232,0.443492,0.002676,0.027271,0.001386,0.203396,0.000037,0.001187,0.000788,2,
0.135304,0.000236,0.024242,0.041232,0.199872,0.211204,0.022452,0.012071,0.225490,0.127897,8,
0.003684,0.351951,0.010428,0.010112,0.249235,0.014771,0.015615,0.093936,0.012406,0.237861,4,
0.000960,0.105098,0.000590,0.039391,0.015920,0.009205,0.000091,0.732068,0.006389,0.090289,4,
0.142630,0.000000,0.000509,0.059839,0.015779,0.328919,0.000150,0.026267,0.362384,0.063522,5,
0.095647,0.000155,0.155310,0.004818,0.206479,0.056295,0.396774,0.000131,0.068102,0.016289,3,
0.105584,0.002845,0.113591,0.048466,0.270685,0.141978,0.086750,0.006241,0.143935,0.079926,3,
0.038247,0.000327,0.026637,0.001324,0.484753,0.036299,0.275012,0.000788,0.044605,0.092006,5,
0.003364,0.001490,0.000290,0.001346,0.190710,0.015534,0.002153,0.131950,0.015638,0.637524,9,
0.022576,0.000165,0.844885,0.008927,0.005269,0.007526,0.102829,0.000001,0.007744,0.000078,2,
0.190678,0.000036,0.026848,0.018100,0.200228,0.201489,0.043418,0.002584,0.237588,0.079031,0,
0.024426,0.000008,0.000189,0.002162,0.152003,0.072933,0.001390,0.057642,0.086461,0.602787,4,
0.145268,0.000000,0.000684,0.075768,0.014601,0.329594,0.000160,0.024357,0.356531,0.053036,0,
0.345067,0.000000,0.013583,0.262201,0.000277,0.180900,0.000108,0.000017,0.197770,0.000077,0,
0.085597,0.002372,0.032211,0.068417,0.233691,0.176112,0.021120,0.033661,0.171885,0.174933,7,
0.071167,0.002574,0.019626,0.085848,0.190383,0.177893,0.010313,0.066018,0.168378,0.207800,5,
0.108153,0.000071,0.017023,0.005991,0.368108,0.123142,0.075458,0.003059,0.149473,0.149523,4,
0.041797,0.041054,0.172244,0.034361,0.345441,0.065181,0.149764,0.007557,0.061631,0.080969,0,
0.003961,0.000011,0.980505,0.006869,0.000059,0.000731,0.007183,0.000000,0.000681,0.000000,2,
0.029175,0.025519,0.032200,0.024824,0.407728,0.069788,0.045276,0.040988,0.066012,0.258490,4,
0.319438,0.000000,0.005823,0.024149,0.023216,0.270436,0.003047,0.000596,0.339726,0.013569,0,
0.000472,0.662032,0.309221,0.019377,0.001434,0.000638,0.006294,0.000040,0.000430,0.000063,2,
0.033940,0.000024,0.877219,0.056174,0.000656,0.010908,0.010745,0.000001,0.010322,0.000011,2,
0.001792,0.833561,0.026250,0.016111,0.057308,0.006066,0.009535,0.017770,0.004618,0.026989,1,
0.001313,0.000023,0.076821,0.000009,0.011883,0.000258,0.909281,0.000000,0.000351,0.000062,5,
0.404484,0.000000,0.004972,0.025673,0.005497,0.241408,0.001147,0.000087,0.314411,0.002321,5,
0.000127,0.951923,0.002532,0.019758,0.001988,0.000835,0.000099,0.019922,0.000509,0.002307,1,
0.456254,0.000000,0.000572,0.017586,0.000481,0.216955,0.000056,0.000014,0.307765,0.000319,0,
0.381820,0.000000,0.003184,0.050116,0.001957,0.250004,0.000280,0.000089,0.311446,0.001104,8,
0.000142,0.000000,0.069043,0.000000,0.000135,0.000004,0.930668,0.000000,0.000007,0.000000,6,
0.092246,0.000000,0.437352,0.000556,0.005677,0.009700,0.440046,0.000000,0.014393,0.000030,6,
0.019867,0.162873,0.474214,0.220298,0.032460,0.032595,0.024526,0.002824,0.025165,0.005179,3,
0.008356,0.000011,0.000030,0.009590,0.022290,0.054608,0.000031,0.492077,0.053488,0.359519,7,
0.153631,0.000150,0.039244,0.021405,0.251497,0.177255,0.059515,0.003683,0.200795,0.092825,6,
0.030614,0.020048,0.032945,0.021278,0.425206,0.069016,0.052512,0.032817,0.066368,0.249196,4,
0.285688,0.000000,0.000167,0.011471,0.003693,0.289772,0.000078,0.000583,0.400170,0.008378,0,
0.168151,0.000495,0.099077,0.172673,0.072492,0.221819,0.017606,0.004885,0.216061,0.026740,8,
0.000577,0.009902,0.000082,0.016866,0.007816,0.006609,0.000017,0.863588,0.004774,0.089769,7,
0.066550,0.000097,0.007915,0.003891,0.413144,0.094187,0.050333,0.006073,0.113268,0.244542,4,
0.010863,0.391331,0.052047,0.043281,0.226471,0.033219,0.028678,0.056253,0.027346,0.130511,1,
0.000919,0.895197,0.013261,0.018763,0.024189,0.003864,0.002590,0.022646,0.002761,0.015809,1,
0.355033,0.000001,0.235264,0.087424,0.006365,0.140733,0.015363,0.000016,0.159355,0.000446,5,
0.083365,0.000219,0.010678,0.013913,0.307364,0.143198,0.025819,0.015347,0.159154,0.240942,4,
0.000100,0.979487,0.003900,0.005352,0.003235,0.000477,0.000409,0.004855,0.000313,0.001873,1,
0.369188,0.000000,0.025187,0.075735,0.007705,0.238792,0.002811,0.000142,0.278283,0.002158,0,
0.124112,0.000071,0.186284,0.470145,0.004155,0.111394,0.002864,0.000280,0.099961,0.000733,3,
0.688018,0.000000,0.008086,0.000397,0.007827,0.090936,0.031134,0.000000,0.173228,0.000375,0,
0.048828,0.000022,0.001352,0.002895,0.287704,0.095253,0.010236,0.017503,0.115659,0.420549,9,
0.002209,0.000032,0.019267,0.000009,0.069794,0.000737,0.905590,0.000001,0.001050,0.001312,6,
0.000949,0.010529,0.000156,0.041478,0.006523,0.010212,0.000017,0.855855,0.007191,0.067090,7,
0.028020,0.035534,0.202910,0.013394,0.325051,0.035074,0.277361,0.002157,0.034371,0.046128,4,
0.002661,0.000031,0.041449,0.000015,0.040549,0.000747,0.913001,0.000000,0.001034,0.000513,6,
0.002408,0.326418,0.006911,0.348233,0.007816,0.016692,0.000149,0.262191,0.010556,0.018625,3,
0.000042,0.989199,0.002344,0.001777,0.002439,0.000197,0.000381,0.002289,0.000130,0.001202,1,
0.000034,0.991403,0.002723,0.001976,0.001423,0.000149,0.000283,0.001326,0.000096,0.000589,1,
0.031724,0.000409,0.013788,0.781408,0.002985,0.085858,0.000146,0.013964,0.066066,0.003651,3,
0.020946,0.014957,0.021154,0.008657,0.485356,0.045738,0.063442,0.023024,0.045610,0.271115,4,
0.075986,0.000447,0.009962,0.026964,0.248764,0.160143,0.014030,0.033851,0.167719,0.262135,8,
0.184710,0.000268,0.171514,0.039821,0.147041,0.154971,0.107519,0.000873,0.169382,0.023902,5,
0.033877,0.100827,0.172402,0.050460,0.314822,0.062368,0.107741,0.013592,0.056063,0.087846,1,
0.046739,0.018534,0.046720,0.050550,0.339942,0.106167,0.039141,0.041595,0.099318,0.211295,4,
0.280402,0.000001,0.008933,0.007427,0.112698,0.222646,0.022533,0.000712,0.297196,0.047451,8,
0.302237,0.000001,0.020766,0.007157,0.126495,0.196664,0.051361,0.000327,0.263350,0.031642,0,
0.160184,0.000009,0.030181,0.002374,0.306368,0.101460,0.210150,0.000267,0.137658,0.051348,2,
0.000787,0.914534,0.039325,0.012069,0.016208,0.002161,0.006617,0.002758,0.001570,0.003972,1,
0.030616,0.000463,0.836477,0.023314,0.007690,0.013688,0.074174,0.000007,0.013380,0.000191,2,
0.002676,0.000273,0.000050,0.009055,0.021306,0.021729,0.000039,0.649951,0.019047,0.275873,9,
0.094025,0.000006,0.000852,0.114256,0.021954,0.291199,0.000175,0.087534,0.290130,0.099870,7,
0.229861,0.000085,0.256065,0.067510,0.054629,0.154708,0.063426,0.000270,0.167045,0.006402,6,
0.182871,0.000001,0.295765,0.002845,0.035560,0.042951,0.380483,0.000002,0.058711,0.000811,4,
0.000454,0.913857,0.005422,0.014743,0.014185,0.002397,0.000903,0.032816,0.001649,0.013572,1,
0.152941,0.000629,0.071334,0.074355,0.168417,0.208369,0.036172,0.006970,0.213564,0.067248,0,
0.004358,0.734622,0.101092,0.072016,0.035629,0.011789,0.010562,0.010134,0.008655,0.011141,1,
0.189391,0.000036,0.018073,0.044759,0.114388,0.256377,0.012706,0.006409,0.283503,0.074359,8,
0.460478,0.000000,0.360178,0.004565,0.001584,0.043942,0.063663,0.000000,0.065575,0.000014,6,
0.068023,0.002693,0.269499,0.015602,0.211598,0.057315,0.292700,0.000550,0.060746,0.021274,2,
0.011573,0.025935,0.199517,0.720639,0.002348,0.021802,0.001091,0.001503,0.015044,0.000549,3,
0.008503,0.003473,0.864129,0.009401,0.006853,0.004150,0.099512,0.000004,0.003849,0.000125,2,
0.000452,0.940007,0.021125,0.023238,0.005168,0.001611,0.001201,0.004194,0.001071,0.001933,1,
0.002884,0.000226,0.058840,0.000041,0.061900,0.001092,0.872512,0.000001,0.001399,0.001103,2,
0.000815,0.000555,0.032074,0.000010,0.055369,0.000335,0.909544,0.000001,0.000425,0.000872,6,
0.011465,0.006865,0.002243,0.017032,0.181598,0.049648,0.003098,0.227119,0.045384,0.455547,4,
0.052928,0.000142,0.008418,0.634129,0.005356,0.145660,0.000169,0.024667,0.119502,0.009029,3,
0.034238,0.001284,0.303266,0.003964,0.122892,0.020061,0.486243,0.000058,0.022300,0.005693,2,
0.002991,0.054120,0.286559,0.000923,0.078866,0.002200,0.569825,0.000031,0.002173,0.002312,2,
0.002452,0.000000,0.729649,0.000026,0.000136,0.000118,0.267458,0.000000,0.000163,0.000000,2,
0.003566,0.002752,0.000362,0.002756,0.155239,0.018380,0.001493,0.211511,0.017583,0.586358,9,
0.022047,0.000023,0.035705,0.892030,0.000149,0.028374,0.000049,0.000148,0.021429,0.000046,3,
0.147105,0.000366,0.035873,0.085149,0.138827,0.236520,0.016401,0.013074,0.240551,0.086135,0,
0.001693,0.748109,0.011502,0.013471,0.083542,0.007243,0.006508,0.053995,0.005571,0.068366,1,
0.055773,0.000419,0.004243,0.035555,0.170961,0.157346,0.004331,0.088512,0.157928,0.324931,9,
0.172611,0.000001,0.225847,0.001432,0.037760,0.035856,0.474171,0.000001,0.051559,0.000763,0,
0.148830,0.000526,0.057897,0.060703,0.187361,0.206108,0.036366,0.007579,0.214189,0.080441,9,
0.000561,0.001080,0.000021,0.008219,0.006230,0.006647,0.000007,0.860347,0.005135,0.111752,7,
0.017033,0.003578,0.127923,0.798359,0.001437,0.028955,0.000563,0.001001,0.020768,0.000383,3,
0.168643,0.000082,0.019866,0.089797,0.085572,0.270016,0.007391,0.011580,0.279865,0.067187,4,
0.159710,0.000001,0.323750,0.002034,0.026035,0.032155,0.411180,0.000001,0.044687,0.000446,6,
0.000296,0.959458,0.017333,0.008402,0.006542,0.000966,0.002028,0.002344,0.000667,0.001965,1,
0.023048,0.060860,0.025472,0.052464,0.289987,0.073298,0.018299,0.112963,0.064136,0.279473,5,
0.086650,0.000001,0.709931,0.002995,0.003301,0.012497,0.168461,0.000000,0.016141,0.000024,2,
0.304336,0.000000,0.001003,0.050761,0.002215,0.286933,0.000107,0.000396,0.351485,0.002764,5,
0.041269,0.000207,0.001631,0.240111,0.021752,0.180693,0.000166,0.256238,0.155649,0.102286,3,
0.002930,0.003762,0.083161,0.000143,0.116126,0.001744,0.786580,0.000013,0.002005,0.003536,6,
0.116453,0.000632,0.032148,0.046460,0.230944,0.191977,0.028117,0.014943,0.199292,0.139035,9,
0.435429,0.000000,0.000126,0.002750,0.001443,0.211972,0.000092,0.000020,0.346705,0.001462,8,
0.000334,0.001464,0.000014,0.004425,0.006456,0.004248,0.000007,0.857801,0.003284,0.121968,7,
0.278559,0.000000,0.002114,0.019301,0.022711,0.286994,0.001421,0.001262,0.364799,0.022839,0,
0.016709,0.001739,0.378481,0.002206,0.065952,0.008439,0.515394,0.000016,0.009211,0.001853,2,
0.003651,0.081048,0.002626,0.008723,0.209878,0.018381,0.004761,0.232491,0.015790,0.422651,9,
0.142780,0.000000,0.779256,0.045521,0.000032,0.013960,0.002402,0.000000,0.016049,0.000000,0,
0.041154,0.000099,0.017143,0.000767,0.492290,0.035631,0.270687,0.000538,0.046213,0.095477,6,
0.009449,0.077588,0.353320,0.005506,0.139968,0.009195,0.387601,0.000272,0.008743,0.008357,6,
0.005335,0.000226,0.000100,0.020279,0.022143,0.038744,0.000050,0.628940,0.033900,0.250282,9,
0.050035,0.000111,0.411466,0.003266,0.049155,0.018512,0.444310,0.000007,0.021885,0.001255,6,
0.123842,0.001653,0.085214,0.066015,0.222214,0.177904,0.051361,0.008584,0.179493,0.083719,0,
0.015671,0.002442,0.258862,0.001685,0.110000,0.009088,0.588118,0.000033,0.010041,0.004059,2,
0.375804,0.000001,0.037088,0.021456,0.040707,0.218121,0.022790,0.000157,0.275710,0.008167,8,
0.000068,0.983936,0.002873,0.003992,0.002535,0.000340,0.000306,0.004211,0.000221,0.001517,1,
0.043863,0.002365,0.060041,0.005442,0.456070,0.051021,0.226620,0.002178,0.056445,0.095955,4,
0.010458,0.035706,0.187514,0.002766,0.240421,0.010362,0.483881,0.000367,0.010499,0.018026,1,
0.000945,0.477860,0.480463,0.017342,0.003282,0.001084,0.018084,0.000039,0.000780,0.000121,2,
0.015990,0.179575,0.500927,0.206196,0.024776,0.025561,0.021976,0.002009,0.019472,0.003517,5,
0.042287,0.000742,0.008352,0.007742,0.393016,0.083802,0.030808,0.020611,0.091194,0.321448,4,
0.069109,0.000063,0.004521,0.005490,0.330240,0.116068,0.022255,0.012188,0.137165,0.302901,8,
0.264177,0.000000,0.000260,0.019325,0.004308,0.303686,0.000088,0.001048,0.397143,0.009964,5,
0.002173,0.026522,0.000620,0.056586,0.018680,0.018479,0.000096,0.748586,0.013478,0.114780,9,
0.000026,0.991696,0.001473,0.001874,0.001310,0.000139,0.000158,0.002453,0.000088,0.000784,1,
0.006173,0.063529,0.003412,0.036153,0.118202,0.033992,0.001934,0.402550,0.027568,0.306487,9,
0.015751,0.000143,0.219741,0.000508,0.052704,0.005488,0.697914,0.000003,0.006745,0.001003,6,
0.068369,0.004277,0.049534,0.031369,0.361727,0.118599,0.061381,0.015984,0.119567,0.169192,5,
0.140941,0.000000,0.000526,0.062010,0.015972,0.328390,0.000151,0.027463,0.360208,0.064338,3,
0.013964,0.000794,0.084456,0.000507,0.202919,0.008530,0.667932,0.000045,0.010269,0.010584,6,
0.003043,0.000832,0.871593,0.001684,0.002046,0.000908,0.118994,0.000000,0.000886,0.000013,2,
0.146697,0.000001,0.010831,0.459738,0.001816,0.194772,0.000162,0.001221,0.183316,0.001447,5,
0.003614,0.006830,0.000713,0.002527,0.219832,0.016771,0.003459,0.153656,0.016036,0.576561,9,
0.011727,0.282017,0.026609,0.157934,0.099342,0.050638,0.004532,0.206220,0.038392,0.122589,7,
0.003694,0.003270,0.102567,0.000197,0.108702,0.002122,0.773801,0.000012,0.002431,0.003201,6,
0.029111,0.000023,0.017888,0.000182,0.352167,0.016426,0.528375,0.000056,0.023193,0.032579,6,
0.150575,0.000596,0.193234,0.036219,0.178007,0.133066,0.136176,0.001041,0.143188,0.027898,2,
0.002807,0.007437,0.000383,0.006994,0.088965,0.018175,0.000609,0.424376,0.015851,0.434404,9,
0.404243,0.000000,0.043041,0.002599,0.075684,0.131636,0.139559,0.000015,0.196966,0.006256,0,
0.097125,0.007049,0.106553,0.137289,0.184150,0.172789,0.033857,0.018353,0.160565,0.082271,4,
0.005901,0.001589,0.000361,0.012994,0.070853,0.035281,0.000393,0.434320,0.031602,0.406706,9,
0.011091,0.000439,0.000562,0.004093,0.186191,0.042612,0.002320,0.123291,0.043949,0.585453,7,
0.002894,0.000837,0.065070,0.000071,0.087877,0.001373,0.838115,0.000004,0.001677,0.002082,6,
0.002179,0.014902,0.000418,0.031493,0.025379,0.018055,0.000118,0.726709,0.013797,0.166950,7,
0.281039,0.000000,0.001672,0.065325,0.003708,0.294944,0.000189,0.000743,0.347952,0.004428,0,
0.046602,0.000033,0.000578,0.100537,0.027797,0.199531,0.000138,0.259610,0.187385,0.177788,8,
0.004277,0.091470,0.003866,0.008070,0.261445,0.019261,0.008135,0.169668,0.016825,0.416983,9,
0.000325,0.001181,0.000013,0.005301,0.004932,0.004269,0.000005,0.879570,0.003258,0.101146,7,
0.023216,0.001512,0.857077,0.053445,0.005163,0.013353,0.034115,0.000015,0.011933,0.000170,2,
0.001948,0.000001,0.099879,0.000005,0.003824,0.000205,0.893822,0.000000,0.000307,0.000009,6,
0.001477,0.729803,0.018651,0.183091,0.006119,0.007387,0.000410,0.042625,0.004668,0.005771,1,
0.000076,0.984489,0.005533,0.002188,0.003634,0.000284,0.000979,0.001423,0.000194,0.001202,1,
0.420972,0.000000,0.033691,0.280382,0.000068,0.124895,0.000101,0.000001,0.139884,0.000007,0,
0.002331,0.000014,0.000008,0.003300,0.014254,0.019925,0.000012,0.606763,0.019015,0.334379,7,
0.096796,0.000277,0.008928,0.071375,0.129996,0.226626,0.004986,0.050631,0.226660,0.183725,0,
0.420351,0.000000,0.032538,0.002557,0.072601,0.141898,0.109118,0.000018,0.213941,0.006977,9,
0.248237,0.000000,0.283678,0.309488,0.000292,0.077670,0.001262,0.000002,0.079358,0.000014,5,
0.049285,0.000149,0.009452,0.671628,0.004419,0.131705,0.000159,0.019470,0.106950,0.006783,3,
0.000169,0.963789,0.004073,0.010891,0.004170,0.000894,0.000348,0.011802,0.000581,0.003283,1,
0.008067,0.010906,0.428876,0.002190,0.060009,0.004873,0.478448,0.000022,0.004954,0.001655,6,
0.095470,0.000164,0.046325,0.004771,0.383259,0.084806,0.204424,0.000977,0.102788,0.077016,4,
0.012918,0.443234,0.229297,0.163759,0.054143,0.029311,0.019829,0.010741,0.022192,0.014576,1,
0.072777,0.003828,0.038063,0.047493,0.301645,0.143521,0.034461,0.027576,0.141370,0.189266,8,
0.036673,0.000034,0.003459,0.000639,0.516364,0.045086,0.077958,0.002311,0.059296,0.258180,9,
0.091348,0.000010,0.006417,0.001394,0.427918,0.089518,0.085840,0.001413,0.120753,0.175388,5,
0.000291,0.959780,0.011678,0.012342,0.005617,0.001139,0.001040,0.004880,0.000765,0.002468,1,
0.090312,0.000396,0.020689,0.015695,0.338146,0.138309,0.045206,0.010207,0.152575,0.188465,4,
0.006442,0.006177,0.001773,0.002743,0.326314,0.022760,0.010001,0.076367,0.022644,0.524780,9,
0.141178,0.000002,0.025484,0.000741,0.286318,0.066041,0.351633,0.000061,0.097364,0.031178,4,
0.015351,0.001328,0.001009,0.073726,0.045573,0.083791,0.000296,0.470300,0.071600,0.237028,9,
0.531291,0.000000,0.052094,0.025005,0.004590,0.162994,0.008173,0.000005,0.215445,0.000403,0,
0.011532,0.000756,0.890413,0.077728,0.000751,0.005943,0.007941,0.000003,0.004916,0.000018,2,
0.012489,0.000336,0.223467,0.000541,0.058233,0.004868,0.693056,0.000004,0.005811,0.001196,6,
0.043743,0.000174,0.002414,0.010076,0.240661,0.110144,0.006845,0.049898,0.119437,0.416607,8,
0.214770,0.000000,0.000075,0.008201,0.008173,0.308079,0.000074,0.002944,0.423398,0.034286,8,
0.000287,0.959031,0.016927,0.012003,0.004686,0.000986,0.001302,0.002585,0.000662,0.001531,1,
0.047807,0.000530,0.059517,0.002417,0.396886,0.040698,0.348063,0.000536,0.048552,0.054995,0,
0.000022,0.992390,0.001246,0.000917,0.001913,0.000111,0.000258,0.002024,0.000073,0.001046,1,
0.039130,0.000009,0.211822,0.000510,0.040856,0.009722,0.684179,0.000001,0.013112,0.000660,6,
0.500839,0.000000,0.002775,0.005212,0.005314,0.191533,0.001907,0.000013,0.290907,0.001502,0,
0.012652,0.189346,0.146224,0.011535,0.332631,0.021052,0.202321,0.004721,0.019340,0.060179,4,
0.740831,0.000000,0.082996,0.000105,0.000557,0.020364,0.111037,0.000000,0.044108,0.000002,0,
0.000535,0.007849,0.000064,0.012896,0.008303,0.006172,0.000017,0.859082,0.004526,0.100557,7,
0.025258,0.072009,0.050362,0.033891,0.388707,0.062374,0.051816,0.043393,0.056581,0.215608,9,
0.000490,0.004889,0.000046,0.014735,0.005561,0.005953,0.000009,0.885069,0.004311,0.078937,7,
0.006892,0.149996,0.007215,0.045849,0.141259,0.034745,0.003581,0.317192,0.027746,0.265524,4,
0.235124,0.000001,0.076039,0.001301,0.111103,0.070272,0.396057,0.000008,0.104484,0.005610,0,
0.000808,0.000596,0.000021,0.001730,0.028419,0.007435,0.000049,0.575482,0.006633,0.378826,7,
0.118502,0.000433,0.020835,0.168789,0.079650,0.251836,0.004686,0.032625,0.239725,0.082919,8,
0.197857,0.000000,0.000129,0.014197,0.009725,0.319126,0.000090,0.005148,0.413886,0.039842,5,
0.036396,0.000002,0.052324,0.857856,0.000061,0.029568,0.000045,0.000019,0.023717,0.000011,3,
0.021628,0.000025,0.035184,0.893088,0.000154,0.028322,0.000049,0.000160,0.021341,0.000049,3,
0.000441,0.000005,0.064716,0.000002,0.003471,0.000055,0.931224,0.000000,0.000079,0.000007,2,
0.585640,0.000000,0.004254,0.001256,0.009971,0.142964,0.009868,0.000002,0.244719,0.001326,8,
0.003542,0.562920,0.018076,0.015343,0.172029,0.013302,0.015401,0.061720,0.010767,0.126901,1,
0.221187,0.000055,0.064621,0.026818,0.158789,0.196287,0.064524,0.001238,0.226786,0.039696,8,
0.358984,0.000000,0.046027,0.002710,0.099491,0.128971,0.165553,0.000024,0.189399,0.008840,0,
0.007130,0.592684,0.125517,0.031715,0.124418,0.016163,0.048072,0.009526,0.013096,0.031679,1,
0.096691,0.000018,0.005195,0.003551,0.343268,0.124468,0.035653,0.004611,0.157253,0.229291,9,
0.027919,0.003505,0.004126,0.088545,0.100403,0.116441,0.001553,0.280422,0.102070,0.275015,2,
0.234961,0.000054,0.062008,0.076795,0.075150,0.242135,0.021142,0.001959,0.260927,0.024868,7,
0.000024,0.992973,0.001834,0.000971,0.001728,0.000107,0.000331,0.001230,0.000071,0.000732,1,
0.176031,0.000000,0.000608,0.005278,0.080940,0.247238,0.002130,0.005577,0.331332,0.150867,5,
0.005877,0.018268,0.002938,0.003606,0.350942,0.021139,0.013337,0.081852,0.020299,0.481741,9,
0.002887,0.000046,0.732510,0.000267,0.001468,0.000473,0.261809,0.000000,0.000535,0.000004,2,
0.022450,0.000113,0.001686,0.001189,0.413480,0.043811,0.023103,0.012328,0.052614,0.429226,9,
0.113469,0.000019,0.005921,0.005777,0.292550,0.151428,0.027620,0.005712,0.187082,0.210422,0,
0.001665,0.000255,0.000028,0.004153,0.023121,0.014267,0.000038,0.617801,0.012743,0.325928,7,
0.323300,0.000000,0.068689,0.455598,0.000015,0.073877,0.000055,0.000000,0.078464,0.000001,8,
0.006610,0.000041,0.047162,0.000050,0.079194,0.002273,0.859846,0.000002,0.003107,0.001715,6,
0.039523,0.000228,0.002632,0.008432,0.268123,0.097699,0.008609,0.044858,0.106201,0.423694,4,
0.437885,0.000000,0.081264,0.005353,0.042027,0.132136,0.110139,0.000009,0.188481,0.002706,4,
0.009141,0.015997,0.002323,0.093125,0.052118,0.054092,0.000514,0.531364,0.042780,0.198547,9,
0.032547,0.000241,0.006948,0.001514,0.517963,0.046604,0.081235,0.004401,0.056239,0.252309,4,
0.061641,0.014614,0.112176,0.042952,0.348521,0.100591,0.097468,0.011632,0.097362,0.113044,4,
0.000028,0.991061,0.005368,0.001467,0.000952,0.000093,0.000464,0.000303,0.000060,0.000205,1,
0.039348,0.000647,0.002753,0.044201,0.129873,0.137461,0.002092,0.167293,0.131793,0.344540,4,
0.115097,0.000005,0.001326,0.023127,0.085743,0.250152,0.001590,0.032335,0.283723,0.206903,8,
0.021281,0.003136,0.006886,0.006196,0.414091,0.051689,0.027364,0.033980,0.053546,0.381829,9,
0.005766,0.600860,0.032514,0.058560,0.101487,0.021940,0.008869,0.076112,0.016767,0.077124,1,
0.000691,0.022824,0.000158,0.019093,0.011858,0.007374,0.000037,0.827242,0.005319,0.105405,7,
0.781234,0.000000,0.195308,0.001727,0.000000,0.007366,0.000469,0.000000,0.013895,0.000000,2,
0.858166,0.000000,0.001367,0.001772,0.000005,0.047800,0.000039,0.000000,0.090850,0.000000,0,
0.104010,0.000085,0.012028,0.389380,0.014873,0.230980,0.000637,0.020409,0.207705,0.019895,3,
0.037209,0.000012,0.003065,0.000300,0.543009,0.037328,0.115991,0.000943,0.052257,0.209885,5,
0.733530,0.000000,0.000311,0.003263,0.000017,0.094677,0.000014,0.000000,0.168185,0.000003,0,
0.250713,0.000001,0.004556,0.020412,0.053205,0.277792,0.004276,0.002256,0.342646,0.044145,8,
0.045638,0.009427,0.063954,0.017309,0.440962,0.073762,0.115313,0.009762,0.074645,0.149228,4,
0.002104,0.002099,0.086438,0.000080,0.072842,0.001034,0.832676,0.000004,0.001211,0.001511,6,
0.383047,0.000001,0.041074,0.012823,0.055748,0.197411,0.041285,0.000104,0.259438,0.009069,8,
0.228704,0.000000,0.001717,0.079678,0.007050,0.314059,0.000240,0.002731,0.354582,0.011239,0,
0.004995,0.197378,0.042975,0.002616,0.441813,0.009850,0.178562,0.005950,0.009349,0.106511,4,
0.008599,0.003054,0.893388,0.012926,0.004877,0.004244,0.068961,0.000004,0.003855,0.000091,2,
0.000616,0.009378,0.000091,0.027791,0.005307,0.007222,0.000011,0.881129,0.005063,0.063393,7,
0.104217,0.000000,0.000139,0.012256,0.037619,0.263486,0.000209,0.041458,0.319364,0.221252,8,
0.429496,0.000000,0.001513,0.038174,0.000658,0.229166,0.000094,0.000026,0.300500,0.000373,0,
0.045935,0.000012,0.291370,0.000889,0.035160,0.011619,0.599235,0.000001,0.015216,0.000563,6,
0.034928,0.000126,0.020401,0.000636,0.469497,0.028572,0.333036,0.000373,0.036989,0.075443,4,
0.061194,0.000157,0.022455,0.672704,0.004326,0.125081,0.000340,0.006848,0.103156,0.003739,3,
0.529622,0.000000,0.038630,0.003941,0.022800,0.140492,0.050985,0.000005,0.211866,0.001659,8,
0.008599,0.030015,0.068239,0.843148,0.002305,0.023716,0.000372,0.006624,0.015812,0.001170,3,
0.328817,0.000000,0.005749,0.038423,0.011552,0.272841,0.001508,0.000438,0.333837,0.006834,0,
0.005444,0.058017,0.062608,0.001089,0.401430,0.007128,0.406771,0.000974,0.007311,0.049228,4,
