0, 1, 2, 3, 4, 5, 6, 7, 8, 9, True
0.061096,0.000247,0.107887,0.124358,0.012702,0.071905,0.068914,0.013364,0.520082,0.019444,8,
0.000009,0.000028,0.000595,0.006816,0.001441,0.001177,0.000000,0.966823,0.003041,0.020071,7,
0.024591,0.047752,0.234779,0.411094,0.034607,0.011844,0.016476,0.163950,0.038473,0.016434,3,
0.000020,0.996095,0.000937,0.000154,0.000579,0.000204,0.000195,0.000782,0.000497,0.000537,1,
0.004821,0.011715,0.843319,0.024825,0.022126,0.000149,0.082509,0.009814,0.000156,0.000566,2,
0.016821,0.000703,0.013431,0.051228,0.067619,0.161597,0.000234,0.406312,0.023862,0.258193,7,
0.000022,0.994537,0.001592,0.000141,0.000452,0.000315,0.000572,0.001126,0.000938,0.000306,1,
0.017521,0.001534,0.797793,0.069907,0.025913,0.007341,0.047468,0.010961,0.019172,0.002389,2,
0.001833,0.002812,0.000803,0.004191,0.270810,0.137668,0.000309,0.511480,0.007150,0.062944,7,
0.000013,0.000012,0.000272,0.006303,0.000597,0.001614,0.000000,0.981273,0.001450,0.008468,7,
0.116040,0.000118,0.005744,0.004104,0.248871,0.508118,0.001647,0.010620,0.059829,0.044908,5,
0.002766,0.014135,0.809374,0.130176,0.012019,0.002631,0.013343,0.002181,0.012704,0.000671,2,
0.139085,0.000530,0.041952,0.037430,0.018307,0.226233,0.005019,0.005885,0.489656,0.035904,8,
0.000161,0.000341,0.000141,0.009235,0.006343,0.007998,0.000000,0.864228,0.001212,0.110340,9,
0.049595,0.040571,0.074283,0.479181,0.008584,0.283289,0.002141,0.018661,0.025714,0.017981,2,
0.133912,0.000913,0.147590,0.101795,0.073335,0.154650,0.013677,0.010388,0.294385,0.069356,8,
0.005218,0.039163,0.009624,0.008883,0.628710,0.010528,0.016149,0.019962,0.017314,0.244449,4,
0.003590,0.750784,0.044623,0.029070,0.078279,0.055519,0.026066,0.002611,0.006213,0.003244,1,
0.000000,0.994657,0.000947,0.000120,0.000540,0.000727,0.000164,0.001601,0.000487,0.000757,1,
0.098566,0.013712,0.289144,0.267875,0.008161,0.015943,0.017402,0.013189,0.261495,0.014513,2,
0.010982,0.001787,0.004146,0.025140,0.054756,0.016752,0.002526,0.129918,0.032844,0.721149,9,
0.010977,0.003977,0.024801,0.018535,0.515428,0.010119,0.005314,0.019829,0.012988,0.378030,9,
0.042513,0.014261,0.033923,0.118935,0.200164,0.053242,0.014711,0.220937,0.081191,0.220123,7,
0.003813,0.004033,0.041805,0.004011,0.061299,0.009012,0.848548,0.010331,0.008409,0.008740,6,
0.025923,0.001228,0.005333,0.050551,0.052538,0.032468,0.005335,0.112208,0.066006,0.648411,9,
0.000498,0.021636,0.001161,0.021753,0.043278,0.012264,0.000015,0.517537,0.020447,0.361411,7,
0.003696,0.034487,0.901025,0.038004,0.001760,0.001040,0.009612,0.002594,0.007601,0.000182,2,
0.000025,0.956265,0.001194,0.000103,0.002417,0.000088,0.038242,0.001154,0.000392,0.000119,1,
0.081279,0.004168,0.022865,0.553644,0.002978,0.215478,0.000140,0.019546,0.090463,0.009439,3,
0.000036,0.001682,0.000232,0.006058,0.011331,0.006156,0.000000,0.818043,0.003062,0.153401,7,
0.928345,0.000000,0.000583,0.019729,0.000156,0.031962,0.016730,0.000062,0.002382,0.000051,0,
0.025715,0.048074,0.028296,0.049449,0.193688,0.093834,0.015106,0.080155,0.141787,0.323896,9,
0.000437,0.005275,0.009886,0.255203,0.000214,0.721009,0.003738,0.001118,0.002663,0.000457,5,
0.276095,0.001908,0.014436,0.049503,0.031655,0.036933,0.031590,0.003935,0.485334,0.068612,8,
0.009926,0.026974,0.028723,0.743719,0.001864,0.137920,0.000082,0.018681,0.019591,0.012521,3,
0.008049,0.007143,0.018342,0.040425,0.174181,0.047605,0.005000,0.661328,0.001194,0.036733,7,
0.061234,0.000000,0.068431,0.357465,0.032546,0.112571,0.029256,0.061966,0.258604,0.017928,8,
0.002380,0.001788,0.019734,0.003144,0.008811,0.001887,0.959988,0.000000,0.001075,0.001192,6,
0.073077,0.003442,0.021614,0.009206,0.144428,0.285491,0.296690,0.012372,0.095639,0.058040,4,
0.013775,0.022771,0.190730,0.449417,0.002207,0.264620,0.015131,0.007289,0.030854,0.003206,2,
0.002100,0.001440,0.006622,0.000268,0.014023,0.009236,0.962619,0.000187,0.002305,0.001200,6,
0.001345,0.092830,0.305175,0.513715,0.002976,0.002382,0.000491,0.074625,0.004459,0.002002,3,
0.010296,0.007077,0.071197,0.005148,0.044154,0.001814,0.855469,0.000436,0.001160,0.003250,6,
0.366105,0.000283,0.093578,0.221599,0.009524,0.223218,0.018184,0.008228,0.055482,0.003798,3,
0.222420,0.004791,0.069419,0.001388,0.040309,0.096363,0.127284,0.005253,0.413213,0.019562,0,
0.002303,0.003214,0.005529,0.000225,0.009426,0.006806,0.967554,0.000141,0.002613,0.002188,6,
0.167692,0.009001,0.034619,0.080192,0.023578,0.200618,0.019869,0.003496,0.424458,0.036477,5,
0.031572,0.010194,0.009556,0.061173,0.191667,0.060977,0.006227,0.167265,0.063959,0.397410,9,
0.302023,0.002787,0.033697,0.086533,0.139031,0.120410,0.014762,0.027133,0.084739,0.188886,0,
0.000005,0.000074,0.007079,0.048413,0.001840,0.006698,0.000000,0.890995,0.015279,0.029617,7,
0.000721,0.001833,0.000245,0.018315,0.011444,0.012978,0.000129,0.769825,0.008532,0.175979,7,
0.009249,0.031897,0.018668,0.137499,0.071928,0.354511,0.001512,0.076629,0.075587,0.222520,3,
0.921874,0.000000,0.000360,0.008375,0.005359,0.058843,0.000718,0.003424,0.000670,0.000377,0,
0.000022,0.994986,0.001055,0.000171,0.000911,0.000161,0.000432,0.001112,0.000770,0.000381,1,
0.089542,0.009348,0.040970,0.079040,0.019283,0.358406,0.127786,0.001251,0.263441,0.010933,5,
0.003098,0.000569,0.001126,0.009713,0.055193,0.003847,0.000409,0.055641,0.009883,0.860521,9,
0.226924,0.004695,0.021164,0.052114,0.069813,0.032143,0.027390,0.010555,0.464182,0.091019,9,
0.120603,0.005762,0.032970,0.118782,0.072564,0.027548,0.018087,0.020249,0.476179,0.107256,3,
0.197565,0.004028,0.305336,0.060975,0.004830,0.261485,0.033880,0.006670,0.122082,0.003148,2,
0.021966,0.000338,0.062938,0.009589,0.748166,0.009355,0.063586,0.019346,0.005601,0.059113,4,
0.002894,0.000234,0.001153,0.009767,0.054870,0.003673,0.000409,0.055956,0.010170,0.860873,9,
0.001003,0.002714,0.020771,0.948029,0.000138,0.015072,0.000178,0.004003,0.005017,0.003074,3,
0.026828,0.046217,0.040245,0.069585,0.191720,0.070933,0.018301,0.075006,0.134982,0.326183,9,
0.052167,0.001405,0.032631,0.036986,0.153747,0.007756,0.683304,0.003840,0.012114,0.016050,6,
0.190254,0.013227,0.017945,0.029365,0.110059,0.027711,0.038912,0.018772,0.313327,0.240429,8,
0.000037,0.979630,0.009099,0.001975,0.001242,0.001634,0.000542,0.000597,0.004769,0.000476,1,
0.011134,0.005321,0.009536,0.005718,0.541590,0.010620,0.019922,0.017768,0.035774,0.342618,4,
0.161306,0.000085,0.662025,0.002622,0.053800,0.001798,0.103451,0.000079,0.011111,0.003722,2,
0.099150,0.008986,0.062151,0.008834,0.094932,0.023487,0.595339,0.001911,0.065355,0.039855,6,
0.207718,0.003468,0.013177,0.080601,0.030815,0.065145,0.013598,0.006709,0.492237,0.086533,3,
0.030707,0.040997,0.061531,0.320140,0.040528,0.172124,0.009699,0.044455,0.171466,0.108354,3,
0.005732,0.042383,0.516169,0.342192,0.010164,0.005609,0.013772,0.047514,0.008479,0.007985,2,
0.493114,0.003938,0.068511,0.077124,0.092525,0.059608,0.049158,0.039251,0.079476,0.037295,0,
0.229847,0.002512,0.014085,0.039621,0.023737,0.036933,0.022915,0.003370,0.556412,0.070570,8,
0.863987,0.000000,0.005821,0.015904,0.033515,0.053694,0.012565,0.004174,0.006205,0.004134,0,
0.006923,0.006882,0.021980,0.872803,0.001263,0.059127,0.000077,0.007868,0.014497,0.008579,3,
0.043883,0.005356,0.440644,0.383258,0.009666,0.002250,0.013572,0.035991,0.057766,0.007614,2,
0.001712,0.000023,0.002215,0.009959,0.045787,0.004410,0.000224,0.055551,0.002883,0.877237,9,
0.000002,0.991366,0.001753,0.000098,0.000973,0.000610,0.000500,0.002042,0.001869,0.000788,1,
0.702167,0.000014,0.107288,0.003865,0.064899,0.018760,0.047366,0.022603,0.006863,0.026174,0,
0.027318,0.002903,0.085663,0.019990,0.069780,0.006245,0.746066,0.001661,0.019853,0.020520,6,
0.003891,0.014577,0.013439,0.053631,0.070447,0.075245,0.000101,0.215742,0.045472,0.507455,7,
0.000756,0.002050,0.971412,0.001872,0.003993,0.000389,0.017455,0.001347,0.000382,0.000344,2,
0.005394,0.000102,0.005447,0.014431,0.009810,0.012298,0.000000,0.897106,0.004948,0.050463,7,
0.003485,0.064824,0.007884,0.034147,0.076679,0.024683,0.000345,0.379493,0.032657,0.375803,9,
0.071956,0.003497,0.250455,0.009865,0.407262,0.009403,0.078336,0.062057,0.022425,0.084743,2,
0.000746,0.018612,0.019063,0.879368,0.001915,0.017291,0.000888,0.041197,0.003692,0.017227,3,
0.109692,0.011095,0.010611,0.009968,0.148935,0.013583,0.024581,0.046135,0.145106,0.480293,9,
0.105550,0.000000,0.005530,0.007337,0.100810,0.652666,0.001995,0.015910,0.074099,0.036103,5,
0.000009,0.000028,0.000235,0.003772,0.000920,0.000486,0.000000,0.986117,0.001034,0.007399,7,
0.623021,0.000000,0.044832,0.001784,0.130948,0.038913,0.051671,0.030278,0.023603,0.054949,0,
0.012881,0.000042,0.019432,0.000473,0.012150,0.000065,0.950654,0.000029,0.000198,0.004076,6,
0.001216,0.059954,0.882903,0.000978,0.026589,0.000706,0.011483,0.015203,0.000647,0.000321,2,
0.000240,0.000028,0.000330,0.003997,0.002045,0.000484,0.000000,0.983180,0.001294,0.008403,7,
0.008641,0.007992,0.093298,0.000362,0.048365,0.026473,0.800366,0.003838,0.008743,0.001922,6,
0.008664,0.026920,0.015181,0.063612,0.159789,0.061469,0.002526,0.179381,0.043712,0.438746,4,
0.081425,0.000573,0.027965,0.365347,0.017932,0.285166,0.003999,0.002699,0.198908,0.015986,5,
0.085597,0.023377,0.071570,0.014031,0.104774,0.013230,0.610624,0.002895,0.041322,0.032580,6,
0.074102,0.006206,0.060286,0.131371,0.054553,0.494432,0.001461,0.078785,0.033495,0.065309,5,
0.003745,0.000228,0.000604,0.038314,0.017270,0.019388,0.000090,0.646465,0.003415,0.270482,9,
0.004661,0.538020,0.020785,0.008856,0.083614,0.042378,0.239041,0.020483,0.030771,0.011391,1,
0.031671,0.005642,0.003167,0.008470,0.718549,0.091323,0.004393,0.000841,0.132643,0.003301,4,
0.000016,0.995919,0.001168,0.000187,0.000623,0.000255,0.000288,0.000886,0.000418,0.000240,1,
0.016575,0.000933,0.020468,0.663290,0.002628,0.164071,0.000193,0.015082,0.085865,0.030896,3,
0.147878,0.013294,0.032110,0.082180,0.194400,0.035571,0.024575,0.080280,0.153520,0.236194,9,
0.005531,0.000198,0.006551,0.053254,0.043455,0.002587,0.000107,0.167714,0.006000,0.714602,9,
0.000191,0.000016,0.000876,0.023039,0.001714,0.012641,0.000000,0.939639,0.004677,0.017207,7,
0.021986,0.002599,0.006642,0.104394,0.128112,0.467801,0.001388,0.097504,0.096704,0.072869,5,
0.000390,0.000887,0.001090,0.033801,0.037502,0.008274,0.000039,0.503035,0.015606,0.399376,7,
0.142939,0.000529,0.079354,0.171182,0.032267,0.070486,0.030105,0.023933,0.417685,0.031521,8,
0.006405,0.006647,0.015484,0.007225,0.708913,0.021033,0.020515,0.013119,0.013899,0.186759,4,
0.279023,0.015464,0.046826,0.185854,0.038555,0.032317,0.064681,0.007268,0.274158,0.055855,8,
0.131492,0.002042,0.179029,0.015911,0.187051,0.047524,0.190093,0.009215,0.196776,0.040867,0,
0.012783,0.015083,0.023653,0.102931,0.108113,0.089873,0.000945,0.142718,0.061338,0.442562,9,
0.134212,0.003033,0.015458,0.040746,0.033822,0.088736,0.010204,0.005522,0.601092,0.067174,8,
0.017251,0.000380,0.124490,0.012699,0.619944,0.010857,0.130448,0.014792,0.009775,0.059363,4,
0.773449,0.000604,0.043744,0.009845,0.030087,0.048835,0.006523,0.004043,0.066756,0.016114,0,
0.962310,0.000000,0.000305,0.000456,0.000442,0.020240,0.000336,0.014822,0.000614,0.000475,0,
0.091935,0.011203,0.057333,0.029056,0.211405,0.026456,0.118448,0.007629,0.290639,0.155897,8,
0.019400,0.000000,0.043863,0.421373,0.008324,0.255597,0.000091,0.163090,0.031781,0.056481,3,
0.008960,0.000016,0.939708,0.013298,0.010534,0.005862,0.019842,0.000000,0.001597,0.000182,2,
0.030870,0.000521,0.001902,0.005212,0.015826,0.737363,0.000000,0.017732,0.146661,0.043914,5,
0.168638,0.010608,0.024250,0.013422,0.221354,0.024072,0.061553,0.039979,0.126185,0.309940,9,
0.012259,0.032997,0.023301,0.604152,0.028027,0.220173,0.002118,0.023093,0.028567,0.025314,3,
0.007239,0.000654,0.412273,0.006862,0.026308,0.002193,0.534881,0.001401,0.003361,0.004826,6,
0.367476,0.000109,0.140576,0.000466,0.311516,0.052096,0.092123,0.001976,0.026626,0.007036,0,
0.327777,0.000218,0.137300,0.007413,0.113342,0.015445,0.339376,0.011859,0.012978,0.034293,6,
0.021901,0.001489,0.015531,0.386463,0.004035,0.458894,0.000098,0.008942,0.072756,0.029892,3,
0.149945,0.008185,0.018841,0.118280,0.116146,0.049040,0.034839,0.054691,0.307025,0.143008,8,
0.109411,0.005100,0.021054,0.023131,0.061830,0.086484,0.046258,0.003420,0.586170,0.057145,5,
0.015035,0.002781,0.046939,0.004716,0.814319,0.012684,0.036737,0.013692,0.006598,0.046500,4,
0.000009,0.000028,0.000241,0.003820,0.001088,0.000482,0.000000,0.985909,0.001042,0.007380,7,
0.086846,0.002884,0.175254,0.457978,0.018931,0.171512,0.012979,0.011555,0.045829,0.016232,0,
0.001518,0.003435,0.013097,0.000125,0.006066,0.002673,0.970949,0.000011,0.001486,0.000639,6,
0.879490,0.003571,0.012494,0.007289,0.000935,0.038038,0.019054,0.000140,0.038237,0.000751,0,
0.025682,0.000253,0.016828,0.003046,0.220885,0.288717,0.000465,0.043147,0.052070,0.348907,4,
0.000509,0.019759,0.223318,0.693363,0.001221,0.029207,0.000311,0.005077,0.021654,0.005581,2,
0.000363,0.000743,0.000141,0.024276,0.007455,0.023363,0.000000,0.781486,0.004551,0.157621,9,
0.004548,0.001798,0.016951,0.001737,0.021952,0.002257,0.945989,0.000000,0.001569,0.003198,6,
0.000016,0.996458,0.001266,0.000115,0.000448,0.000152,0.000244,0.000777,0.000393,0.000132,1,
0.000177,0.004005,0.000141,0.008134,0.024230,0.004266,0.000011,0.694003,0.006396,0.258637,7,
0.039995,0.000880,0.086345,0.016330,0.500483,0.014470,0.080182,0.009219,0.018489,0.233607,4,
0.018253,0.007485,0.052683,0.655232,0.036590,0.126002,0.006024,0.060852,0.031585,0.005294,3,
0.005342,0.000877,0.003260,0.016648,0.001450,0.928169,0.008235,0.000357,0.031685,0.003978,5,
0.830623,0.000000,0.005648,0.007386,0.015357,0.041716,0.017241,0.013466,0.040641,0.027922,0,
0.175398,0.000626,0.016507,0.003032,0.004854,0.088207,0.016536,0.000861,0.685212,0.008766,8,
0.050109,0.011860,0.333296,0.419799,0.035982,0.059642,0.021635,0.024209,0.034877,0.008591,3,
0.013990,0.006886,0.009398,0.121078,0.016495,0.682108,0.000131,0.034920,0.052277,0.062717,5,
0.012048,0.030640,0.380963,0.295890,0.003051,0.186371,0.045380,0.019048,0.024973,0.001635,3,
0.000000,0.988079,0.002692,0.000538,0.002602,0.000150,0.000223,0.002120,0.000423,0.003174,1,
0.001827,0.001580,0.008721,0.000139,0.005074,0.003467,0.977435,0.000019,0.001089,0.000648,6,
0.234036,0.001298,0.016191,0.040765,0.019953,0.041286,0.033172,0.001560,0.563510,0.048229,8,
0.004461,0.015146,0.301925,0.001497,0.027306,0.013550,0.623812,0.007143,0.001695,0.003465,6,
0.006366,0.015864,0.016399,0.025470,0.429976,0.008189,0.333597,0.012109,0.062571,0.089458,0,
0.026448,0.000000,0.031560,0.018151,0.014420,0.196253,0.003846,0.022827,0.405694,0.280799,8,
0.004529,0.009280,0.014192,0.005328,0.016043,0.039984,0.895833,0.000016,0.011098,0.003698,6,
0.000567,0.000000,0.000950,0.004214,0.003998,0.023572,0.000000,0.929454,0.007021,0.030224,7,
0.002372,0.000493,0.021511,0.884081,0.006003,0.068769,0.000000,0.004436,0.010264,0.002070,3,
0.004579,0.030462,0.012476,0.014929,0.367265,0.023471,0.003836,0.052487,0.032612,0.457882,9,
0.000446,0.023267,0.091976,0.745169,0.010781,0.015940,0.000042,0.089398,0.005447,0.017536,7,
0.180193,0.000970,0.018930,0.009258,0.015001,0.073648,0.020840,0.000660,0.658428,0.022075,8,
0.082517,0.003170,0.014166,0.025300,0.078376,0.304751,0.060946,0.005480,0.356539,0.068755,5,
0.755866,0.000198,0.050148,0.010570,0.097189,0.021923,0.016224,0.005770,0.037792,0.004320,0,
0.002262,0.011356,0.008914,0.001696,0.011635,0.003508,0.958547,0.000000,0.001135,0.000947,6,
0.148700,0.049247,0.149027,0.237829,0.036215,0.162731,0.054736,0.023813,0.123966,0.013737,3,
0.815309,0.002358,0.004510,0.005783,0.030314,0.045545,0.040183,0.012744,0.031954,0.011298,0,
0.070701,0.001966,0.153116,0.643308,0.008033,0.018291,0.003943,0.005873,0.086172,0.008596,3,
0.043266,0.000221,0.044448,0.673706,0.007196,0.191460,0.015689,0.002185,0.011175,0.010653,3,
0.007987,0.004972,0.006270,0.015223,0.531658,0.003859,0.010661,0.070278,0.022002,0.327090,9,
0.002670,0.002760,0.005620,0.000549,0.013032,0.008159,0.961544,0.000027,0.002521,0.003117,6,
0.000009,0.000028,0.000182,0.004854,0.001507,0.000811,0.000000,0.980857,0.000873,0.010879,7,
0.001390,0.000383,0.001182,0.038687,0.000455,0.942664,0.001203,0.000107,0.010170,0.003759,5,
0.096482,0.005414,0.027386,0.026969,0.074507,0.039776,0.024116,0.008751,0.610388,0.086212,8,
0.022268,0.002613,0.016413,0.020939,0.010460,0.454832,0.414507,0.000475,0.055746,0.001748,6,
0.129813,0.002203,0.030250,0.046609,0.022735,0.035351,0.027301,0.004406,0.662754,0.038578,8,
0.000208,0.000231,0.000255,0.006065,0.006837,0.008318,0.000000,0.864175,0.000542,0.113369,7,
0.000018,0.995867,0.001257,0.000139,0.000590,0.000129,0.000352,0.000984,0.000463,0.000201,1,
0.002933,0.002515,0.000996,0.073824,0.017999,0.611100,0.000079,0.207602,0.018231,0.064721,5,
0.018205,0.012345,0.023914,0.022906,0.498053,0.012722,0.106330,0.069472,0.018011,0.218042,7,
0.049962,0.494836,0.285869,0.011403,0.056743,0.017444,0.050365,0.005270,0.028034,0.000073,1,
0.005829,0.135262,0.018460,0.070022,0.222449,0.131066,0.010477,0.086726,0.091921,0.227786,4,
0.088134,0.020428,0.065637,0.035729,0.405399,0.054309,0.117391,0.002624,0.197312,0.013037,4,
0.252993,0.002617,0.017383,0.052442,0.035541,0.028985,0.016460,0.009210,0.513106,0.071263,8,
0.001755,0.000394,0.005912,0.000202,0.009479,0.069481,0.904310,0.001190,0.003708,0.003568,6,
0.006325,0.005389,0.938449,0.016437,0.014092,0.000474,0.009437,0.003259,0.004693,0.001446,2,
0.256107,0.003724,0.020711,0.036433,0.031167,0.031386,0.056379,0.003005,0.497079,0.064011,8,
0.006630,0.007369,0.028835,0.017510,0.181881,0.015096,0.004308,0.037085,0.014630,0.686656,4,
0.013882,0.025265,0.043357,0.088814,0.267337,0.017036,0.002602,0.358715,0.023273,0.159720,4,
0.027352,0.000452,0.008853,0.018379,0.045004,0.660833,0.001444,0.036081,0.146070,0.055533,5,
0.003139,0.001265,0.140622,0.226508,0.092649,0.023099,0.413518,0.053415,0.040675,0.005110,3,
0.103399,0.016505,0.047939,0.077781,0.123736,0.056941,0.180732,0.006470,0.291969,0.094528,3,
0.017225,0.012393,0.006938,0.001965,0.015336,0.916248,0.000507,0.001824,0.026699,0.000864,5,
0.006987,0.001757,0.003609,0.017943,0.096757,0.010312,0.004436,0.104247,0.013316,0.740636,9,
0.010496,0.000587,0.867907,0.085487,0.007311,0.004355,0.007622,0.000424,0.015390,0.000421,2,
0.269296,0.009316,0.022041,0.043694,0.059651,0.084736,0.071294,0.003584,0.376007,0.060380,0,
0.007135,0.002537,0.002477,0.004358,0.361691,0.008540,0.003816,0.034354,0.029422,0.545670,4,
0.498943,0.000217,0.005857,0.142090,0.018165,0.293529,0.003189,0.007521,0.019713,0.010776,0,
0.876719,0.000000,0.040270,0.018201,0.000995,0.052297,0.002260,0.000765,0.008155,0.000338,0,
0.288740,0.008091,0.030856,0.044424,0.102757,0.032508,0.046641,0.026885,0.280313,0.138785,7,
0.124533,0.001601,0.022326,0.075231,0.159446,0.400962,0.003362,0.059145,0.027709,0.125686,5,
0.422474,0.000684,0.104422,0.004463,0.168155,0.014908,0.035483,0.133479,0.036327,0.079607,4,
0.209412,0.025677,0.063181,0.044330,0.166515,0.021918,0.230348,0.013890,0.129176,0.095554,0,
0.010087,0.000170,0.922154,0.047036,0.001077,0.000707,0.006947,0.004498,0.007169,0.000155,2,
0.103781,0.065006,0.021975,0.058046,0.211618,0.110763,0.103597,0.011560,0.196019,0.117635,4,
0.870195,0.000105,0.011920,0.010616,0.008153,0.018498,0.020523,0.000894,0.054570,0.004525,0,
0.000041,0.015061,0.889679,0.046882,0.004610,0.003656,0.010985,0.028959,0.000085,0.000043,2,
0.020580,0.003187,0.841214,0.084048,0.010354,0.007884,0.001198,0.027790,0.003495,0.000249,2,
0.006981,0.683977,0.038713,0.040353,0.103323,0.019545,0.018098,0.021928,0.028263,0.038820,1,
0.042672,0.007061,0.335809,0.131658,0.042576,0.039994,0.380890,0.000348,0.013871,0.005120,5,
0.000905,0.000167,0.005201,0.047538,0.000367,0.923646,0.001228,0.000136,0.016921,0.003891,5,
0.000210,0.987085,0.003657,0.002960,0.001530,0.000463,0.000313,0.001312,0.001072,0.001398,1,
0.288443,0.001230,0.008894,0.420325,0.008609,0.177977,0.000606,0.022673,0.061550,0.009694,0,
0.078516,0.000023,0.022331,0.039279,0.006856,0.052744,0.005626,0.001059,0.783228,0.010338,8,
0.000373,0.000655,0.117714,0.001290,0.006635,0.004304,0.867656,0.000000,0.000222,0.001150,6,
0.086056,0.000323,0.278622,0.008720,0.047677,0.025691,0.529314,0.014064,0.004912,0.004621,6,
0.006404,0.172455,0.108978,0.509816,0.005835,0.118977,0.011915,0.000045,0.064138,0.001437,3,
0.000278,0.000018,0.000289,0.014532,0.001119,0.004380,0.000000,0.963441,0.008553,0.007390,7,
0.123170,0.003078,0.027388,0.020623,0.089406,0.018019,0.649962,0.029824,0.030097,0.008434,6,
0.011034,0.013770,0.016114,0.009910,0.557287,0.005702,0.012513,0.022645,0.032844,0.318182,4,
0.812354,0.000000,0.006551,0.009577,0.008836,0.089752,0.000702,0.046996,0.007317,0.017915,0,
0.049731,0.008762,0.018273,0.123213,0.155236,0.026049,0.143963,0.024808,0.309169,0.140797,8,
0.000005,0.000028,0.000196,0.004872,0.000644,0.000444,0.000000,0.984678,0.000929,0.008205,7,
0.028384,0.001786,0.051943,0.018863,0.564730,0.014168,0.017124,0.016747,0.018746,0.267508,4,
0.002163,0.674114,0.021183,0.025661,0.155178,0.019572,0.018113,0.022756,0.015567,0.045692,1,
0.000045,0.966143,0.001621,0.004555,0.013885,0.000232,0.000342,0.008191,0.000168,0.004817,1,
0.004426,0.001744,0.004880,0.037252,0.002119,0.911871,0.003449,0.000810,0.020514,0.012935,5,
0.145634,0.006253,0.012380,0.004469,0.387011,0.099191,0.024231,0.046236,0.143984,0.130611,4,
0.000104,0.981508,0.002976,0.002810,0.004764,0.001520,0.000521,0.002913,0.001047,0.001836,1,
0.600709,0.000102,0.044956,0.020309,0.011586,0.145309,0.074157,0.000447,0.101095,0.001331,0,
0.046510,0.018030,0.135426,0.385577,0.063918,0.140551,0.012786,0.009694,0.154952,0.032555,3,
0.865643,0.000014,0.033865,0.001092,0.030969,0.012266,0.033815,0.002338,0.009342,0.010655,0,
0.007369,0.012217,0.003998,0.006535,0.313019,0.013652,0.010648,0.018253,0.067313,0.546995,9,
0.104336,0.002506,0.100396,0.032555,0.107288,0.011418,0.588584,0.002979,0.006505,0.043432,6,
0.000341,0.000784,0.000489,0.020516,0.010157,0.006317,0.000000,0.881053,0.001409,0.078934,7,
0.077888,0.033012,0.066101,0.038953,0.391368,0.139581,0.177751,0.008040,0.022275,0.045031,4,
0.000852,0.003228,0.003659,0.000117,0.003685,0.002497,0.984749,0.000007,0.000714,0.000491,6,
0.004495,0.059581,0.044406,0.737815,0.004637,0.039200,0.000134,0.050028,0.023546,0.036158,3,
0.000520,0.948113,0.005821,0.009809,0.015928,0.001355,0.001508,0.008097,0.001639,0.007209,1,
0.000037,0.990014,0.004135,0.000686,0.001996,0.000474,0.000496,0.000816,0.000712,0.000636,1,
0.008009,0.021080,0.035296,0.750884,0.004598,0.099129,0.001594,0.013643,0.047496,0.018271,3,
0.005795,0.012823,0.013322,0.011026,0.634381,0.005309,0.009579,0.025524,0.019403,0.262838,4,
0.059904,0.017633,0.016933,0.096283,0.271093,0.024951,0.063300,0.031553,0.266890,0.151460,8,
0.158711,0.005147,0.103881,0.058947,0.066178,0.034460,0.107014,0.004418,0.418856,0.042389,5,
0.094136,0.261102,0.077749,0.054191,0.151875,0.031347,0.127508,0.015543,0.117360,0.069188,1,
0.152558,0.015076,0.021339,0.043630,0.278324,0.136913,0.045534,0.021901,0.207806,0.076921,4,
0.099710,0.003635,0.023377,0.013163,0.064084,0.087233,0.049879,0.002957,0.586585,0.069379,8,
0.235874,0.001064,0.038582,0.037856,0.010834,0.040631,0.025149,0.001586,0.573219,0.035205,0,
0.093136,0.002246,0.106577,0.009936,0.110182,0.039360,0.194665,0.003282,0.301357,0.139260,2,
0.001762,0.917432,0.011954,0.014131,0.016234,0.002732,0.016661,0.005722,0.011198,0.002174,1,
0.013539,0.003184,0.855835,0.033847,0.006797,0.003750,0.019835,0.022130,0.039230,0.001854,2,
0.022296,0.007888,0.018052,0.033264,0.045714,0.068119,0.002076,0.140198,0.090991,0.571404,9,
0.039951,0.000150,0.003895,0.013999,0.035885,0.638260,0.000037,0.051002,0.116622,0.100199,7,
0.115547,0.002757,0.174331,0.040690,0.189467,0.062393,0.199972,0.017660,0.160603,0.036579,6,
0.071151,0.002502,0.483756,0.037515,0.131857,0.009299,0.155492,0.058590,0.044912,0.004927,4,
0.000000,0.953963,0.002702,0.004350,0.014403,0.000679,0.000455,0.015435,0.000239,0.007773,1,
0.487128,0.003254,0.039078,0.070003,0.134546,0.056366,0.060191,0.026955,0.097952,0.024526,0,
0.000620,0.979508,0.008071,0.000662,0.001720,0.000316,0.002694,0.002391,0.003459,0.000558,1,
0.063829,0.000000,0.077185,0.128013,0.154835,0.177291,0.009894,0.179287,0.066708,0.142959,8,
0.241737,0.000000,0.061944,0.019558,0.083909,0.090213,0.385464,0.004084,0.108900,0.004191,6,
0.004535,0.007016,0.434983,0.035378,0.377816,0.003480,0.039202,0.001617,0.013133,0.082841,2,
0.001267,0.010402,0.122698,0.743592,0.002193,0.007175,0.000011,0.093916,0.006937,0.011810,3,
0.001239,0.000608,0.966600,0.004086,0.014552,0.000270,0.005524,0.005290,0.000704,0.001127,2,
0.000016,0.995660,0.001807,0.000154,0.000301,0.000149,0.000214,0.000926,0.000684,0.000089,1,
0.004219,0.003100,0.766766,0.003228,0.029214,0.006192,0.171419,0.003545,0.000301,0.012014,2,
0.002182,0.001821,0.004001,0.001590,0.006741,0.003881,0.977746,0.000054,0.001271,0.000714,6,
0.050793,0.042024,0.021733,0.057383,0.202218,0.076735,0.021293,0.056408,0.177121,0.294291,4,
0.007759,0.000321,0.042476,0.734506,0.003556,0.117006,0.000501,0.014824,0.058161,0.020890,3,
0.072635,0.004903,0.449750,0.025303,0.094692,0.010331,0.292141,0.008503,0.012249,0.029492,2,
0.016286,0.079785,0.462340,0.003609,0.132717,0.005817,0.281330,0.006747,0.006490,0.004879,2,
0.006944,0.000034,0.939392,0.000782,0.003571,0.002381,0.043080,0.000021,0.000000,0.003795,2,
0.001362,0.002342,0.002292,0.020598,0.054621,0.021459,0.000267,0.207964,0.009392,0.679701,9,
0.001924,0.001298,0.017820,0.949175,0.000138,0.020507,0.000010,0.002797,0.003719,0.002613,3,
0.170701,0.016572,0.023730,0.112351,0.050674,0.156388,0.023423,0.005480,0.404014,0.036667,0,
0.000103,0.909088,0.001319,0.005683,0.034391,0.010486,0.003370,0.015664,0.002172,0.017723,1,
0.161858,0.005037,0.012853,0.032333,0.107586,0.103560,0.013518,0.024766,0.317357,0.221131,9,
0.549100,0.001649,0.131952,0.000060,0.134791,0.006474,0.149573,0.005861,0.016738,0.003804,0,
0.036967,0.012941,0.026076,0.071607,0.043239,0.478644,0.049495,0.011261,0.225017,0.044753,9,
0.000000,0.000010,0.001132,0.006643,0.002259,0.001974,0.000000,0.975022,0.001544,0.011416,7,
0.008972,0.002299,0.072265,0.858050,0.002702,0.012499,0.003834,0.009226,0.023999,0.006154,3,
0.150840,0.003791,0.017735,0.078556,0.119524,0.129466,0.005408,0.056604,0.176824,0.261252,4,
0.013461,0.000227,0.025752,0.002394,0.014336,0.000281,0.939974,0.000181,0.000527,0.002867,6,
0.000018,0.996020,0.001234,0.000142,0.000575,0.000128,0.000321,0.000922,0.000456,0.000185,1,
0.101415,0.018229,0.012376,0.028815,0.330456,0.053862,0.030091,0.079590,0.083685,0.261482,5,
0.081264,0.000497,0.507128,0.074660,0.060486,0.035686,0.201713,0.004368,0.033192,0.001005,2,
0.004211,0.001769,0.009877,0.171641,0.002971,0.747060,0.000034,0.002396,0.027143,0.032898,5,
0.012460,0.018196,0.017518,0.349143,0.013715,0.374861,0.000625,0.046407,0.068947,0.098128,3,
0.003601,0.002372,0.013507,0.000905,0.012553,0.004666,0.955265,0.000000,0.005940,0.001191,6,
0.240261,0.008055,0.036816,0.036709,0.122196,0.020208,0.063341,0.021587,0.199411,0.251416,9,
0.122065,0.000042,0.012377,0.042142,0.008204,0.138053,0.003928,0.000624,0.661048,0.011518,8,
0.000005,0.000028,0.000163,0.004265,0.000609,0.000553,0.000000,0.983676,0.000951,0.009750,7,
0.638038,0.000000,0.011373,0.045961,0.011116,0.070467,0.008042,0.035082,0.116118,0.063801,0,
0.019644,0.009493,0.630179,0.024392,0.068342,0.007775,0.208893,0.007272,0.005464,0.018547,2,
0.004354,0.001326,0.002964,0.017778,0.077237,0.005751,0.001046,0.096227,0.011254,0.782064,9,
0.591870,0.003571,0.039530,0.123663,0.000824,0.215032,0.008002,0.000545,0.016680,0.000283,0,
0.140634,0.004368,0.061783,0.031851,0.114927,0.006915,0.522992,0.003803,0.043784,0.068943,6,
0.001487,0.071334,0.042470,0.002079,0.111144,0.094657,0.562478,0.000296,0.020502,0.093555,6,
0.008503,0.004793,0.001349,0.012203,0.051474,0.055972,0.000254,0.402905,0.039876,0.422671,9,
0.136854,0.007173,0.078604,0.029906,0.039621,0.050497,0.522912,0.001778,0.113385,0.019272,6,
0.189377,0.012666,0.050183,0.048266,0.082209,0.031038,0.065568,0.009514,0.416615,0.094564,0,
0.026837,0.003902,0.449194,0.027605,0.144604,0.016781,0.292098,0.011308,0.003054,0.024616,2,
0.151374,0.002401,0.021852,0.029635,0.019205,0.140238,0.125849,0.000540,0.477009,0.031898,8,
0.000084,0.896765,0.006448,0.020508,0.019598,0.000643,0.000891,0.036285,0.000736,0.018044,1,
0.031674,0.002022,0.044399,0.005945,0.701766,0.012473,0.117417,0.026488,0.013536,0.044280,4,
0.008286,0.379795,0.068606,0.006457,0.039931,0.013685,0.325929,0.000332,0.143249,0.013728,1,
0.000200,0.094337,0.685440,0.128659,0.019681,0.000432,0.006205,0.058881,0.004642,0.001523,2,
0.005459,0.129629,0.179977,0.479719,0.013891,0.162301,0.013008,0.004650,0.007936,0.003430,5,
0.011665,0.001779,0.002948,0.001469,0.855263,0.051604,0.009126,0.018843,0.013095,0.034209,4,
0.224807,0.005927,0.014687,0.035187,0.079962,0.041547,0.036531,0.014429,0.367975,0.178948,8,
0.044907,0.000000,0.003312,0.058162,0.029457,0.627975,0.003762,0.018598,0.166685,0.047143,5,
0.000278,0.000455,0.000660,0.016122,0.016377,0.012441,0.000006,0.742638,0.004382,0.206641,9,
0.000089,0.982200,0.004308,0.001037,0.004991,0.000504,0.000442,0.001018,0.000934,0.004477,1,
0.001984,0.005343,0.003353,0.097683,0.046657,0.037988,0.000655,0.300639,0.032134,0.473564,9,
0.176110,0.003950,0.243581,0.007750,0.142447,0.009321,0.384151,0.012104,0.010686,0.009901,6,
0.040273,0.005513,0.025626,0.018445,0.016558,0.859389,0.001060,0.005987,0.023978,0.003170,5,
0.080558,0.000066,0.016235,0.260530,0.096383,0.304010,0.000826,0.157237,0.041063,0.043092,3,
0.002803,0.002295,0.003246,0.000842,0.012867,0.021344,0.947638,0.000016,0.005695,0.003255,6,
0.002124,0.002070,0.918200,0.011549,0.010128,0.000975,0.044898,0.002717,0.001293,0.006046,2,
0.229038,0.000000,0.032964,0.290722,0.002788,0.239014,0.004244,0.005119,0.180182,0.015930,5,
0.012988,0.002527,0.005585,0.014167,0.122811,0.010519,0.004161,0.059583,0.020439,0.747220,9,
0.010027,0.009437,0.011430,0.099581,0.124177,0.040386,0.003003,0.586349,0.020379,0.095231,7,
0.001744,0.005650,0.011334,0.000184,0.009228,0.003803,0.965616,0.000054,0.001114,0.001273,6,
0.130916,0.005951,0.038535,0.006819,0.181283,0.029778,0.351068,0.012696,0.118387,0.124566,6,
0.124181,0.001344,0.181903,0.041409,0.192878,0.063827,0.139105,0.014931,0.217695,0.022727,2,
0.001565,0.000801,0.001884,0.015864,0.038802,0.008568,0.000110,0.213286,0.010390,0.708730,9,
0.879100,0.000014,0.039934,0.000550,0.033872,0.012459,0.013078,0.006749,0.008055,0.006189,0,
0.090922,0.002696,0.035146,0.119260,0.239943,0.229235,0.007414,0.071166,0.085456,0.118763,4,
0.010590,0.015344,0.016005,0.035486,0.231201,0.032895,0.006591,0.120053,0.098893,0.432941,9,
0.006914,0.005818,0.018388,0.021389,0.448767,0.004854,0.007593,0.075385,0.023418,0.387475,7,
0.005444,0.004073,0.013688,0.000076,0.032792,0.010139,0.929048,0.000132,0.002698,0.001910,6,
0.000797,0.089657,0.042839,0.013105,0.206365,0.017553,0.000665,0.269636,0.025869,0.333515,7,
0.938068,0.000000,0.001714,0.010242,0.002968,0.034524,0.003504,0.003186,0.002648,0.003146,0,
0.192733,0.004091,0.015608,0.046805,0.030723,0.048387,0.010823,0.011106,0.538737,0.100987,8,
0.000238,0.095334,0.007728,0.057519,0.058484,0.013159,0.001344,0.352215,0.016889,0.397089,9,
0.000053,0.000018,0.000678,0.005614,0.003282,0.000422,0.000000,0.980035,0.000791,0.009107,7,
0.017868,0.003792,0.804728,0.113536,0.008827,0.005527,0.018500,0.005239,0.020581,0.001403,2,
0.000862,0.001166,0.009861,0.000069,0.002415,0.002989,0.979036,0.000000,0.003126,0.000476,6,
0.001514,0.909206,0.006789,0.024495,0.003990,0.010617,0.000414,0.009109,0.018056,0.015810,1,
0.000018,0.996181,0.001180,0.000142,0.000594,0.000128,0.000330,0.000847,0.000449,0.000131,1,
0.958874,0.000000,0.000125,0.013379,0.007843,0.007748,0.007565,0.003873,0.000405,0.000187,0,
0.000070,0.001386,0.000049,0.007022,0.016459,0.002844,0.000024,0.741676,0.003958,0.226511,7,
0.273110,0.005490,0.021788,0.050770,0.045205,0.026103,0.022457,0.018366,0.443913,0.092798,0,
0.158051,0.000885,0.185653,0.008766,0.139429,0.068013,0.181596,0.001636,0.106109,0.149862,9,
0.004743,0.008367,0.007114,0.085231,0.000616,0.879311,0.006577,0.000651,0.005617,0.001773,5,
0.003119,0.008157,0.036641,0.875102,0.002517,0.030733,0.000039,0.011981,0.022399,0.009312,3,
0.000293,0.981352,0.005637,0.001953,0.002615,0.001857,0.000556,0.002151,0.001137,0.002450,1,
0.041622,0.033202,0.203958,0.017900,0.047001,0.007566,0.607423,0.001152,0.030263,0.009914,6,
0.051077,0.000417,0.096648,0.012465,0.606861,0.023210,0.121908,0.015500,0.023531,0.048383,4,
0.004708,0.871613,0.053976,0.010114,0.005052,0.005155,0.009977,0.001774,0.032151,0.005479,1,
0.191248,0.017306,0.036905,0.047935,0.079072,0.042056,0.092403,0.007871,0.366076,0.119128,8,
0.043593,0.000442,0.068467,0.019469,0.468568,0.035877,0.061759,0.160237,0.029504,0.112082,9,
0.019447,0.002196,0.007059,0.002237,0.008302,0.935859,0.000275,0.001697,0.021454,0.001475,5,
0.000016,0.994653,0.001361,0.000274,0.000528,0.000375,0.001000,0.000872,0.000426,0.000496,1,
0.022369,0.001245,0.001561,0.003313,0.619903,0.218156,0.016754,0.007616,0.071849,0.037235,4,
0.001015,0.009277,0.001728,0.056042,0.101479,0.020289,0.002433,0.189562,0.009476,0.608699,9,
0.024924,0.000024,0.010344,0.000197,0.874428,0.039992,0.028575,0.004517,0.015001,0.001997,4,
0.031147,0.000867,0.004577,0.063834,0.024857,0.036918,0.000572,0.234876,0.045525,0.556828,9,
0.900843,0.000015,0.012595,0.009599,0.014456,0.007330,0.020930,0.000628,0.029666,0.003939,0,
0.042205,0.008957,0.808624,0.095488,0.005733,0.010254,0.010496,0.002550,0.015596,0.000097,2,
0.001892,0.002858,0.047057,0.014875,0.021524,0.000939,0.903720,0.003389,0.002123,0.001623,6,
0.176028,0.012342,0.030855,0.048824,0.126376,0.037756,0.030689,0.020080,0.384018,0.133032,8,
0.090235,0.000401,0.013922,0.049032,0.007320,0.122175,0.003593,0.001809,0.688393,0.023120,8,
0.000016,0.992183,0.001938,0.000358,0.001127,0.000783,0.000624,0.001138,0.000665,0.001168,1,
0.395488,0.000906,0.169958,0.004886,0.182222,0.010776,0.170737,0.012013,0.008256,0.044757,0,
0.000018,0.996462,0.001149,0.000127,0.000508,0.000113,0.000316,0.000762,0.000391,0.000152,1,
0.039335,0.000036,0.056170,0.004828,0.051491,0.000818,0.824568,0.000222,0.007050,0.015482,6,
0.914584,0.000118,0.004704,0.002250,0.004717,0.010654,0.011987,0.000588,0.046169,0.004228,0,
0.017059,0.128351,0.031385,0.038190,0.219474,0.056760,0.406565,0.010830,0.034890,0.056496,4,
0.735767,0.000000,0.079352,0.009487,0.018447,0.015586,0.081649,0.000518,0.057900,0.001293,0,
0.000000,0.000063,0.000536,0.005372,0.001449,0.000922,0.000000,0.980231,0.004595,0.006832,7,
0.022431,0.122821,0.046481,0.046203,0.231617,0.208642,0.061153,0.044982,0.087719,0.127953,9,
0.000009,0.000064,0.000456,0.009931,0.000883,0.001152,0.000000,0.977818,0.002114,0.007574,7,
0.037178,0.048260,0.105425,0.055862,0.182351,0.044368,0.007310,0.229259,0.032158,0.257828,4,
0.374372,0.008333,0.083496,0.007696,0.086627,0.041671,0.100521,0.023750,0.208618,0.064915,0,
0.000000,0.000379,0.000224,0.024400,0.011217,0.000795,0.000000,0.913374,0.002081,0.047531,7,
0.270840,0.003748,0.028586,0.068720,0.029247,0.036009,0.042167,0.003167,0.462168,0.055349,8,
0.212666,0.000000,0.007017,0.076490,0.016374,0.312025,0.006505,0.062880,0.188161,0.117881,5,
0.134127,0.000660,0.053835,0.721894,0.000034,0.083250,0.000000,0.004693,0.000763,0.000744,3,
0.003620,0.003052,0.017015,0.881512,0.000533,0.063837,0.000000,0.008032,0.012372,0.010027,3,
0.005286,0.022747,0.782400,0.006249,0.003318,0.023548,0.137274,0.000090,0.018749,0.000339,2,
0.207493,0.000000,0.126795,0.004358,0.017013,0.074839,0.020279,0.000115,0.537192,0.011916,8,
0.000359,0.830363,0.013324,0.016552,0.099530,0.003220,0.001996,0.008192,0.001560,0.024904,1,
0.273274,0.002135,0.042678,0.047162,0.021275,0.029434,0.039487,0.004976,0.497742,0.041837,8,
0.618193,0.000000,0.043033,0.012160,0.108299,0.024187,0.039148,0.067272,0.019684,0.068024,0,
0.000455,0.952230,0.003195,0.001706,0.002331,0.000827,0.008503,0.027061,0.002678,0.001015,1,
0.006699,0.004188,0.005100,0.004425,0.312087,0.012060,0.009156,0.020502,0.037013,0.588770,9,
0.152246,0.017211,0.090201,0.109027,0.147572,0.039637,0.044947,0.044313,0.233154,0.121694,2,
0.133739,0.000156,0.109063,0.271865,0.042050,0.097681,0.048154,0.054607,0.223306,0.019380,7,
0.000016,0.995743,0.001109,0.000355,0.000701,0.000260,0.000299,0.000917,0.000413,0.000186,1,
0.052763,0.029286,0.028283,0.113744,0.139384,0.302669,0.074934,0.112526,0.093719,0.052692,5,
0.000882,0.007697,0.002176,0.037271,0.110533,0.015639,0.001772,0.183986,0.009323,0.630722,9,
0.000659,0.006131,0.977308,0.002570,0.003747,0.002354,0.005417,0.000000,0.000029,0.001786,2,
0.008523,0.004831,0.010032,0.015103,0.513973,0.003648,0.012121,0.067631,0.019619,0.344520,9,
0.307485,0.002274,0.017673,0.033790,0.067312,0.029189,0.037141,0.011480,0.356373,0.137284,0,
0.000067,0.001142,0.000234,0.012438,0.039774,0.011044,0.000000,0.733995,0.003966,0.197340,7,
0.123678,0.000276,0.065897,0.244261,0.003928,0.278828,0.011941,0.000942,0.266291,0.003958,8,
0.033723,0.014396,0.065482,0.009157,0.178813,0.098912,0.582863,0.000962,0.006093,0.009600,6,
0.039744,0.004494,0.010090,0.025343,0.379113,0.154995,0.020014,0.062500,0.141702,0.162006,4,
0.442234,0.000736,0.059564,0.005538,0.259876,0.017984,0.116051,0.051400,0.030913,0.015705,4,
0.004064,0.102015,0.008693,0.094713,0.209774,0.010037,0.003478,0.338288,0.052435,0.176504,9,
0.060809,0.010060,0.052128,0.005354,0.570589,0.072204,0.140626,0.021222,0.042026,0.024980,4,
0.214544,0.029093,0.020325,0.025671,0.302843,0.148051,0.064463,0.025861,0.089861,0.079288,4,
0.000000,0.808142,0.045084,0.002536,0.000576,0.000427,0.000066,0.142914,0.000187,0.000068,1,
0.074440,0.005774,0.006423,0.020784,0.183539,0.060083,0.005505,0.117125,0.118182,0.408145,4,
0.176111,0.003481,0.016389,0.039820,0.057433,0.038379,0.039770,0.005540,0.507450,0.115628,8,
0.004182,0.068859,0.010785,0.018469,0.441597,0.083198,0.014934,0.057266,0.078842,0.221869,9,
0.000362,0.784600,0.008116,0.026214,0.099716,0.006730,0.012231,0.041077,0.003531,0.017424,1,
0.000078,0.000033,0.000488,0.006513,0.000864,0.001245,0.000000,0.978834,0.003841,0.008103,7,
0.065332,0.000000,0.742755,0.128467,0.014286,0.018834,0.009932,0.000000,0.016823,0.003571,2,
0.920898,0.000000,0.007815,0.006761,0.000437,0.048238,0.008992,0.000055,0.002757,0.004046,0,
0.003760,0.001863,0.017093,0.655178,0.018585,0.175567,0.000463,0.011837,0.050583,0.065070,3,
0.052902,0.004451,0.028203,0.001411,0.336517,0.288636,0.046758,0.061514,0.112623,0.066985,5,
0.955873,0.000000,0.007945,0.004355,0.000492,0.026687,0.001253,0.000052,0.002945,0.000398,0,
0.286270,0.000261,0.061539,0.069357,0.085256,0.078607,0.048723,0.040693,0.310365,0.018929,8,
0.019283,0.020744,0.042627,0.008579,0.588143,0.015012,0.046013,0.009434,0.029191,0.220975,4,
0.001323,0.002194,0.007957,0.000607,0.003904,0.003334,0.978952,0.000007,0.000871,0.000850,6,
0.113504,0.000269,0.015725,0.010248,0.013383,0.046150,0.012453,0.001550,0.772579,0.014140,8,
0.491212,0.000000,0.004860,0.006393,0.019624,0.015011,0.004321,0.438276,0.000272,0.020032,0,
0.034544,0.042814,0.020512,0.009108,0.529797,0.025662,0.272306,0.005750,0.025205,0.034303,4,
0.000549,0.050106,0.904595,0.006527,0.003571,0.000170,0.000325,0.000711,0.033337,0.000108,2,
0.005306,0.020478,0.009058,0.075505,0.094597,0.037442,0.000438,0.285078,0.028486,0.443612,7,
0.089823,0.000375,0.020050,0.039344,0.029955,0.076040,0.002899,0.005658,0.712581,0.023275,8,
0.991765,0.000000,0.000927,0.000665,0.000390,0.003955,0.000858,0.000093,0.001203,0.000143,0,
0.088555,0.004008,0.066975,0.005820,0.049636,0.068142,0.677434,0.002491,0.035880,0.001057,6,
0.034884,0.001283,0.040391,0.001130,0.732734,0.146321,0.033784,0.001026,0.005801,0.002646,4,
0.012939,0.000336,0.088669,0.760063,0.000659,0.090482,0.000155,0.008149,0.028909,0.009639,3,
0.226101,0.000383,0.015512,0.003004,0.014227,0.088427,0.034827,0.002391,0.603363,0.011765,8,
0.001070,0.003174,0.025164,0.943785,0.000275,0.012494,0.000167,0.004657,0.005769,0.003445,3,
0.418373,0.000586,0.047409,0.052159,0.068032,0.107365,0.010585,0.006323,0.157470,0.131696,0,
0.025013,0.032244,0.074253,0.013683,0.570049,0.013309,0.082886,0.010619,0.020574,0.157370,4,
