0, 1, 2, 3, 4, 5, 6, 7, 8, 9, True
0.014693,0.000367,0.556629,0.017411,0.001196,0.002321,0.032721,0.000349,0.373488,0.000826,8,
0.000329,0.004676,0.001298,0.008224,0.036037,0.006481,0.000127,0.796310,0.002646,0.143871,7,
0.030693,0.128603,0.379240,0.326752,0.018314,0.032631,0.023676,0.021442,0.028411,0.010237,3,
0.000125,0.995840,0.000854,0.001040,0.000247,0.000773,0.000198,0.000627,0.000130,0.000165,1,
0.001620,0.004470,0.609148,0.013205,0.048491,0.000965,0.316702,0.004518,0.000197,0.000683,2,
0.009144,0.003496,0.004351,0.024098,0.055193,0.025286,0.000236,0.505562,0.012189,0.360446,7,
0.003537,0.951404,0.018355,0.002444,0.003696,0.004565,0.010688,0.000856,0.003274,0.001181,1,
0.008522,0.002754,0.858960,0.061665,0.001664,0.002376,0.048753,0.000196,0.014813,0.000298,2,
0.018704,0.015136,0.004064,0.023860,0.062959,0.244706,0.001317,0.507791,0.024518,0.096944,7,
0.000666,0.000048,0.000275,0.052021,0.004196,0.010917,0.000039,0.879883,0.002258,0.049697,7,
0.385932,0.001290,0.010220,0.004795,0.172797,0.331373,0.007980,0.011933,0.025512,0.048167,5,
0.000528,0.001022,0.840549,0.105020,0.000651,0.001069,0.047305,0.000086,0.003652,0.000118,2,
0.367594,0.002646,0.009174,0.016693,0.007697,0.338212,0.002793,0.008216,0.224269,0.022706,8,
0.000572,0.000076,0.000272,0.022420,0.003567,0.005158,0.000009,0.881086,0.001975,0.084866,9,
0.073228,0.006706,0.076429,0.431643,0.004971,0.286710,0.003043,0.006420,0.100658,0.010191,2,
0.327208,0.000799,0.068419,0.021900,0.021088,0.208976,0.006013,0.001944,0.316425,0.027228,8,
0.007636,0.039413,0.019927,0.009778,0.587330,0.023289,0.013756,0.023799,0.016301,0.258771,4,
0.000217,0.988113,0.001635,0.000225,0.004653,0.000783,0.002875,0.000901,0.000074,0.000522,1,
0.000367,0.970847,0.002104,0.004326,0.001015,0.001403,0.000084,0.017898,0.000372,0.001585,1,
0.042413,0.008719,0.079392,0.241511,0.003552,0.034339,0.000821,0.004583,0.562835,0.021836,2,
0.004086,0.006100,0.005399,0.009951,0.248340,0.012297,0.001093,0.212633,0.011382,0.488718,9,
0.063981,0.003631,0.042992,0.023098,0.349240,0.093292,0.007121,0.011961,0.019800,0.384885,9,
0.003625,0.001136,0.003730,0.016669,0.199182,0.010548,0.000796,0.337746,0.008911,0.417657,7,
0.000453,0.000073,0.020879,0.000860,0.011928,0.001871,0.963321,0.000165,0.000191,0.000260,6,
0.005721,0.000239,0.001986,0.014121,0.188010,0.017378,0.000840,0.214249,0.013938,0.543517,9,
0.001290,0.066040,0.004361,0.007202,0.189430,0.011345,0.000839,0.470259,0.003810,0.245426,7,
0.002910,0.014491,0.820115,0.017333,0.011911,0.002105,0.125326,0.000452,0.004539,0.000817,2,
0.000204,0.989700,0.002284,0.000286,0.001001,0.000567,0.005431,0.000243,0.000126,0.000158,1,
0.142355,0.006276,0.097680,0.309571,0.008499,0.287735,0.005309,0.008419,0.120157,0.013998,3,
0.000995,0.066930,0.002274,0.017198,0.008171,0.008679,0.000160,0.848574,0.001963,0.045055,7,
0.242699,0.002846,0.065134,0.168854,0.003289,0.493517,0.002415,0.004552,0.013894,0.002801,0,
0.017419,0.002570,0.005612,0.024248,0.248283,0.113204,0.002645,0.086071,0.070929,0.429019,9,
0.010007,0.002246,0.045889,0.249490,0.000417,0.655736,0.003795,0.000362,0.031681,0.000377,5,
0.236755,0.000139,0.005240,0.054748,0.003293,0.062862,0.001561,0.001736,0.601852,0.031816,8,
0.010880,0.025300,0.038303,0.745682,0.006623,0.118572,0.001335,0.020545,0.016406,0.016354,3,
0.000377,0.000287,0.001029,0.026792,0.009626,0.006093,0.000093,0.943324,0.000588,0.011791,7,
0.027432,0.000801,0.010842,0.540434,0.005875,0.016797,0.001270,0.074640,0.270544,0.051365,8,
0.000285,0.000015,0.046095,0.000225,0.004721,0.000438,0.948067,0.000028,0.000079,0.000045,6,
0.139516,0.008239,0.052237,0.027699,0.142703,0.223889,0.285516,0.010502,0.076374,0.033324,4,
0.047403,0.016870,0.220314,0.367366,0.001137,0.188323,0.008253,0.000760,0.148508,0.001067,2,
0.000921,0.000061,0.027098,0.000091,0.011843,0.000935,0.958241,0.000038,0.000409,0.000363,6,
0.001758,0.566116,0.195491,0.207269,0.005666,0.005790,0.002958,0.009344,0.003433,0.002175,3,
0.013636,0.003287,0.209785,0.002164,0.090146,0.006516,0.666468,0.005467,0.000753,0.001777,6,
0.181071,0.015262,0.151022,0.183265,0.019513,0.351326,0.046459,0.011966,0.026845,0.013271,3,
0.264892,0.003268,0.019608,0.004180,0.009624,0.096950,0.299251,0.002931,0.293683,0.005612,0,
0.016238,0.001241,0.013917,0.000609,0.058339,0.020620,0.873142,0.000721,0.005527,0.009646,6,
0.036762,0.000057,0.001625,0.038162,0.000507,0.432407,0.000170,0.000422,0.484893,0.004995,5,
0.031881,0.000739,0.004246,0.054267,0.120289,0.080326,0.002245,0.281383,0.044207,0.380417,9,
0.446600,0.000991,0.057218,0.054631,0.131505,0.103216,0.010102,0.012428,0.043822,0.139487,0,
0.000309,0.000035,0.000369,0.009111,0.018630,0.002453,0.000028,0.778253,0.001826,0.188985,7,
0.001063,0.003904,0.001021,0.034683,0.019588,0.029453,0.000154,0.778642,0.007632,0.123860,7,
0.012386,0.000934,0.002632,0.068526,0.085500,0.146811,0.001118,0.329870,0.043580,0.308643,3,
0.631724,0.000583,0.005401,0.043872,0.002431,0.279114,0.000507,0.028880,0.002384,0.005105,0,
0.001059,0.983225,0.004187,0.002497,0.001543,0.001500,0.000569,0.002840,0.001310,0.001269,1,
0.116605,0.002755,0.138127,0.099352,0.023327,0.216379,0.144343,0.001907,0.246318,0.010887,5,
0.004828,0.000141,0.000701,0.001262,0.148577,0.011588,0.000563,0.033005,0.022055,0.777279,9,
0.097104,0.000600,0.011314,0.028194,0.227253,0.048293,0.016975,0.008771,0.199534,0.361961,9,
0.009829,0.000941,0.012054,0.255030,0.017544,0.005238,0.001115,0.160947,0.254078,0.283225,3,
0.040016,0.002221,0.111713,0.048882,0.000650,0.242472,0.004999,0.000258,0.547910,0.000878,2,
0.048587,0.001065,0.178137,0.016426,0.562205,0.033127,0.105141,0.001938,0.007854,0.045521,4,
0.007723,0.000292,0.001252,0.002199,0.124383,0.015020,0.000972,0.018000,0.043276,0.786884,9,
0.001160,0.000113,0.007617,0.980382,0.000006,0.008113,0.000020,0.000210,0.002365,0.000016,3,
0.018977,0.034678,0.035890,0.082425,0.213522,0.043980,0.004050,0.133200,0.057830,0.375448,9,
0.013165,0.000143,0.307185,0.002886,0.007830,0.004046,0.662841,0.000253,0.001444,0.000207,6,
0.024189,0.000070,0.000553,0.003147,0.057978,0.019986,0.000318,0.028601,0.099166,0.765993,8,
0.000001,0.997655,0.001125,0.000528,0.000120,0.000114,0.000228,0.000139,0.000029,0.000061,1,
0.030175,0.000264,0.005036,0.007576,0.285133,0.031466,0.009706,0.002247,0.132340,0.496056,4,
0.034202,0.000159,0.311935,0.000175,0.000806,0.022372,0.629169,0.000109,0.000920,0.000154,2,
0.026193,0.000664,0.075887,0.003343,0.113092,0.012968,0.734182,0.001081,0.015249,0.017342,6,
0.047978,0.000256,0.005423,0.139601,0.003654,0.058435,0.000358,0.007994,0.648284,0.088018,3,
0.061683,0.014901,0.088174,0.324121,0.064193,0.124145,0.013982,0.022300,0.173828,0.112673,3,
0.006243,0.184780,0.387363,0.310641,0.029585,0.007156,0.007551,0.043648,0.010972,0.012063,2,
0.232549,0.002144,0.051184,0.090739,0.072605,0.127743,0.006268,0.233142,0.052054,0.131570,0,
0.081202,0.000401,0.009946,0.057229,0.010199,0.047919,0.000805,0.007115,0.639068,0.146117,8,
0.811750,0.000218,0.010040,0.007400,0.000177,0.167580,0.000032,0.000571,0.002095,0.000137,0,
0.025055,0.002214,0.050169,0.812750,0.003649,0.082579,0.001494,0.007458,0.010085,0.004547,3,
0.010496,0.003128,0.620483,0.314854,0.002315,0.004376,0.017318,0.001551,0.024499,0.000979,2,
0.006220,0.000672,0.003810,0.017934,0.157849,0.017396,0.002459,0.106497,0.023097,0.664065,9,
0.025887,0.779627,0.065735,0.024219,0.016308,0.009905,0.005146,0.012054,0.040559,0.020559,1,
0.248685,0.003268,0.383038,0.006548,0.216559,0.022928,0.093392,0.008972,0.005267,0.011343,0,
0.004895,0.000126,0.040753,0.005239,0.010716,0.006754,0.918921,0.000465,0.008116,0.004015,6,
0.042452,0.016664,0.014781,0.135767,0.028911,0.160041,0.001710,0.219067,0.130006,0.250602,7,
0.000420,0.000672,0.911647,0.007362,0.000606,0.000122,0.078901,0.000032,0.000222,0.000018,2,
0.011253,0.000209,0.001057,0.104399,0.001720,0.033329,0.000151,0.760542,0.027499,0.059840,7,
0.011133,0.181349,0.017541,0.066581,0.026280,0.037164,0.002366,0.469590,0.025894,0.162100,9,
0.175065,0.003971,0.156380,0.029053,0.324362,0.037332,0.062946,0.046658,0.036335,0.127897,2,
0.000405,0.001289,0.006231,0.931585,0.000335,0.001393,0.000011,0.053455,0.002639,0.002656,3,
0.025813,0.000048,0.000717,0.002429,0.009027,0.003849,0.000080,0.009989,0.160704,0.787342,9,
0.431960,0.000519,0.002673,0.009300,0.009042,0.474366,0.001153,0.013536,0.043133,0.014320,5,
0.000197,0.003127,0.002001,0.016756,0.009763,0.001077,0.000083,0.900002,0.001695,0.065300,7,
0.742182,0.000720,0.037799,0.001020,0.117747,0.025142,0.065639,0.001583,0.003907,0.004262,0,
0.047436,0.000368,0.209753,0.001505,0.075449,0.004175,0.653674,0.001441,0.003879,0.002320,6,
0.003586,0.237148,0.582613,0.003693,0.016389,0.002584,0.148564,0.001584,0.001859,0.001981,2,
0.000131,0.001867,0.001534,0.005939,0.019307,0.000754,0.000078,0.904206,0.000607,0.065579,7,
0.007099,0.000303,0.009306,0.000143,0.015392,0.006924,0.959287,0.000308,0.000457,0.000781,6,
0.004182,0.019227,0.006636,0.044273,0.084881,0.028453,0.000881,0.577405,0.009109,0.224953,4,
0.117361,0.001037,0.009803,0.312987,0.002918,0.400867,0.001653,0.004254,0.142594,0.006525,5,
0.033051,0.067340,0.236918,0.011842,0.158620,0.032040,0.405856,0.005934,0.022870,0.025529,6,
0.025430,0.090633,0.065699,0.033240,0.227655,0.045331,0.003452,0.294142,0.011370,0.203049,5,
0.013184,0.000519,0.001855,0.244595,0.001766,0.013614,0.000352,0.578700,0.029961,0.115454,9,
0.001077,0.971898,0.003709,0.001435,0.005665,0.006939,0.002811,0.002430,0.001583,0.002453,1,
0.080214,0.000547,0.001863,0.004207,0.166998,0.625942,0.003529,0.015133,0.061566,0.040000,4,
0.000001,0.997989,0.000457,0.000404,0.000087,0.000263,0.000098,0.000524,0.000066,0.000112,1,
0.027689,0.000254,0.007644,0.521500,0.004230,0.158218,0.000487,0.026210,0.222251,0.031517,3,
0.091052,0.002961,0.038147,0.158393,0.174145,0.093514,0.017390,0.079720,0.123610,0.221066,9,
0.004434,0.004151,0.010804,0.036680,0.063511,0.008879,0.000994,0.315158,0.058389,0.497001,9,
0.001225,0.000077,0.000496,0.095931,0.004961,0.012212,0.000039,0.805588,0.005028,0.074443,7,
0.021840,0.000792,0.005432,0.086602,0.041263,0.204914,0.000694,0.322507,0.136806,0.179150,5,
0.005570,0.004239,0.009686,0.183261,0.055149,0.036972,0.001855,0.201000,0.097218,0.405051,7,
0.559215,0.001207,0.206836,0.042146,0.011512,0.019252,0.011393,0.003560,0.137470,0.007410,8,
0.008843,0.000124,0.007233,0.001393,0.798360,0.014090,0.063470,0.001502,0.003911,0.101072,4,
0.097049,0.006895,0.218732,0.302144,0.011780,0.072154,0.023760,0.003001,0.243881,0.020604,8,
0.120341,0.002309,0.165251,0.025125,0.079586,0.054546,0.100930,0.002063,0.393934,0.055914,0,
0.059737,0.002040,0.011514,0.100799,0.100169,0.147985,0.004417,0.113414,0.123532,0.336393,9,
0.130272,0.000668,0.014256,0.040645,0.078969,0.163048,0.007863,0.017069,0.365635,0.181574,8,
0.050596,0.001182,0.187392,0.002996,0.261331,0.006052,0.471653,0.001681,0.006303,0.010812,4,
0.736151,0.000266,0.012773,0.005528,0.004704,0.218515,0.002633,0.000784,0.016915,0.001731,0,
0.768720,0.000145,0.000634,0.010293,0.000320,0.196425,0.000131,0.017236,0.001750,0.004346,0,
0.070030,0.002215,0.083136,0.029728,0.315250,0.050943,0.082121,0.004410,0.200005,0.162162,8,
0.033069,0.000664,0.005147,0.037124,0.010562,0.048389,0.000865,0.740404,0.023286,0.100489,3,
0.012789,0.000521,0.536560,0.000666,0.010872,0.040433,0.395800,0.000388,0.001348,0.000624,2,
0.129626,0.001169,0.002239,0.003501,0.003300,0.569830,0.001080,0.024866,0.249872,0.014517,5,
0.093311,0.000518,0.004548,0.001457,0.192449,0.010736,0.007141,0.004708,0.066629,0.618503,9,
0.013867,0.071960,0.028226,0.407342,0.045219,0.221771,0.006012,0.120239,0.041237,0.044127,3,
0.006941,0.000022,0.060538,0.000068,0.009513,0.000654,0.921565,0.000081,0.000434,0.000184,6,
0.244102,0.015458,0.121903,0.010423,0.314786,0.223533,0.028928,0.011042,0.007345,0.022480,0,
0.226985,0.000552,0.143486,0.001785,0.201965,0.034028,0.359990,0.001339,0.013441,0.016429,6,
0.050098,0.001103,0.007502,0.189933,0.003217,0.570191,0.001203,0.008828,0.155106,0.012818,3,
0.007522,0.000087,0.000925,0.020545,0.052027,0.008226,0.000203,0.132977,0.050619,0.726870,8,
0.070193,0.002024,0.043679,0.040439,0.046937,0.278648,0.021057,0.002557,0.458717,0.035749,5,
0.041194,0.003874,0.109554,0.009695,0.557052,0.040576,0.124687,0.003405,0.022303,0.087660,4,
0.000066,0.000948,0.000968,0.008543,0.003414,0.000274,0.000025,0.957652,0.000621,0.027489,7,
0.124157,0.034715,0.322230,0.309456,0.014428,0.115362,0.012643,0.031678,0.027095,0.008237,0,
0.000228,0.000017,0.064792,0.000139,0.007539,0.000240,0.926871,0.000021,0.000083,0.000069,6,
0.451267,0.003051,0.099184,0.021649,0.001886,0.278085,0.037856,0.001193,0.104616,0.001212,0,
0.056695,0.002373,0.006104,0.003408,0.309455,0.233893,0.006131,0.014186,0.090271,0.277484,4,
0.002559,0.005758,0.095230,0.848278,0.001572,0.018538,0.000593,0.001888,0.024403,0.001181,2,
0.000713,0.000039,0.000238,0.024861,0.006034,0.010538,0.000022,0.835435,0.003660,0.118461,9,
0.001129,0.000340,0.032546,0.000362,0.019089,0.002956,0.942808,0.000355,0.000136,0.000278,6,
0.000045,0.994398,0.000639,0.000688,0.000395,0.000302,0.000052,0.003010,0.000087,0.000384,1,
0.000359,0.002481,0.001075,0.008473,0.030812,0.005557,0.000076,0.736482,0.003116,0.211569,7,
0.047187,0.000540,0.015939,0.003412,0.591879,0.012670,0.108443,0.001380,0.020017,0.198533,4,
0.002240,0.000707,0.015851,0.524314,0.005685,0.015783,0.000501,0.421188,0.003628,0.010103,3,
0.061626,0.000818,0.015061,0.031827,0.005336,0.622901,0.015127,0.000451,0.242135,0.004717,5,
0.865080,0.000156,0.005736,0.001159,0.008675,0.073610,0.001280,0.008509,0.024291,0.011504,0,
0.206068,0.000491,0.009048,0.001266,0.000739,0.072326,0.006776,0.000436,0.702197,0.000654,8,
0.065758,0.019637,0.446382,0.334980,0.035377,0.034216,0.019536,0.007037,0.020292,0.016786,3,
0.011756,0.000384,0.000701,0.051761,0.008788,0.783548,0.000484,0.063916,0.035418,0.043246,5,
0.004697,0.004652,0.606379,0.315104,0.001235,0.028430,0.015041,0.000813,0.022873,0.000775,3,
0.000000,0.998052,0.000265,0.000293,0.000162,0.000033,0.000010,0.001018,0.000018,0.000149,1,
0.000301,0.000007,0.003658,0.000013,0.001728,0.000815,0.993289,0.000006,0.000095,0.000089,6,
0.120539,0.000288,0.007846,0.034658,0.017855,0.081873,0.002353,0.003807,0.600750,0.130031,8,
0.003938,0.000031,0.004620,0.000038,0.003299,0.001977,0.985606,0.000121,0.000196,0.000175,6,
0.012801,0.005026,0.120476,0.153771,0.130093,0.026808,0.463708,0.014793,0.039971,0.032552,0,
0.423155,0.000636,0.000934,0.001197,0.002717,0.102683,0.001062,0.001799,0.432835,0.032982,8,
0.009402,0.011537,0.176976,0.020728,0.116692,0.027000,0.617691,0.001798,0.010018,0.008157,6,
0.017253,0.000297,0.000719,0.032445,0.002710,0.192791,0.000243,0.623112,0.063833,0.066595,7,
0.007437,0.000189,0.109501,0.865716,0.000339,0.009787,0.003189,0.002268,0.001473,0.000101,3,
0.007362,0.021350,0.010539,0.022861,0.113643,0.025341,0.001030,0.136758,0.066638,0.594478,9,
0.002095,0.054140,0.113645,0.767423,0.005428,0.005446,0.001700,0.043883,0.002933,0.003306,7,
0.300111,0.000237,0.016247,0.005647,0.012811,0.237335,0.021570,0.000767,0.395959,0.009315,8,
0.083630,0.002439,0.006999,0.043860,0.160907,0.265453,0.014671,0.017583,0.199304,0.205154,5,
0.591286,0.000651,0.058821,0.022045,0.041020,0.230365,0.007821,0.014915,0.022690,0.010385,0,
0.000599,0.000004,0.002199,0.000161,0.002933,0.001623,0.991279,0.000055,0.000586,0.000561,6,
0.189302,0.027717,0.410093,0.198799,0.012150,0.104318,0.020829,0.004674,0.023703,0.008414,3,
0.531987,0.000867,0.027607,0.020773,0.027624,0.298666,0.006115,0.032335,0.043085,0.010941,0,
0.018918,0.000868,0.329611,0.575025,0.000684,0.015850,0.007274,0.000532,0.050622,0.000616,3,
0.130050,0.000277,0.046796,0.790156,0.000362,0.027822,0.000349,0.000495,0.003182,0.000511,3,
0.009387,0.000068,0.003164,0.003267,0.373435,0.005884,0.003573,0.010316,0.017039,0.573869,9,
0.000618,0.000025,0.002047,0.000060,0.017373,0.003393,0.975253,0.000053,0.000254,0.000924,6,
0.000025,0.000019,0.000230,0.005591,0.001329,0.000257,0.000008,0.970956,0.000886,0.020699,7,
0.022286,0.000457,0.008529,0.070145,0.004701,0.795914,0.009484,0.000818,0.084488,0.003179,5,
0.064256,0.000379,0.009496,0.020098,0.078994,0.042887,0.002725,0.006348,0.471605,0.303212,8,
0.010701,0.001181,0.042507,0.023865,0.078855,0.084585,0.738299,0.001353,0.012222,0.006432,6,
0.034540,0.000220,0.003119,0.025351,0.007982,0.050219,0.001345,0.000729,0.829324,0.047171,8,
0.003171,0.010147,0.001933,0.036085,0.016678,0.025454,0.000177,0.800489,0.005810,0.100056,7,
0.000004,0.997142,0.000689,0.000263,0.000112,0.000120,0.000038,0.001205,0.000157,0.000270,1,
0.020911,0.000349,0.001088,0.128019,0.005577,0.601044,0.000242,0.202397,0.018554,0.021819,5,
0.001456,0.001063,0.010932,0.008864,0.792504,0.003543,0.011013,0.035144,0.002311,0.133169,7,
0.031343,0.738406,0.162844,0.015426,0.003414,0.028197,0.007453,0.002283,0.009164,0.001470,1,
0.006508,0.030187,0.013386,0.084696,0.343076,0.130591,0.005116,0.139291,0.026597,0.220552,4,
0.110087,0.003538,0.104009,0.006589,0.192105,0.288109,0.212361,0.003846,0.070027,0.009329,4,
0.134212,0.000556,0.011234,0.041881,0.028754,0.026289,0.002582,0.006840,0.495315,0.252337,8,
0.000016,0.000000,0.001524,0.000019,0.000245,0.000303,0.997814,0.000000,0.000073,0.000006,6,
0.002749,0.018056,0.829856,0.004438,0.031154,0.001207,0.106304,0.000951,0.002718,0.002567,2,
0.169895,0.000690,0.024720,0.021386,0.041459,0.061269,0.013533,0.003395,0.530267,0.133386,8,
0.008076,0.091226,0.029436,0.008390,0.371511,0.008150,0.004822,0.056257,0.017319,0.404812,4,
0.001621,0.044797,0.041700,0.028167,0.063595,0.002020,0.001629,0.734693,0.003349,0.078429,4,
0.105666,0.000385,0.001765,0.048411,0.004470,0.658755,0.000671,0.025482,0.137969,0.016426,5,
0.006474,0.000310,0.060285,0.016080,0.283520,0.006107,0.604390,0.012942,0.002014,0.007878,3,
0.032098,0.003402,0.108529,0.192031,0.263031,0.086312,0.079924,0.007686,0.125757,0.101230,3,
0.105832,0.056570,0.041766,0.002312,0.353843,0.344728,0.034595,0.006009,0.031176,0.023169,5,
0.002143,0.000416,0.001179,0.002389,0.280006,0.010770,0.000684,0.138476,0.006791,0.557146,9,
0.005348,0.000137,0.939845,0.007677,0.004335,0.001193,0.033116,0.000096,0.007725,0.000528,2,
0.182525,0.001209,0.024315,0.019145,0.071988,0.130441,0.052925,0.003683,0.458313,0.055456,0,
0.005147,0.000085,0.000882,0.005978,0.068100,0.005127,0.000350,0.011331,0.034962,0.868039,4,
0.162331,0.000982,0.001975,0.029785,0.005812,0.693192,0.000979,0.020399,0.045549,0.038995,0,
0.795895,0.000057,0.000190,0.015967,0.000080,0.185226,0.000051,0.000701,0.001457,0.000376,0,
0.156160,0.002476,0.035943,0.068506,0.142830,0.119326,0.024912,0.030991,0.239940,0.178917,7,
0.107017,0.003256,0.030796,0.036238,0.299753,0.147869,0.004343,0.119292,0.015128,0.236307,5,
0.219553,0.001240,0.052142,0.004270,0.426295,0.051056,0.029835,0.071246,0.019443,0.124920,4,
0.137935,0.036623,0.192288,0.031686,0.179369,0.067303,0.144689,0.010902,0.121769,0.077436,0,
0.005586,0.000182,0.925577,0.024724,0.000130,0.000660,0.040857,0.000043,0.002211,0.000031,2,
0.031448,0.014984,0.031668,0.055695,0.456616,0.082662,0.032723,0.047417,0.040431,0.206357,4,
0.457083,0.000128,0.005219,0.007961,0.008918,0.303723,0.003175,0.003713,0.199558,0.010520,0,
0.001417,0.036125,0.818229,0.106248,0.008068,0.001472,0.016020,0.010472,0.000800,0.001150,2,
0.041498,0.000848,0.717707,0.206166,0.003053,0.006662,0.020185,0.000804,0.001979,0.001098,2,
0.000750,0.941782,0.009455,0.005893,0.015269,0.004486,0.002994,0.010882,0.001581,0.006909,1,
0.009708,0.000315,0.559499,0.000231,0.013944,0.001123,0.404149,0.000127,0.009410,0.001494,5,
0.037194,0.000264,0.002871,0.054889,0.002224,0.635445,0.005127,0.000488,0.258650,0.002848,5,
0.000054,0.962894,0.002559,0.003832,0.001383,0.000317,0.000027,0.026348,0.000165,0.002422,1,
0.343854,0.003238,0.008208,0.024758,0.005821,0.480899,0.003612,0.009347,0.111471,0.008792,0,
0.167789,0.000030,0.004743,0.009864,0.000278,0.048336,0.000724,0.000141,0.767472,0.000622,8,
0.000126,0.000048,0.019899,0.000008,0.000249,0.000006,0.979660,0.000002,0.000002,0.000001,6,
0.032732,0.000157,0.564820,0.002949,0.005811,0.008649,0.381206,0.000169,0.002987,0.000519,6,
0.021537,0.525002,0.232804,0.113737,0.016738,0.045482,0.018723,0.004671,0.012737,0.008569,3,
0.001139,0.000055,0.000242,0.018062,0.011009,0.035216,0.000053,0.839802,0.005342,0.089081,7,
0.078335,0.002024,0.047211,0.037988,0.482869,0.059795,0.067409,0.063553,0.052492,0.108324,6,
0.018579,0.012830,0.037586,0.024312,0.545630,0.034528,0.016995,0.024712,0.055057,0.229771,4,
0.383577,0.000559,0.001972,0.004045,0.010766,0.535235,0.000879,0.028124,0.014338,0.020505,0,
0.035883,0.006832,0.099300,0.209239,0.076525,0.069650,0.021378,0.023110,0.407103,0.050980,8,
0.000629,0.029232,0.004518,0.033419,0.016564,0.004233,0.000422,0.854939,0.003566,0.052478,7,
0.065420,0.000111,0.012196,0.003336,0.451183,0.022535,0.008586,0.003382,0.012806,0.420445,4,
0.006223,0.703865,0.035596,0.025889,0.073184,0.022008,0.009924,0.062078,0.015294,0.045939,1,
0.000039,0.976552,0.002797,0.007079,0.003328,0.001297,0.000306,0.007597,0.000143,0.000862,1,
0.098326,0.004387,0.060994,0.088397,0.004959,0.515696,0.057290,0.002918,0.162960,0.004072,5,
0.119232,0.006241,0.017609,0.004574,0.247791,0.392904,0.013177,0.038970,0.084376,0.075126,4,
0.000021,0.995474,0.000633,0.000966,0.000533,0.000278,0.000078,0.001712,0.000047,0.000258,1,
0.355991,0.001073,0.013827,0.025504,0.003128,0.335093,0.010316,0.002071,0.250341,0.002657,0,
0.099212,0.003228,0.164146,0.564320,0.007318,0.126511,0.003716,0.001692,0.020257,0.009600,3,
0.927255,0.000139,0.007367,0.000256,0.019954,0.039004,0.003794,0.000489,0.000657,0.001085,0,
0.023090,0.000978,0.004093,0.008686,0.184230,0.111389,0.005007,0.008541,0.246654,0.407334,9,
0.005162,0.000701,0.114239,0.001000,0.054210,0.001270,0.810132,0.000669,0.005045,0.007571,6,
0.001051,0.003083,0.000990,0.028624,0.005974,0.007064,0.000039,0.864441,0.003713,0.085021,7,
0.050504,0.020143,0.152501,0.016364,0.427949,0.065815,0.209818,0.006944,0.011508,0.038453,4,
0.000317,0.000033,0.010028,0.000041,0.003846,0.001088,0.984228,0.000012,0.000209,0.000198,6,
0.001825,0.187009,0.014920,0.349458,0.006447,0.010633,0.000268,0.404934,0.004322,0.020184,3,
0.000010,0.990585,0.001534,0.001472,0.001711,0.000172,0.000220,0.003889,0.000030,0.000377,1,
0.000000,0.998976,0.000381,0.000167,0.000110,0.000033,0.000035,0.000231,0.000010,0.000055,1,
0.009729,0.003456,0.029933,0.823044,0.000794,0.055002,0.000233,0.002508,0.069893,0.005410,3,
0.010225,0.003607,0.037013,0.018794,0.580651,0.013110,0.023136,0.008923,0.026619,0.277922,4,
0.022755,0.001480,0.014782,0.073571,0.315093,0.074442,0.007943,0.048784,0.158227,0.282924,8,
0.078116,0.002626,0.163728,0.083804,0.072830,0.048465,0.128545,0.004020,0.359380,0.058486,5,
0.042971,0.125723,0.135330,0.078582,0.218772,0.084082,0.141474,0.039543,0.062632,0.070891,1,
0.057309,0.018076,0.043861,0.054936,0.399875,0.125407,0.037341,0.078209,0.053763,0.131222,4,
0.090737,0.000193,0.009971,0.004094,0.045933,0.439412,0.010216,0.000935,0.378937,0.019571,8,
0.179663,0.000359,0.016685,0.007057,0.024733,0.049278,0.061802,0.000703,0.630354,0.029367,0,
0.152581,0.001656,0.059146,0.006118,0.282050,0.086494,0.236848,0.002556,0.110348,0.062202,2,
0.001029,0.975136,0.006266,0.003687,0.003038,0.002750,0.004775,0.001662,0.000759,0.000899,1,
0.117119,0.003699,0.764598,0.008325,0.002535,0.003902,0.047893,0.000482,0.050353,0.001093,2,
0.003632,0.000112,0.000750,0.005652,0.020291,0.004938,0.000039,0.279419,0.020950,0.664218,9,
0.114675,0.002251,0.005927,0.035567,0.010846,0.419703,0.001759,0.168622,0.154305,0.086345,7,
0.141656,0.003391,0.344615,0.106667,0.022190,0.045648,0.055696,0.004268,0.251811,0.024057,6,
0.159443,0.001809,0.410596,0.013297,0.045804,0.006628,0.336175,0.006435,0.012813,0.007000,4,
0.000014,0.986572,0.001023,0.002682,0.001511,0.000611,0.000075,0.006843,0.000082,0.000587,1,
0.180861,0.005239,0.103967,0.091221,0.183416,0.160155,0.028344,0.061870,0.101019,0.083908,0,
0.009299,0.850500,0.075035,0.016043,0.008088,0.003930,0.003615,0.004362,0.019599,0.009528,1,
0.227836,0.006220,0.135210,0.095298,0.157687,0.108789,0.027736,0.051270,0.060293,0.129662,8,
0.137639,0.000643,0.264807,0.012472,0.013817,0.045692,0.518120,0.002602,0.003446,0.000763,6,
0.056870,0.002960,0.423147,0.015426,0.344176,0.012533,0.042079,0.002676,0.022210,0.077924,2,
0.000676,0.000840,0.132431,0.857970,0.000395,0.001363,0.000661,0.003742,0.001656,0.000266,3,
0.013477,0.001478,0.881203,0.017690,0.006409,0.001468,0.072827,0.000547,0.004299,0.000601,2,
0.000196,0.993157,0.002835,0.001401,0.000272,0.000386,0.000125,0.000763,0.000487,0.000378,1,
0.005947,0.000864,0.044880,0.000936,0.246413,0.005313,0.679158,0.014181,0.000516,0.001793,2,
0.000355,0.000085,0.018468,0.000085,0.013775,0.000452,0.965907,0.000051,0.000222,0.000601,6,
0.015256,0.008088,0.005806,0.024867,0.187305,0.078762,0.001859,0.187713,0.051428,0.438917,4,
0.005159,0.000562,0.016263,0.889964,0.002147,0.029147,0.000300,0.027133,0.022560,0.006765,3,
0.095474,0.001652,0.413625,0.007561,0.079403,0.011424,0.359941,0.005116,0.014850,0.010953,2,
0.016783,0.043739,0.457909,0.002304,0.081073,0.007503,0.380553,0.001655,0.004451,0.004030,2,
0.001745,0.000035,0.939979,0.000082,0.000495,0.000474,0.057151,0.000001,0.000034,0.000003,2,
0.003078,0.002759,0.002110,0.006337,0.204078,0.025392,0.000864,0.232011,0.013375,0.509996,9,
0.003136,0.000158,0.007260,0.934066,0.000029,0.051982,0.000015,0.000282,0.002952,0.000121,3,
0.054944,0.003437,0.032095,0.190785,0.108998,0.267697,0.023835,0.025153,0.214203,0.078853,0,
0.000250,0.930128,0.002916,0.004895,0.017746,0.006172,0.001235,0.028506,0.000658,0.007495,1,
0.095526,0.000862,0.009382,0.035778,0.131326,0.140729,0.004413,0.079299,0.164293,0.338392,9,
0.282209,0.002209,0.195892,0.003448,0.069297,0.093866,0.342586,0.002394,0.004806,0.003294,0,
0.046210,0.004613,0.037629,0.126285,0.124079,0.350863,0.044391,0.012179,0.189096,0.064655,9,
0.000237,0.000030,0.000527,0.013947,0.006025,0.001147,0.000016,0.917990,0.001025,0.059057,7,
0.014488,0.004446,0.133141,0.805935,0.000971,0.015176,0.001903,0.006717,0.016197,0.001028,3,
0.185734,0.002634,0.024125,0.048024,0.036457,0.491508,0.009308,0.023572,0.146318,0.032321,4,
0.005193,0.000027,0.055894,0.007177,0.004875,0.005585,0.917240,0.001118,0.002159,0.000732,6,
0.000129,0.996201,0.001172,0.000576,0.000301,0.000501,0.000312,0.000480,0.000154,0.000175,1,
0.051272,0.042510,0.034688,0.035786,0.325437,0.082830,0.013877,0.131483,0.048030,0.234087,5,
0.039655,0.000202,0.843945,0.005642,0.002943,0.005967,0.094388,0.000189,0.006679,0.000389,2,
0.043818,0.000698,0.001364,0.049552,0.001164,0.699935,0.001195,0.001443,0.197645,0.003186,5,
0.015449,0.001327,0.005614,0.458670,0.011674,0.217802,0.001104,0.100589,0.069018,0.118753,3,
0.002141,0.000644,0.056145,0.000694,0.028008,0.002704,0.905112,0.000299,0.001518,0.002735,6,
0.240781,0.001326,0.039559,0.027890,0.071293,0.047334,0.023849,0.007576,0.368091,0.172302,9,
0.193826,0.001155,0.002534,0.005318,0.003514,0.497516,0.003156,0.001986,0.286810,0.004185,8,
0.000209,0.002120,0.001593,0.015505,0.015716,0.002025,0.000123,0.910673,0.001562,0.050473,7,
0.631924,0.000591,0.014735,0.011769,0.015939,0.190676,0.002846,0.019341,0.086328,0.025851,0,
0.017345,0.000738,0.458066,0.011253,0.077143,0.004242,0.416877,0.008456,0.002166,0.003713,2,
0.003297,0.017570,0.008186,0.009279,0.286962,0.009697,0.001400,0.183671,0.010782,0.469156,9,
0.275653,0.001832,0.587871,0.069824,0.001324,0.041684,0.015237,0.001346,0.004127,0.001102,0,
0.151764,0.003008,0.041551,0.005359,0.225845,0.025209,0.336489,0.004689,0.074497,0.131589,6,
0.009368,0.121310,0.206986,0.013362,0.060438,0.041113,0.518116,0.001935,0.017848,0.009524,6,
0.008014,0.000189,0.001161,0.009026,0.019887,0.016636,0.000084,0.425546,0.032597,0.486860,9,
0.024903,0.000620,0.298042,0.006856,0.012868,0.015862,0.595258,0.000424,0.042497,0.002669,6,
0.090910,0.002498,0.112614,0.063260,0.152330,0.040009,0.035678,0.008584,0.347171,0.146946,0,
0.010021,0.001262,0.281652,0.008370,0.077477,0.007975,0.597000,0.001599,0.005838,0.008806,2,
0.176282,0.000035,0.011788,0.004352,0.001199,0.071087,0.013783,0.000071,0.718895,0.002509,8,
0.000028,0.971143,0.004824,0.006846,0.003724,0.000313,0.000264,0.011812,0.000076,0.000970,1,
0.021594,0.002378,0.033074,0.004854,0.741382,0.037014,0.085808,0.011699,0.008099,0.054099,4,
0.049454,0.250286,0.148803,0.003425,0.058902,0.048207,0.376010,0.002395,0.048653,0.013865,1,
0.001281,0.038325,0.819231,0.090185,0.010960,0.002326,0.031130,0.002439,0.002368,0.001755,2,
0.012930,0.426772,0.225803,0.213281,0.016155,0.053374,0.030975,0.004115,0.009662,0.006934,5,
0.078724,0.002408,0.008352,0.005957,0.454623,0.201979,0.028539,0.048574,0.047141,0.123700,4,
0.118096,0.001012,0.010699,0.007254,0.117727,0.052263,0.014211,0.004866,0.383440,0.290432,8,
0.256173,0.001251,0.001959,0.074084,0.002387,0.472184,0.001480,0.017569,0.152151,0.020762,5,
0.003542,0.002078,0.003584,0.047453,0.023621,0.005747,0.000168,0.659505,0.006735,0.247567,9,
0.000000,0.998749,0.000084,0.000133,0.000077,0.000024,0.000013,0.000851,0.000006,0.000063,1,
0.005548,0.074177,0.012830,0.067834,0.134457,0.039989,0.002072,0.380430,0.023019,0.259643,9,
0.018843,0.000330,0.437796,0.001401,0.096017,0.004332,0.437737,0.000862,0.001450,0.001233,6,
0.103542,0.044420,0.085132,0.008220,0.380036,0.207412,0.009557,0.037087,0.019152,0.105442,5,
0.080559,0.000531,0.001453,0.083702,0.004338,0.745154,0.000679,0.032744,0.036117,0.014724,3,
0.002373,0.000196,0.016848,0.001454,0.053775,0.012052,0.907724,0.000218,0.002008,0.003351,6,
0.004081,0.000392,0.952401,0.005983,0.001972,0.000200,0.034178,0.000318,0.000332,0.000143,2,
0.223871,0.002030,0.022928,0.454794,0.002516,0.057640,0.001827,0.012624,0.212741,0.009029,5,
0.003211,0.001266,0.002288,0.002735,0.278492,0.009169,0.000829,0.112075,0.009370,0.580566,9,
0.023018,0.117787,0.031252,0.154356,0.100284,0.050398,0.006578,0.380207,0.021217,0.114905,7,
0.001241,0.000433,0.037146,0.000706,0.033632,0.004074,0.920738,0.000329,0.000487,0.001213,6,
0.086059,0.001015,0.020189,0.001247,0.149612,0.025359,0.677760,0.001264,0.018444,0.019051,6,
0.094543,0.002540,0.208345,0.077235,0.116483,0.058436,0.159702,0.004776,0.217400,0.060539,2,
0.002124,0.002104,0.002715,0.009666,0.100690,0.007748,0.000258,0.270961,0.013508,0.590227,9,
0.557586,0.003093,0.058466,0.004213,0.206939,0.123565,0.019371,0.005657,0.005633,0.015478,0,
0.335656,0.015305,0.122048,0.044008,0.160877,0.120188,0.020176,0.031835,0.063548,0.086360,4,
0.004341,0.002551,0.003060,0.031405,0.073805,0.031225,0.000395,0.281847,0.040594,0.530778,9,
0.007026,0.000376,0.002980,0.006897,0.153297,0.010661,0.000940,0.051936,0.044386,0.721502,7,
0.001621,0.000358,0.015442,0.000131,0.012529,0.004596,0.963939,0.000056,0.000657,0.000672,6,
0.004318,0.094235,0.009367,0.082964,0.032209,0.053007,0.002544,0.494932,0.033569,0.192855,7,
0.649234,0.000243,0.003113,0.019695,0.005995,0.290494,0.000403,0.012196,0.005848,0.012781,0,
0.062771,0.000614,0.002269,0.076213,0.003579,0.079360,0.000586,0.033743,0.607995,0.132870,8,
0.002468,0.047816,0.008200,0.025491,0.450896,0.025706,0.004977,0.276845,0.005062,0.152540,9,
0.000114,0.000043,0.001231,0.071869,0.003588,0.000391,0.000036,0.897961,0.002131,0.022635,7,
0.016290,0.006794,0.788168,0.081995,0.002122,0.007400,0.039817,0.000281,0.056207,0.000927,2,
0.000100,0.000031,0.015540,0.000031,0.001051,0.000112,0.983088,0.000001,0.000035,0.000011,6,
0.002332,0.822926,0.012288,0.102689,0.002353,0.010866,0.000445,0.039593,0.002112,0.004396,1,
0.000001,0.998534,0.000371,0.000104,0.000141,0.000110,0.000142,0.000461,0.000038,0.000098,1,
0.940994,0.000112,0.030146,0.015664,0.000233,0.011159,0.000122,0.001206,0.000192,0.000172,0,
0.001267,0.000540,0.000853,0.039392,0.018182,0.028529,0.000405,0.559767,0.031482,0.319583,7,
0.176744,0.000700,0.014143,0.029131,0.031668,0.036748,0.003304,0.013461,0.475718,0.218383,0,
0.396098,0.002840,0.043929,0.005381,0.099298,0.326751,0.066086,0.002732,0.037567,0.019317,9,
0.044585,0.001812,0.046003,0.075610,0.001412,0.773957,0.009547,0.001109,0.044706,0.001259,5,
0.003923,0.000083,0.005126,0.914354,0.000454,0.025151,0.000059,0.004206,0.043561,0.003083,3,
0.000655,0.943114,0.006946,0.007479,0.005580,0.001103,0.000366,0.027329,0.000927,0.006501,1,
0.010602,0.005581,0.599056,0.004838,0.036278,0.005890,0.320188,0.000464,0.013374,0.003729,6,
0.132307,0.000853,0.078301,0.009400,0.471258,0.034835,0.095996,0.004774,0.031744,0.140532,4,
0.013029,0.495648,0.322400,0.060478,0.017515,0.007131,0.006977,0.003901,0.053902,0.019021,1,
0.119231,0.006119,0.044768,0.043848,0.155865,0.128097,0.028150,0.014618,0.266841,0.192463,8,
0.020691,0.000349,0.006572,0.001809,0.654624,0.037187,0.016069,0.028196,0.006412,0.228090,9,
0.229842,0.012281,0.030615,0.004736,0.178019,0.303903,0.021013,0.011302,0.124134,0.084153,5,
0.000001,0.997669,0.000748,0.000422,0.000114,0.000183,0.000040,0.000550,0.000110,0.000163,1,
0.121871,0.003455,0.016089,0.010906,0.330687,0.340455,0.037501,0.027859,0.061755,0.049421,4,
0.002573,0.003449,0.003970,0.010094,0.499748,0.023594,0.003973,0.124747,0.006393,0.321460,9,
0.101013,0.002717,0.018579,0.003214,0.367707,0.209917,0.267816,0.004893,0.013015,0.011129,4,
0.021605,0.000552,0.003987,0.114787,0.035217,0.031240,0.000624,0.413153,0.037045,0.341788,9,
0.858584,0.000293,0.069462,0.007577,0.005291,0.045252,0.005328,0.000948,0.006007,0.001259,0,
0.025153,0.005167,0.871938,0.055239,0.001267,0.013027,0.016953,0.000861,0.009872,0.000525,2,
0.001645,0.000093,0.049839,0.002192,0.031371,0.002144,0.910191,0.001361,0.000382,0.000782,6,
0.030038,0.000271,0.004778,0.015692,0.232270,0.043184,0.003070,0.036380,0.132798,0.501520,8,
0.075715,0.000048,0.000209,0.010947,0.001351,0.161788,0.000135,0.001052,0.714452,0.034302,8,
0.000002,0.996134,0.001510,0.000981,0.000185,0.000300,0.000164,0.000427,0.000122,0.000175,1,
0.040431,0.001731,0.099399,0.002778,0.681197,0.024544,0.109269,0.018134,0.002993,0.019525,0,
0.000020,0.996419,0.000321,0.000089,0.000510,0.000110,0.000062,0.002149,0.000028,0.000291,1,
0.017847,0.000113,0.341565,0.000665,0.091034,0.002246,0.545000,0.000442,0.000504,0.000584,6,
0.920553,0.000022,0.001762,0.000535,0.000708,0.052569,0.000486,0.000359,0.022084,0.000922,0,
0.008032,0.047369,0.085223,0.033376,0.530005,0.033788,0.210150,0.010877,0.008667,0.032514,4,
0.621026,0.001713,0.060565,0.002243,0.002636,0.065225,0.232662,0.001416,0.010700,0.001815,0,
0.000123,0.001471,0.000765,0.007230,0.011018,0.001308,0.000035,0.928269,0.000550,0.049231,7,
0.021524,0.130167,0.039621,0.046094,0.369723,0.136679,0.039947,0.035731,0.045387,0.135126,9,
0.000351,0.005327,0.001595,0.037001,0.010413,0.004475,0.000095,0.889891,0.002375,0.048478,7,
0.012761,0.060065,0.015485,0.021310,0.114628,0.038761,0.002787,0.470395,0.014276,0.249533,4,
0.443708,0.002950,0.061913,0.002971,0.034453,0.155331,0.186361,0.002187,0.105272,0.004855,0,
0.000726,0.001636,0.001051,0.010035,0.058381,0.016606,0.000333,0.779500,0.003914,0.127819,7,
0.121954,0.000971,0.039578,0.155481,0.018067,0.072762,0.004016,0.007246,0.498765,0.081159,8,
0.056703,0.000143,0.000217,0.031593,0.000289,0.362424,0.000136,0.007462,0.527033,0.014001,5,
0.069686,0.000430,0.025468,0.856807,0.000209,0.043861,0.000231,0.001600,0.001474,0.000234,3,
0.038691,0.001287,0.013655,0.756135,0.000311,0.181015,0.000316,0.001128,0.006924,0.000539,3,
0.001672,0.000048,0.624367,0.000072,0.008998,0.000113,0.362226,0.000031,0.002067,0.000406,2,
0.513583,0.001491,0.009652,0.003284,0.006082,0.170581,0.021357,0.001621,0.268212,0.004136,8,
0.000452,0.923977,0.003524,0.004304,0.026864,0.006218,0.001444,0.023998,0.001174,0.008045,1,
0.286402,0.000443,0.054649,0.018715,0.034542,0.050250,0.089671,0.001811,0.427149,0.036368,8,
0.472119,0.002851,0.164646,0.005086,0.210330,0.027679,0.067464,0.028070,0.006043,0.015712,0,
0.034134,0.622883,0.154617,0.008164,0.061761,0.009129,0.020270,0.006716,0.045916,0.036410,1,
0.034039,0.000594,0.009113,0.012398,0.279512,0.055190,0.015707,0.003416,0.266808,0.323223,9,
0.018036,0.000999,0.041548,0.142080,0.176071,0.009294,0.003077,0.105385,0.079970,0.423541,2,
0.043986,0.001644,0.123118,0.470301,0.118812,0.030574,0.053365,0.023371,0.084837,0.049992,7,
0.000000,0.998931,0.000073,0.000047,0.000065,0.000049,0.000043,0.000706,0.000010,0.000076,1,
0.058699,0.003759,0.018805,0.057988,0.354943,0.247426,0.020166,0.094459,0.021528,0.122228,5,
0.001867,0.004073,0.005050,0.010129,0.560979,0.012743,0.004084,0.122512,0.004001,0.274564,9,
0.001509,0.000035,0.989658,0.000357,0.002048,0.000285,0.005945,0.000006,0.000096,0.000060,2,
0.015250,0.000083,0.003318,0.001865,0.312992,0.004881,0.004327,0.004689,0.024184,0.628410,9,
0.230983,0.001083,0.017090,0.014674,0.208371,0.026570,0.034151,0.006919,0.144284,0.315874,0,
0.000743,0.000688,0.000635,0.011263,0.031861,0.021917,0.000104,0.675489,0.004592,0.252708,7,
0.275648,0.002669,0.097117,0.515662,0.002684,0.052584,0.002657,0.003801,0.043913,0.003264,8,
0.005947,0.000231,0.041065,0.000338,0.060783,0.003946,0.883407,0.000213,0.001493,0.002576,6,
0.015353,0.000713,0.007723,0.010318,0.455728,0.079213,0.003773,0.103493,0.031229,0.292457,4,
0.767666,0.000479,0.051411,0.002999,0.068278,0.037444,0.057974,0.003866,0.005587,0.004296,4,
0.001566,0.004909,0.008344,0.193549,0.065273,0.011132,0.000633,0.586171,0.007927,0.120496,9,
0.020954,0.003159,0.007079,0.000635,0.702989,0.182932,0.026933,0.013543,0.008917,0.032859,4,
0.055598,0.097275,0.032337,0.014751,0.127296,0.545010,0.066033,0.021611,0.025385,0.014704,4,
0.000000,0.998368,0.000875,0.000239,0.000085,0.000054,0.000115,0.000216,0.000012,0.000035,1,
0.057110,0.001264,0.008439,0.033824,0.128561,0.129571,0.002359,0.213382,0.083985,0.341505,4,
0.052388,0.000160,0.003154,0.018155,0.011267,0.032374,0.000645,0.001984,0.684729,0.195146,8,
0.010283,0.003011,0.008680,0.011734,0.576136,0.070768,0.013010,0.026025,0.027866,0.252486,9,
0.003498,0.489953,0.027822,0.110578,0.085308,0.018833,0.008525,0.224499,0.005278,0.025706,1,
0.000296,0.004691,0.001018,0.011954,0.012903,0.003835,0.000053,0.897925,0.001106,0.066217,7,
0.251105,0.003210,0.609199,0.007601,0.003388,0.093560,0.017265,0.002222,0.009953,0.002498,2,
0.960553,0.000001,0.000756,0.000685,0.000006,0.036494,0.000310,0.000002,0.001190,0.000002,0,
0.003487,0.000257,0.007524,0.868176,0.008756,0.050816,0.000976,0.024332,0.023733,0.011943,3,
0.031767,0.000257,0.004031,0.000281,0.798011,0.075611,0.029350,0.003567,0.010477,0.046647,5,
0.839699,0.000085,0.000433,0.001665,0.000134,0.138920,0.000141,0.000166,0.018616,0.000142,0,
0.236665,0.000528,0.016932,0.029659,0.010587,0.046927,0.006143,0.001762,0.605574,0.045223,8,
0.057119,0.008982,0.117566,0.015184,0.276697,0.024638,0.031654,0.004056,0.195234,0.268870,4,
0.000985,0.000403,0.043081,0.000368,0.023898,0.002456,0.927426,0.000162,0.000428,0.000793,6,
0.183722,0.000108,0.016900,0.001637,0.002223,0.076819,0.013457,0.000131,0.701767,0.003237,8,
0.298517,0.005008,0.018214,0.023297,0.039745,0.456624,0.004458,0.099974,0.007367,0.046795,0,
0.009427,0.038328,0.027984,0.003022,0.719315,0.016816,0.127889,0.010082,0.004602,0.042536,4,
0.004906,0.007061,0.937316,0.003524,0.000826,0.000988,0.018829,0.000079,0.026106,0.000363,2,
0.000751,0.001228,0.001006,0.025786,0.007066,0.003104,0.000018,0.806990,0.002822,0.151229,7,
0.061885,0.000151,0.000953,0.011483,0.016156,0.107129,0.000470,0.025687,0.572738,0.203347,8,
0.598610,0.000026,0.001147,0.006510,0.000910,0.386595,0.000178,0.000796,0.004386,0.000842,0,
0.008589,0.000061,0.092462,0.001749,0.013474,0.008470,0.872456,0.000110,0.002302,0.000327,6,
0.030524,0.006572,0.014941,0.000322,0.677531,0.200744,0.056562,0.002959,0.002986,0.006859,4,
0.016423,0.001013,0.052156,0.782996,0.002870,0.033505,0.001390,0.012962,0.088759,0.007927,3,
0.342396,0.000855,0.024296,0.002607,0.004750,0.206788,0.068491,0.000791,0.347209,0.001816,8,
0.004315,0.016678,0.088922,0.855744,0.000992,0.007628,0.000521,0.010212,0.012215,0.002774,3,
0.751767,0.000502,0.027690,0.038406,0.020269,0.070804,0.002641,0.002905,0.049272,0.035745,0,
0.008811,0.007698,0.074991,0.001599,0.699668,0.005286,0.149599,0.001741,0.005216,0.045390,4,
