0, 1, 2, 3, 4, 5, 6, 7, 8, 9, True
0.079830,0.000000,0.745756,0.174414,0.000000,0.000000,0.000000,0.000000,0.000000,0.000000,2,
0.000000,0.000000,0.911477,0.088523,0.000000,0.000000,0.000000,0.000000,0.000000,0.000000,2,
0.000000,0.000000,0.000000,0.000000,0.000000,0.000000,0.000000,0.000000,0.000000,1.000000,7,
0.000000,1.000000,0.000000,0.000000,0.000000,0.000000,0.000000,0.000000,0.000000,0.000000,1,
0.000000,1.000000,0.000000,0.000000,0.000000,0.000000,0.000000,0.000000,0.000000,0.000000,1,
0.000000,0.000000,1.000000,0.000000,0.000000,0.000000,0.000000,0.000000,0.000000,0.000000,2,
0.000000,0.000000,1.000000,0.000000,0.000000,0.000000,0.000000,0.000000,0.000000,0.000000,2,
0.000000,0.000000,0.000000,0.000000,0.699457,0.000000,0.300543,0.000000,0.000000,0.000000,4,
0.000000,0.000000,0.173564,0.000000,0.094341,0.000000,0.732094,0.000000,0.000000,0.000000,2,
0.175942,0.000000,0.083457,0.000000,0.376948,0.093307,0.096367,0.000000,0.090522,0.083457,4,
0.179974,0.000000,0.000000,0.820026,0.000000,0.000000,0.000000,0.000000,0.000000,0.000000,3,
0.000000,0.000000,0.000000,0.000000,0.000000,0.078997,0.000000,0.842005,0.000000,0.078998,4,
1.000000,0.000000,0.000000,0.000000,0.000000,0.000000,0.000000,0.000000,0.000000,0.000000,0,
0.000000,0.000000,0.000000,0.000000,0.000000,1.000000,0.000000,0.000000,0.000000,0.000000,5,
0.000000,0.000000,0.000000,0.000000,0.000000,0.000000,0.000000,1.000000,0.000000,0.000000,7,
0.000000,0.000000,0.101104,0.000000,0.098780,0.000000,0.800116,0.000000,0.000000,0.000000,6,
0.000000,0.000000,0.086962,0.176306,0.097010,0.000000,0.000000,0.451742,0.000000,0.187981,7,
0.000000,0.000000,0.000000,0.000000,0.000000,0.000000,1.000000,0.000000,0.000000,0.000000,6,
0.000000,0.000000,0.000000,0.000000,0.000000,0.000000,0.000000,1.000000,0.000000,0.000000,7,
0.000000,0.000000,0.000000,0.000000,0.280117,0.000000,0.000000,0.357412,0.000000,0.362472,9,
0.202422,0.171065,0.080772,0.000000,0.000000,0.000000,0.357757,0.000000,0.100740,0.087244,2,
0.000000,0.000000,0.000000,0.000000,0.000000,0.000000,0.000000,0.386111,0.159884,0.454005,9,
0.000000,0.000000,0.000000,0.000000,0.000000,0.163153,0.000000,0.000000,0.836847,0.000000,8,
0.073442,0.000000,0.000000,0.000000,0.273464,0.078512,0.000000,0.119928,0.000000,0.454655,7,
0.000000,0.000000,0.000000,0.083456,0.000000,0.826740,0.000000,0.000000,0.000000,0.089803,5,
0.000000,0.000000,0.000000,0.000000,0.000000,0.000000,0.000000,0.919354,0.000000,0.080646,7,
0.000000,0.000000,0.638585,0.087974,0.000000,0.087975,0.185466,0.000000,0.000000,0.000000,2,
0.000000,0.000000,0.078787,0.000000,0.921213,0.000000,0.000000,0.000000,0.000000,0.000000,4,
0.000000,0.000000,0.000000,0.107217,0.000000,0.000000,0.000000,0.892783,0.000000,0.000000,7,
1.000000,0.000000,0.000000,0.000000,0.000000,0.000000,0.000000,0.000000,0.000000,0.000000,0,
0.000000,1.000000,0.000000,0.000000,0.000000,0.000000,0.000000,0.000000,0.000000,0.000000,1,
0.000000,0.000000,1.000000,0.000000,0.000000,0.000000,0.000000,0.000000,0.000000,0.000000,2,
0.087240,0.000000,0.000000,0.174815,0.174482,0.266987,0.000000,0.000000,0.000000,0.296475,5,
0.188004,0.000000,0.000000,0.174963,0.083829,0.000000,0.000000,0.000000,0.188004,0.365200,8,
0.162297,0.000000,0.000000,0.000000,0.000000,0.095156,0.000000,0.000000,0.742547,0.000000,8,
0.083497,0.000000,0.000000,0.000000,0.000000,0.000000,0.000000,0.000000,0.830653,0.085850,8,
0.000000,0.000000,0.688480,0.123220,0.000000,0.000000,0.000000,0.188300,0.000000,0.000000,2,
0.000000,0.451191,0.000000,0.000000,0.469576,0.000000,0.079232,0.000000,0.000000,0.000000,4,
0.000000,0.000000,0.000000,0.000000,0.000000,1.000000,0.000000,0.000000,0.000000,0.000000,5,
0.101790,0.000000,0.000000,0.000000,0.320310,0.577900,0.000000,0.000000,0.000000,0.000000,5,
0.000000,0.898368,0.000000,0.000000,0.101632,0.000000,0.000000,0.000000,0.000000,0.000000,1,
0.000000,0.725432,0.000000,0.274568,0.000000,0.000000,0.000000,0.000000,0.000000,0.000000,1,
0.000000,0.000000,0.918174,0.081826,0.000000,0.000000,0.000000,0.000000,0.000000,0.000000,2,
0.000000,0.000000,0.000000,0.000000,0.920523,0.000000,0.000000,0.000000,0.000000,0.079477,4,
0.000000,0.000000,0.000000,0.101902,0.000000,0.000000,0.000000,0.898098,0.000000,0.000000,7,
0.000000,0.000000,0.000000,0.000000,0.000000,0.000000,1.000000,0.000000,0.000000,0.000000,6,
0.000000,0.000000,0.000000,0.000000,0.254671,0.000000,0.000000,0.138238,0.000000,0.607090,9,
0.000000,0.000000,0.000000,0.000000,0.082274,0.000000,0.000000,0.095002,0.087955,0.734769,9,
0.000000,1.000000,0.000000,0.000000,0.000000,0.000000,0.000000,0.000000,0.000000,0.000000,1,
0.000000,1.000000,0.000000,0.000000,0.000000,0.000000,0.000000,0.000000,0.000000,0.000000,1,
0.000000,1.000000,0.000000,0.000000,0.000000,0.000000,0.000000,0.000000,0.000000,0.000000,1,
0.207280,0.000000,0.000000,0.000000,0.000000,0.000000,0.000000,0.000000,0.258779,0.533941,0,
0.000000,0.000000,0.090123,0.000000,0.000000,0.000000,0.909877,0.000000,0.000000,0.000000,6,
0.000000,0.000000,0.089508,0.089507,0.000000,0.081227,0.083725,0.000000,0.544398,0.111636,3,
0.000000,0.000000,0.000000,0.000000,0.000000,0.449437,0.000000,0.000000,0.465387,0.085176,5,
0.000000,0.000000,0.000000,0.000000,0.000000,1.000000,0.000000,0.000000,0.000000,0.000000,5,
0.000000,0.000000,0.000000,0.000000,0.371262,0.178877,0.357816,0.000000,0.092045,0.000000,6,
0.828937,0.000000,0.000000,0.000000,0.171063,0.000000,0.000000,0.000000,0.000000,0.000000,0,
0.000000,0.000000,0.000000,0.000000,0.000000,0.000000,0.000000,0.772184,0.000000,0.227816,4,
0.082632,0.174203,0.087103,0.106679,0.000000,0.000000,0.549382,0.000000,0.000000,0.000000,6,
0.000000,0.000000,0.000000,0.074661,0.079189,0.000000,0.000000,0.754710,0.000000,0.091440,9,
0.000000,0.000000,0.000000,0.000000,0.163388,0.000000,0.000000,0.107238,0.000000,0.729375,9,
0.000000,0.000000,0.000000,0.000000,0.000000,0.000000,0.000000,1.000000,0.000000,0.000000,7,
0.000000,0.000000,0.000000,0.000000,0.000000,0.000000,0.000000,0.111398,0.000000,0.888602,9,
0.000000,1.000000,0.000000,0.000000,0.000000,0.000000,0.000000,0.000000,0.000000,0.000000,1,
0.000000,0.000000,0.000000,0.000000,0.000000,0.000000,0.000000,0.240927,0.000000,0.759073,9,
0.000000,0.092688,0.000000,0.000000,0.536558,0.000000,0.000000,0.000000,0.000000,0.370753,7,
0.000000,0.000000,0.000000,0.000000,0.000000,0.000000,1.000000,0.000000,0.000000,0.000000,6,
0.082943,0.000000,0.629257,0.106447,0.000000,0.000000,0.093573,0.000000,0.087779,0.000000,2,
1.000000,0.000000,0.000000,0.000000,0.000000,0.000000,0.000000,0.000000,0.000000,0.000000,0,
0.000000,0.000000,0.000000,0.000000,0.396939,0.000000,0.000000,0.337290,0.000000,0.265771,9,
0.096146,0.000000,0.000000,0.000000,0.000000,0.000000,0.000000,0.096147,0.356601,0.451106,8,
0.000000,0.000000,0.000000,0.080953,0.000000,0.549736,0.000000,0.369310,0.000000,0.000000,5,
0.000000,0.000000,0.000000,0.070433,0.000000,0.000000,0.000000,0.929567,0.000000,0.000000,7,
0.000000,0.000000,0.000000,0.000000,0.178002,0.000000,0.000000,0.000000,0.000000,0.821998,9,
0.000000,1.000000,0.000000,0.000000,0.000000,0.000000,0.000000,0.000000,0.000000,0.000000,1,
0.087437,0.000000,0.378410,0.367417,0.000000,0.000000,0.000000,0.000000,0.166736,0.000000,2,
0.000000,0.000000,1.000000,0.000000,0.000000,0.000000,0.000000,0.000000,0.000000,0.000000,2,
0.269929,0.000000,0.290851,0.097984,0.000000,0.000000,0.167367,0.000000,0.173869,0.000000,3,
0.000000,0.000000,0.000000,0.000000,0.000000,0.822383,0.000000,0.177617,0.000000,0.000000,5,
0.000000,0.000000,0.090134,0.909866,0.000000,0.000000,0.000000,0.000000,0.000000,0.000000,3,
1.000000,0.000000,0.000000,0.000000,0.000000,0.000000,0.000000,0.000000,0.000000,0.000000,0,
0.192992,0.000000,0.000000,0.361704,0.000000,0.000000,0.000000,0.000000,0.445304,0.000000,8,
0.000000,0.000000,0.000000,0.815256,0.000000,0.184744,0.000000,0.000000,0.000000,0.000000,3,
0.090596,0.000000,0.000000,0.174123,0.000000,0.000000,0.181429,0.000000,0.553853,0.000000,5,
0.000000,0.000000,0.000000,1.000000,0.000000,0.000000,0.000000,0.000000,0.000000,0.000000,3,
0.000000,0.000000,0.000000,0.076297,0.000000,0.000000,0.000000,0.667000,0.000000,0.256703,9,
0.081143,0.000000,0.000000,0.000000,0.093696,0.554887,0.000000,0.000000,0.270274,0.000000,5,
0.000000,1.000000,0.000000,0.000000,0.000000,0.000000,0.000000,0.000000,0.000000,0.000000,1,
0.201616,0.000000,0.000000,0.000000,0.000000,0.083693,0.000000,0.000000,0.714691,0.000000,8,
0.274047,0.000000,0.000000,0.000000,0.089139,0.282393,0.176746,0.000000,0.085085,0.092591,6,
0.000000,0.000000,0.000000,0.000000,0.000000,0.000000,0.000000,1.000000,0.000000,0.000000,7,
0.174400,0.000000,0.182469,0.000000,0.000000,0.000000,0.000000,0.000000,0.643131,0.000000,5,
0.000000,0.000000,0.000000,0.646880,0.000000,0.268090,0.000000,0.000000,0.000000,0.085030,3,
0.000000,1.000000,0.000000,0.000000,0.000000,0.000000,0.000000,0.000000,0.000000,0.000000,1,
0.000000,0.000000,1.000000,0.000000,0.000000,0.000000,0.000000,0.000000,0.000000,0.000000,2,
0.000000,0.258535,0.000000,0.000000,0.433580,0.000000,0.220159,0.000000,0.000000,0.087726,1,
0.204369,0.000000,0.000000,0.176523,0.000000,0.000000,0.000000,0.000000,0.619108,0.000000,8,
0.000000,0.000000,0.000000,1.000000,0.000000,0.000000,0.000000,0.000000,0.000000,0.000000,3,
0.000000,0.000000,0.000000,0.000000,0.727068,0.000000,0.096588,0.000000,0.000000,0.176344,4,
0.000000,0.000000,0.000000,0.000000,1.000000,0.000000,0.000000,0.000000,0.000000,0.000000,4,
0.000000,0.715886,0.091645,0.000000,0.192469,0.000000,0.000000,0.000000,0.000000,0.000000,8,
0.000000,0.000000,0.000000,0.000000,0.000000,0.000000,0.000000,1.000000,0.000000,0.000000,7,
0.176706,0.000000,0.000000,0.000000,0.000000,0.000000,0.000000,0.000000,0.630222,0.193072,9,
0.000000,0.000000,0.000000,0.000000,0.000000,0.000000,0.000000,0.885398,0.000000,0.114602,7,
0.000000,0.166151,0.000000,0.000000,0.732274,0.000000,0.101575,0.000000,0.000000,0.000000,4,
0.000000,0.000000,0.652719,0.347281,0.000000,0.000000,0.000000,0.000000,0.000000,0.000000,2,
0.000000,0.000000,0.101454,0.000000,0.898546,0.000000,0.000000,0.000000,0.000000,0.000000,4,
0.000000,1.000000,0.000000,0.000000,0.000000,0.000000,0.000000,0.000000,0.000000,0.000000,1,
0.099302,0.000000,0.000000,0.000000,0.000000,0.000000,0.900698,0.000000,0.000000,0.000000,6,
0.000000,0.136030,0.785433,0.078537,0.000000,0.000000,0.000000,0.000000,0.000000,0.000000,2,
0.000000,0.000000,0.000000,0.000000,0.171605,0.095410,0.732985,0.000000,0.000000,0.000000,6,
0.087450,0.000000,0.000000,0.000000,0.000000,0.351382,0.000000,0.081412,0.187158,0.292598,5,
0.453151,0.000000,0.000000,0.000000,0.000000,0.000000,0.000000,0.000000,0.464214,0.082635,8,
0.000000,1.000000,0.000000,0.000000,0.000000,0.000000,0.000000,0.000000,0.000000,0.000000,1,
0.090187,0.000000,0.270964,0.000000,0.458210,0.000000,0.000000,0.180639,0.000000,0.000000,4,
0.000000,0.000000,0.000000,0.000000,0.725223,0.000000,0.274777,0.000000,0.000000,0.000000,4,
0.000000,0.000000,0.915899,0.000000,0.000000,0.000000,0.084101,0.000000,0.000000,0.000000,2,
1.000000,0.000000,0.000000,0.000000,0.000000,0.000000,0.000000,0.000000,0.000000,0.000000,0,
0.000000,1.000000,0.000000,0.000000,0.000000,0.000000,0.000000,0.000000,0.000000,0.000000,1,
0.438580,0.000000,0.000000,0.000000,0.000000,0.561420,0.000000,0.000000,0.000000,0.000000,0,
0.214635,0.000000,0.000000,0.000000,0.000000,0.000000,0.000000,0.000000,0.584468,0.200896,8,
0.000000,0.000000,0.758521,0.161014,0.000000,0.000000,0.000000,0.080465,0.000000,0.000000,2,
0.081149,0.000000,0.000000,0.000000,0.000000,0.566991,0.000000,0.000000,0.270710,0.081149,5,
0.000000,1.000000,0.000000,0.000000,0.000000,0.000000,0.000000,0.000000,0.000000,0.000000,1,
1.000000,0.000000,0.000000,0.000000,0.000000,0.000000,0.000000,0.000000,0.000000,0.000000,0,
0.000000,0.000000,0.000000,0.000000,0.291519,0.000000,0.000000,0.000000,0.000000,0.708481,2,
0.087084,0.000000,0.000000,0.479842,0.000000,0.171567,0.000000,0.000000,0.177023,0.084484,3,
0.084103,0.000000,0.000000,0.000000,0.915897,0.000000,0.000000,0.000000,0.000000,0.000000,4,
0.088790,0.000000,0.000000,0.000000,0.000000,0.000000,0.911210,0.000000,0.000000,0.000000,6,
0.000000,0.000000,0.000000,0.000000,0.000000,0.095600,0.162649,0.000000,0.664449,0.077303,9,
0.000000,1.000000,0.000000,0.000000,0.000000,0.000000,0.000000,0.000000,0.000000,0.000000,1,
0.000000,0.000000,0.000000,0.000000,0.303830,0.000000,0.000000,0.000000,0.000000,0.696170,4,
0.000000,0.000000,0.000000,0.833047,0.000000,0.166953,0.000000,0.000000,0.000000,0.000000,3,
0.000000,0.000000,0.000000,0.000000,0.913655,0.000000,0.086345,0.000000,0.000000,0.000000,4,
0.000000,0.000000,0.359994,0.640006,0.000000,0.000000,0.000000,0.000000,0.000000,0.000000,3,
0.000000,0.000000,0.000000,0.000000,0.000000,0.162309,0.000000,0.000000,0.837691,0.000000,3,
0.000000,0.000000,0.000000,0.093315,0.000000,0.906685,0.000000,0.000000,0.000000,0.000000,5,
0.000000,0.000000,0.000000,0.000000,0.072332,0.000000,0.000000,0.000000,0.000000,0.927668,9,
0.000000,0.000000,0.000000,0.000000,0.174139,0.000000,0.825861,0.000000,0.000000,0.000000,6,
0.091631,0.000000,0.000000,0.823215,0.000000,0.085154,0.000000,0.000000,0.000000,0.000000,3,
0.000000,0.000000,0.077669,0.000000,0.000000,0.000000,0.922331,0.000000,0.000000,0.000000,6,
0.323213,0.000000,0.000000,0.000000,0.000000,0.091130,0.000000,0.000000,0.585657,0.000000,8,
0.000000,0.000000,0.000000,0.000000,0.161172,0.000000,0.000000,0.416377,0.000000,0.422452,4,
0.000000,0.000000,0.000000,0.000000,0.268010,0.000000,0.000000,0.558941,0.000000,0.173049,9,
0.000000,0.000000,0.000000,0.074033,0.082773,0.000000,0.000000,0.000000,0.000000,0.843194,4,
0.000000,1.000000,0.000000,0.000000,0.000000,0.000000,0.000000,0.000000,0.000000,0.000000,1,
1.000000,0.000000,0.000000,0.000000,0.000000,0.000000,0.000000,0.000000,0.000000,0.000000,0,
0.177042,0.000000,0.372720,0.264964,0.000000,0.000000,0.099997,0.000000,0.085277,0.000000,3,
0.000000,0.000000,0.094162,0.000000,0.187124,0.000000,0.718714,0.000000,0.000000,0.000000,6,
0.637334,0.000000,0.000000,0.000000,0.000000,0.000000,0.000000,0.000000,0.362666,0.000000,0,
0.000000,0.000000,0.000000,0.000000,0.652094,0.000000,0.000000,0.000000,0.000000,0.347906,4,
0.167043,0.000000,0.000000,0.485944,0.000000,0.347012,0.000000,0.000000,0.000000,0.000000,3,
0.457570,0.000000,0.000000,0.000000,0.000000,0.000000,0.000000,0.000000,0.542430,0.000000,8,
0.000000,0.000000,0.000000,0.000000,0.739498,0.000000,0.000000,0.000000,0.000000,0.260502,9,
0.267190,0.000000,0.000000,0.089492,0.000000,0.000000,0.643318,0.000000,0.000000,0.000000,6,
0.000000,0.000000,0.113594,0.000000,0.083355,0.000000,0.803050,0.000000,0.000000,0.000000,6,
0.000000,0.000000,0.000000,0.000000,0.000000,0.000000,0.000000,1.000000,0.000000,0.000000,7,
0.000000,0.000000,0.570647,0.097800,0.000000,0.081826,0.249728,0.000000,0.000000,0.000000,2,
0.000000,1.000000,0.000000,0.000000,0.000000,0.000000,0.000000,0.000000,0.000000,0.000000,1,
0.000000,0.000000,0.000000,0.000000,0.172076,0.000000,0.000000,0.122673,0.428532,0.276719,0,
0.000000,0.000000,0.000000,0.000000,0.835681,0.000000,0.000000,0.000000,0.000000,0.164319,4,
0.170292,0.000000,0.000000,0.178532,0.000000,0.000000,0.000000,0.000000,0.651176,0.000000,8,
0.000000,0.000000,0.096870,0.000000,0.000000,0.000000,0.903130,0.000000,0.000000,0.000000,6,
0.000000,0.000000,0.000000,0.000000,0.000000,0.000000,1.000000,0.000000,0.000000,0.000000,6,
0.092067,0.000000,0.083279,0.180931,0.000000,0.292170,0.000000,0.000000,0.351553,0.000000,0,
0.000000,0.000000,0.096375,0.259707,0.000000,0.000000,0.000000,0.562681,0.081238,0.000000,3,
0.257391,0.000000,0.000000,0.000000,0.000000,0.195938,0.000000,0.000000,0.546671,0.000000,0,
0.000000,0.000000,0.000000,0.591583,0.000000,0.000000,0.000000,0.252023,0.000000,0.156394,3,
0.000000,0.000000,0.000000,0.000000,0.908936,0.000000,0.000000,0.000000,0.000000,0.091064,4,
0.000000,0.000000,0.000000,0.187020,0.000000,0.549945,0.000000,0.083420,0.000000,0.179615,3,
0.000000,0.000000,0.000000,0.000000,0.898410,0.000000,0.101590,0.000000,0.000000,0.000000,9,
0.000000,0.000000,0.000000,0.000000,0.000000,0.087136,0.912864,0.000000,0.000000,0.000000,6,
0.000000,0.000000,0.819648,0.000000,0.000000,0.180352,0.000000,0.000000,0.000000,0.000000,2,
0.000000,0.000000,0.000000,0.000000,0.122840,0.000000,0.000000,0.000000,0.077692,0.799469,9,
0.000000,1.000000,0.000000,0.000000,0.000000,0.000000,0.000000,0.000000,0.000000,0.000000,1,
0.911383,0.000000,0.000000,0.000000,0.000000,0.088617,0.000000,0.000000,0.000000,0.000000,0,
0.000000,0.000000,0.801243,0.000000,0.000000,0.000000,0.198757,0.000000,0.000000,0.000000,2,
0.351797,0.000000,0.000000,0.000000,0.081390,0.085010,0.000000,0.086599,0.395204,0.000000,8,
0.256251,0.000000,0.000000,0.183698,0.251980,0.000000,0.308071,0.000000,0.000000,0.000000,2,
0.662045,0.000000,0.082951,0.000000,0.000000,0.000000,0.000000,0.000000,0.000000,0.255005,0,
0.091157,0.000000,0.000000,0.000000,0.000000,0.908843,0.000000,0.000000,0.000000,0.000000,5,
0.533644,0.000000,0.000000,0.000000,0.294628,0.083477,0.000000,0.000000,0.088251,0.000000,0,
0.000000,0.081401,0.000000,0.918599,0.000000,0.000000,0.000000,0.000000,0.000000,0.000000,3,
0.164658,0.000000,0.000000,0.000000,0.746907,0.000000,0.000000,0.088435,0.000000,0.000000,4,
0.000000,1.000000,0.000000,0.000000,0.000000,0.000000,0.000000,0.000000,0.000000,0.000000,1,
0.000000,0.000000,0.085318,0.000000,0.271829,0.000000,0.558410,0.000000,0.000000,0.084443,6,
0.094502,0.000000,0.905498,0.000000,0.000000,0.000000,0.000000,0.000000,0.000000,0.000000,2,
0.000000,0.000000,0.000000,0.000000,0.311782,0.000000,0.688218,0.000000,0.000000,0.000000,6,
0.000000,0.000000,0.000000,0.000000,0.098100,0.000000,0.000000,0.545337,0.000000,0.356562,7,
0.000000,0.000000,0.000000,0.175722,0.000000,0.732649,0.000000,0.000000,0.091630,0.000000,5,
0.081647,0.000000,0.000000,0.202590,0.000000,0.091285,0.000000,0.000000,0.624478,0.000000,8,
0.000000,0.000000,0.000000,0.278431,0.000000,0.263086,0.000000,0.458483,0.000000,0.000000,5,
0.000000,0.091491,0.000000,0.189300,0.000000,0.459626,0.000000,0.168091,0.000000,0.091491,5,
0.000000,0.093379,0.000000,0.823100,0.000000,0.000000,0.000000,0.083521,0.000000,0.000000,3,
0.000000,0.000000,0.000000,0.000000,0.081874,0.000000,0.000000,0.484497,0.000000,0.433629,9,
0.000000,0.000000,0.000000,0.000000,0.000000,0.000000,0.000000,1.000000,0.000000,0.000000,7,
0.000000,0.000000,0.740577,0.000000,0.000000,0.000000,0.259423,0.000000,0.000000,0.000000,2,
0.000000,0.000000,0.000000,0.830204,0.000000,0.000000,0.000000,0.084898,0.084898,0.000000,3,
0.000000,1.000000,0.000000,0.000000,0.000000,0.000000,0.000000,0.000000,0.000000,0.000000,1,
0.000000,0.000000,0.000000,0.000000,0.070230,0.000000,0.929770,0.000000,0.000000,0.000000,6,
0.086087,0.000000,0.000000,0.000000,0.000000,0.000000,0.000000,0.824656,0.000000,0.089256,3,
0.000000,0.000000,0.000000,0.000000,0.000000,0.000000,1.000000,0.000000,0.000000,0.000000,6,
0.000000,0.000000,0.000000,0.000000,0.000000,1.000000,0.000000,0.000000,0.000000,0.000000,5,
0.000000,0.000000,0.093326,0.000000,0.382060,0.087026,0.000000,0.000000,0.263037,0.174550,4,
0.000000,0.000000,0.000000,0.000000,0.000000,0.000000,1.000000,0.000000,0.000000,0.000000,6,
0.000000,0.000000,0.000000,0.000000,0.000000,0.000000,0.000000,0.922214,0.000000,0.077786,7,
0.000000,0.000000,1.000000,0.000000,0.000000,0.000000,0.000000,0.000000,0.000000,0.000000,2,
0.000000,0.000000,0.000000,0.090459,0.079338,0.000000,0.000000,0.830203,0.000000,0.000000,7,
0.000000,0.000000,0.000000,0.000000,0.000000,0.000000,0.000000,0.801281,0.000000,0.198719,7,
0.000000,0.000000,0.000000,0.000000,1.000000,0.000000,0.000000,0.000000,0.000000,0.000000,4,
0.091361,0.000000,0.000000,0.364939,0.000000,0.276110,0.000000,0.000000,0.000000,0.267590,5,
0.000000,0.000000,0.000000,0.000000,0.000000,0.000000,0.000000,0.921060,0.000000,0.078940,7,
0.000000,0.000000,0.000000,0.000000,0.000000,0.000000,0.000000,0.000000,1.000000,0.000000,8,
0.000000,0.000000,0.828694,0.171306,0.000000,0.000000,0.000000,0.000000,0.000000,0.000000,2,
0.000000,0.000000,0.000000,0.651602,0.083945,0.000000,0.000000,0.089037,0.086379,0.089037,3,
0.000000,0.000000,0.083598,0.916402,0.000000,0.000000,0.000000,0.000000,0.000000,0.000000,3,
0.000000,0.000000,0.000000,0.000000,0.083228,0.000000,0.000000,0.000000,0.000000,0.916772,9,
0.194014,0.000000,0.086255,0.086255,0.086256,0.096436,0.000000,0.000000,0.187356,0.263429,3,
0.000000,0.000000,0.206133,0.000000,0.356926,0.000000,0.193327,0.000000,0.078913,0.164701,2,
0.000000,0.000000,1.000000,0.000000,0.000000,0.000000,0.000000,0.000000,0.000000,0.000000,2,
0.000000,0.000000,0.352545,0.209518,0.000000,0.165269,0.000000,0.272668,0.000000,0.000000,7,
0.000000,0.000000,0.000000,0.000000,0.000000,0.000000,0.000000,0.922365,0.000000,0.077635,7,
0.000000,0.000000,0.000000,0.904878,0.000000,0.000000,0.000000,0.000000,0.000000,0.095122,5,
0.000000,0.000000,0.000000,0.276110,0.273888,0.000000,0.000000,0.191225,0.000000,0.258776,7,
0.000000,0.000000,0.000000,0.000000,0.000000,0.000000,0.000000,0.845053,0.000000,0.154947,7,
0.000000,0.000000,0.000000,0.000000,0.000000,0.000000,0.000000,0.908129,0.000000,0.091871,7,
0.276049,0.000000,0.177991,0.184137,0.000000,0.000000,0.000000,0.000000,0.361822,0.000000,0,
0.000000,0.000000,0.000000,0.164929,0.088581,0.088579,0.000000,0.000000,0.455725,0.202185,3,
0.000000,0.000000,0.000000,0.000000,0.900271,0.000000,0.099729,0.000000,0.000000,0.000000,4,
0.000000,0.000000,0.000000,0.000000,0.185252,0.000000,0.000000,0.200404,0.000000,0.614344,4,
0.000000,1.000000,0.000000,0.000000,0.000000,0.000000,0.000000,0.000000,0.000000,0.000000,1,
0.000000,0.000000,0.000000,0.000000,0.551400,0.174782,0.000000,0.184919,0.000000,0.088899,4,
0.000000,0.000000,0.000000,1.000000,0.000000,0.000000,0.000000,0.000000,0.000000,0.000000,3,
0.000000,0.000000,0.000000,0.926029,0.000000,0.073971,0.000000,0.000000,0.000000,0.000000,3,
0.000000,0.000000,0.000000,0.000000,0.000000,0.607456,0.000000,0.392544,0.000000,0.000000,5,
0.000000,0.187363,0.000000,0.000000,0.637825,0.000000,0.000000,0.000000,0.000000,0.174812,4,
0.000000,0.000000,0.000000,0.078588,0.000000,0.000000,0.000000,0.758435,0.000000,0.162978,7,
0.000000,0.000000,0.000000,1.000000,0.000000,0.000000,0.000000,0.000000,0.000000,0.000000,3,
0.000000,1.000000,0.000000,0.000000,0.000000,0.000000,0.000000,0.000000,0.000000,0.000000,1,
0.000000,0.436002,0.000000,0.000000,0.179355,0.191007,0.000000,0.000000,0.106599,0.087037,4,
0.000000,0.000000,0.000000,0.000000,0.653719,0.263324,0.000000,0.082957,0.000000,0.000000,5,
0.000000,0.000000,0.000000,0.345560,0.000000,0.526199,0.000000,0.000000,0.128241,0.000000,5,
0.000000,0.000000,1.000000,0.000000,0.000000,0.000000,0.000000,0.000000,0.000000,0.000000,2,
0.000000,0.000000,0.182766,0.000000,0.172021,0.084758,0.000000,0.093206,0.000000,0.467249,4,
0.437586,0.000000,0.000000,0.000000,0.000000,0.000000,0.000000,0.000000,0.562414,0.000000,8,
0.000000,0.000000,0.000000,0.000000,0.000000,0.917637,0.000000,0.082363,0.000000,0.000000,5,
0.000000,0.000000,0.000000,0.000000,0.000000,0.089340,0.000000,0.000000,0.910660,0.000000,8,
0.000000,0.000000,0.000000,0.000000,0.000000,0.000000,0.000000,0.092372,0.000000,0.907628,9,
0.898996,0.000000,0.000000,0.000000,0.000000,0.000000,0.000000,0.000000,0.101004,0.000000,0,
0.000000,0.000000,0.000000,0.000000,0.000000,0.000000,0.000000,1.000000,0.000000,0.000000,7,
0.000000,0.000000,0.000000,0.000000,0.000000,0.439524,0.000000,0.476746,0.083730,0.000000,7,
0.000000,0.000000,1.000000,0.000000,0.000000,0.000000,0.000000,0.000000,0.000000,0.000000,2,
0.000000,0.000000,0.000000,0.079597,0.000000,0.000000,0.000000,0.399449,0.000000,0.520953,9,
0.000000,0.000000,1.000000,0.000000,0.000000,0.000000,0.000000,0.000000,0.000000,0.000000,2,
0.086131,0.000000,0.000000,0.097890,0.000000,0.086132,0.000000,0.000000,0.633935,0.095912,3,
0.000000,0.000000,0.000000,0.000000,0.000000,0.000000,0.000000,0.888213,0.000000,0.111787,7,
0.000000,0.000000,0.000000,0.000000,0.741411,0.000000,0.000000,0.258589,0.000000,0.000000,4,
0.000000,0.000000,0.000000,0.000000,0.089631,0.270023,0.000000,0.000000,0.467604,0.172741,8,
0.000000,0.000000,1.000000,0.000000,0.000000,0.000000,0.000000,0.000000,0.000000,0.000000,2,
0.000000,0.000000,0.000000,0.000000,0.000000,0.824388,0.000000,0.000000,0.175612,0.000000,5,
0.000000,1.000000,0.000000,0.000000,0.000000,0.000000,0.000000,0.000000,0.000000,0.000000,1,
0.000000,0.000000,0.176811,0.554095,0.000000,0.000000,0.000000,0.000000,0.171207,0.097887,3,
0.000000,0.000000,1.000000,0.000000,0.000000,0.000000,0.000000,0.000000,0.000000,0.000000,2,
0.085537,0.000000,0.085537,0.000000,0.168520,0.000000,0.660407,0.000000,0.000000,0.000000,6,
0.000000,0.000000,0.000000,0.000000,0.727688,0.087339,0.000000,0.000000,0.000000,0.184973,4,
0.256359,0.000000,0.000000,0.000000,0.000000,0.000000,0.000000,0.000000,0.666591,0.077050,8,
0.103276,0.000000,0.000000,0.095615,0.000000,0.000000,0.000000,0.000000,0.801109,0.000000,8,
0.000000,0.000000,0.000000,0.391000,0.000000,0.609000,0.000000,0.000000,0.000000,0.000000,5,
0.082293,0.000000,0.172342,0.493523,0.000000,0.079503,0.000000,0.000000,0.172340,0.000000,3,
0.000000,0.000000,0.000000,0.000000,0.000000,0.089606,0.087216,0.640920,0.000000,0.182258,7,
0.000000,0.000000,0.000000,0.000000,0.305663,0.000000,0.000000,0.000000,0.000000,0.694337,9,
0.156036,0.000000,0.254089,0.334542,0.000000,0.000000,0.000000,0.000000,0.255333,0.000000,2,
0.000000,0.000000,0.000000,0.906884,0.000000,0.093116,0.000000,0.000000,0.000000,0.000000,3,
0.000000,0.000000,0.000000,0.000000,0.000000,0.000000,1.000000,0.000000,0.000000,0.000000,6,
0.000000,0.000000,0.000000,0.000000,0.000000,0.000000,0.000000,1.000000,0.000000,0.000000,7,
0.171710,0.000000,0.087669,0.740620,0.000000,0.000000,0.000000,0.000000,0.000000,0.000000,3,
0.000000,0.000000,0.000000,0.000000,0.000000,0.000000,0.000000,1.000000,0.000000,0.000000,7,
0.000000,0.000000,0.000000,0.000000,0.000000,0.468767,0.000000,0.531233,0.000000,0.000000,8,
0.000000,0.000000,0.000000,0.000000,1.000000,0.000000,0.000000,0.000000,0.000000,0.000000,4,
0.000000,0.000000,0.452728,0.000000,0.466701,0.000000,0.080571,0.000000,0.000000,0.000000,4,
0.000000,0.000000,0.924406,0.000000,0.000000,0.075594,0.000000,0.000000,0.000000,0.000000,2,
0.179969,0.091658,0.000000,0.211608,0.000000,0.000000,0.081982,0.000000,0.434783,0.000000,8,
0.000000,0.000000,0.000000,0.000000,0.000000,0.088989,0.000000,0.241480,0.108986,0.560544,9,
0.000000,0.000000,0.000000,0.000000,0.184529,0.090349,0.000000,0.000000,0.000000,0.725122,9,
1.000000,0.000000,0.000000,0.000000,0.000000,0.000000,0.000000,0.000000,0.000000,0.000000,0,
0.087737,0.000000,0.569615,0.000000,0.000000,0.000000,0.251598,0.000000,0.091050,0.000000,0,
1.000000,0.000000,0.000000,0.000000,0.000000,0.000000,0.000000,0.000000,0.000000,0.000000,0,
0.000000,1.000000,0.000000,0.000000,0.000000,0.000000,0.000000,0.000000,0.000000,0.000000,1,
0.079436,0.000000,0.000000,0.000000,0.000000,0.000000,0.000000,0.084255,0.000000,0.836309,9,
0.000000,1.000000,0.000000,0.000000,0.000000,0.000000,0.000000,0.000000,0.000000,0.000000,1,
0.000000,0.000000,0.000000,0.221005,0.000000,0.524290,0.000000,0.165662,0.089043,0.000000,5,
0.000000,0.000000,0.000000,0.000000,0.000000,0.256610,0.000000,0.000000,0.743390,0.000000,5,
0.454721,0.000000,0.000000,0.000000,0.184914,0.000000,0.000000,0.085375,0.274989,0.000000,0,
0.000000,0.000000,0.000000,0.088166,0.169793,0.088166,0.000000,0.088164,0.000000,0.565711,4,
0.000000,0.079164,0.501698,0.260812,0.000000,0.000000,0.000000,0.000000,0.158326,0.000000,2,
0.000000,0.101046,0.814059,0.000000,0.000000,0.000000,0.000000,0.084895,0.000000,0.000000,2,
0.087259,0.000000,0.189797,0.362622,0.000000,0.089839,0.000000,0.000000,0.270483,0.000000,8,
0.087004,0.000000,0.088799,0.000000,0.184278,0.000000,0.090708,0.000000,0.378583,0.170628,0,
0.000000,0.000000,0.073638,0.073638,0.082330,0.576342,0.000000,0.000000,0.194052,0.000000,5,
0.000000,0.000000,0.728539,0.089105,0.000000,0.000000,0.000000,0.182356,0.000000,0.000000,2,
0.000000,0.000000,0.179413,0.092993,0.186765,0.000000,0.540829,0.000000,0.000000,0.000000,2,
0.000000,0.000000,0.000000,0.000000,0.000000,0.000000,0.000000,0.000000,0.082305,0.917695,9,
0.000000,0.000000,0.079293,0.000000,0.112139,0.084768,0.000000,0.079294,0.000000,0.644506,8,
0.000000,0.000000,1.000000,0.000000,0.000000,0.000000,0.000000,0.000000,0.000000,0.000000,2,
0.000000,0.000000,0.000000,0.000000,0.000000,0.000000,0.000000,1.000000,0.000000,0.000000,7,
0.088734,0.000000,0.000000,0.088734,0.078255,0.000000,0.000000,0.000000,0.744277,0.000000,8,
0.274803,0.000000,0.000000,0.000000,0.000000,0.000000,0.094843,0.000000,0.630354,0.000000,0,
0.086705,0.000000,0.000000,0.000000,0.086705,0.000000,0.000000,0.000000,0.198582,0.628009,9,
0.609007,0.000000,0.000000,0.000000,0.083573,0.000000,0.198700,0.000000,0.108720,0.000000,0,
0.094835,0.000000,0.085605,0.000000,0.000000,0.000000,0.819560,0.000000,0.000000,0.000000,6,
0.000000,0.000000,0.000000,0.085537,0.000000,0.567425,0.000000,0.263467,0.083571,0.000000,5,
0.915959,0.000000,0.000000,0.084041,0.000000,0.000000,0.000000,0.000000,0.000000,0.000000,0,
0.000000,0.000000,0.799702,0.000000,0.000000,0.000000,0.000000,0.200298,0.000000,0.000000,2,
0.000000,0.000000,1.000000,0.000000,0.000000,0.000000,0.000000,0.000000,0.000000,0.000000,6,
0.105584,0.000000,0.726364,0.168052,0.000000,0.000000,0.000000,0.000000,0.000000,0.000000,2,
0.730491,0.000000,0.000000,0.181329,0.000000,0.088180,0.000000,0.000000,0.000000,0.000000,0,
0.000000,0.000000,0.000000,0.911565,0.000000,0.088435,0.000000,0.000000,0.000000,0.000000,3,
0.251120,0.000000,0.000000,0.000000,0.000000,0.155234,0.000000,0.000000,0.593646,0.000000,8,
0.114063,0.000000,0.000000,0.096403,0.260217,0.000000,0.354121,0.000000,0.000000,0.175197,8,
0.000000,0.000000,1.000000,0.000000,0.000000,0.000000,0.000000,0.000000,0.000000,0.000000,2,
0.092096,0.000000,0.814285,0.000000,0.000000,0.000000,0.000000,0.000000,0.000000,0.093619,2,
0.000000,0.088117,0.173434,0.738449,0.000000,0.000000,0.000000,0.000000,0.000000,0.000000,2,
0.000000,0.000000,0.000000,0.080771,0.000000,0.841196,0.000000,0.000000,0.078033,0.000000,5,
0.000000,0.000000,0.000000,0.000000,0.376894,0.000000,0.000000,0.082674,0.085576,0.454856,9,
0.000000,1.000000,0.000000,0.000000,0.000000,0.000000,0.000000,0.000000,0.000000,0.000000,1,
0.090888,0.000000,0.000000,0.000000,0.909112,0.000000,0.000000,0.000000,0.000000,0.000000,9,
0.000000,0.000000,0.000000,0.000000,0.456501,0.000000,0.000000,0.000000,0.000000,0.543499,9,
0.000000,0.000000,0.000000,0.000000,0.000000,0.000000,1.000000,0.000000,0.000000,0.000000,6,
0.000000,0.000000,1.000000,0.000000,0.000000,0.000000,0.000000,0.000000,0.000000,0.000000,2,
0.000000,0.000000,0.000000,0.000000,0.095961,0.000000,0.000000,0.083105,0.000000,0.820934,9,
0.000000,0.000000,0.000000,0.830238,0.000000,0.169762,0.000000,0.000000,0.000000,0.000000,3,
0.000000,0.000000,0.791059,0.114352,0.000000,0.000000,0.000000,0.000000,0.000000,0.094588,2,
0.000000,0.000000,0.000000,0.000000,0.000000,0.000000,0.000000,1.000000,0.000000,0.000000,7,
0.000000,0.000000,0.000000,0.000000,0.088590,0.000000,0.000000,0.000000,0.185528,0.725881,9,
0.000000,0.000000,0.000000,0.703768,0.000000,0.165563,0.000000,0.130669,0.000000,0.000000,3,
0.000000,1.000000,0.000000,0.000000,0.000000,0.000000,0.000000,0.000000,0.000000,0.000000,1,
0.000000,0.709825,0.000000,0.195367,0.000000,0.000000,0.000000,0.094808,0.000000,0.000000,1,
0.000000,0.000000,0.000000,0.000000,0.095090,0.082350,0.000000,0.000000,0.000000,0.822560,9,
0.000000,0.420273,0.000000,0.000000,0.314162,0.079655,0.100756,0.000000,0.085154,0.000000,1,
0.000000,0.000000,0.000000,0.000000,0.000000,0.000000,0.000000,0.106970,0.000000,0.893030,9,
0.000000,0.000000,0.000000,0.278236,0.256872,0.000000,0.000000,0.084254,0.000000,0.380638,7,
0.000000,0.000000,0.640892,0.000000,0.000000,0.000000,0.359108,0.000000,0.000000,0.000000,6,
0.079021,0.000000,0.000000,0.731558,0.000000,0.000000,0.000000,0.090644,0.098777,0.000000,3,
0.000000,0.000000,0.000000,0.000000,0.174084,0.000000,0.000000,0.166418,0.000000,0.659497,9,
0.000000,0.000000,0.000000,0.000000,0.000000,0.000000,0.000000,0.724067,0.000000,0.275933,9,
0.000000,0.000000,0.000000,0.091719,0.000000,0.908281,0.000000,0.000000,0.000000,0.000000,5,
0.000000,0.000000,0.000000,0.000000,0.000000,0.000000,1.000000,0.000000,0.000000,0.000000,6,
0.000000,0.000000,1.000000,0.000000,0.000000,0.000000,0.000000,0.000000,0.000000,0.000000,2,
0.000000,1.000000,0.000000,0.000000,0.000000,0.000000,0.000000,0.000000,0.000000,0.000000,1,
0.000000,0.000000,0.000000,0.112356,0.289652,0.000000,0.000000,0.085816,0.173455,0.338720,9,
0.158183,0.000000,0.000000,0.134009,0.000000,0.000000,0.000000,0.000000,0.707808,0.000000,8,
0.000000,0.000000,0.000000,0.076372,0.167601,0.000000,0.000000,0.162011,0.086599,0.507417,9,
0.000000,0.000000,0.836568,0.084030,0.000000,0.079402,0.000000,0.000000,0.000000,0.000000,6,
0.000000,0.098558,0.000000,0.127240,0.089972,0.000000,0.000000,0.528394,0.000000,0.155836,7,
0.000000,0.000000,0.000000,0.000000,0.000000,0.000000,0.000000,1.000000,0.000000,0.000000,7,
0.000000,0.000000,0.000000,0.000000,0.000000,0.000000,1.000000,0.000000,0.000000,0.000000,6,
0.093474,0.099928,0.000000,0.000000,0.353335,0.083605,0.000000,0.000000,0.000000,0.369658,5,
0.360359,0.000000,0.000000,0.000000,0.000000,0.087641,0.000000,0.000000,0.255460,0.296540,9,
0.000000,0.000000,0.000000,0.000000,0.599445,0.000000,0.000000,0.000000,0.000000,0.400555,4,
0.000000,0.000000,1.000000,0.000000,0.000000,0.000000,0.000000,0.000000,0.000000,0.000000,2,
1.000000,0.000000,0.000000,0.000000,0.000000,0.000000,0.000000,0.000000,0.000000,0.000000,0,
0.000000,1.000000,0.000000,0.000000,0.000000,0.000000,0.000000,0.000000,0.000000,0.000000,1,
0.000000,0.000000,0.085380,0.914620,0.000000,0.000000,0.000000,0.000000,0.000000,0.000000,3,
0.558379,0.000000,0.000000,0.000000,0.441621,0.000000,0.000000,0.000000,0.000000,0.000000,0,
0.000000,0.000000,0.000000,0.000000,0.000000,0.000000,0.000000,1.000000,0.000000,0.000000,7,
0.000000,0.000000,0.000000,1.000000,0.000000,0.000000,0.000000,0.000000,0.000000,0.000000,3,
0.000000,0.000000,0.000000,0.000000,0.640000,0.000000,0.000000,0.000000,0.000000,0.360000,4,
0.000000,0.000000,0.000000,0.000000,0.545178,0.194392,0.000000,0.000000,0.000000,0.260430,4,
0.000000,0.000000,0.000000,0.000000,0.000000,0.000000,0.000000,1.000000,0.000000,0.000000,7,
0.000000,0.000000,0.000000,1.000000,0.000000,0.000000,0.000000,0.000000,0.000000,0.000000,3,
0.000000,0.000000,0.824117,0.175883,0.000000,0.000000,0.000000,0.000000,0.000000,0.000000,2,
0.000000,0.000000,0.000000,0.000000,0.276658,0.000000,0.000000,0.000000,0.000000,0.723342,9,
0.000000,0.000000,0.000000,0.353485,0.000000,0.550214,0.000000,0.000000,0.096301,0.000000,3,
0.000000,0.000000,0.818006,0.087622,0.000000,0.000000,0.000000,0.000000,0.094372,0.000000,2,
0.000000,0.000000,0.000000,0.000000,0.000000,0.376905,0.000000,0.000000,0.526533,0.096562,5,
0.000000,0.090558,0.362228,0.000000,0.383643,0.000000,0.000000,0.080271,0.000000,0.083301,2,
0.000000,0.000000,0.083654,0.000000,0.000000,0.000000,0.916346,0.000000,0.000000,0.000000,6,
0.000000,0.000000,0.000000,0.000000,0.079137,0.000000,0.000000,0.000000,0.079138,0.841725,8,
0.186363,0.000000,0.000000,0.174053,0.000000,0.000000,0.000000,0.000000,0.553482,0.086101,3,
0.000000,0.000000,0.000000,1.000000,0.000000,0.000000,0.000000,0.000000,0.000000,0.000000,3,
0.000000,0.000000,0.000000,0.000000,0.000000,0.000000,0.000000,0.911626,0.000000,0.088374,7,
0.000000,0.000000,0.000000,0.000000,0.000000,0.000000,0.000000,1.000000,0.000000,0.000000,7,
0.452456,0.000000,0.000000,0.000000,0.000000,0.372418,0.000000,0.000000,0.175125,0.000000,2,
0.000000,0.000000,0.000000,0.000000,0.302584,0.000000,0.000000,0.275787,0.000000,0.421630,9,
0.000000,0.000000,0.000000,0.000000,0.000000,0.000000,0.000000,1.000000,0.000000,0.000000,7,
0.117851,0.000000,0.000000,0.089089,0.089089,0.096227,0.000000,0.166670,0.089089,0.351985,9,
0.000000,0.000000,0.000000,0.000000,0.083387,0.653916,0.000000,0.262697,0.000000,0.000000,5,
0.000000,0.087397,0.000000,0.081752,0.000000,0.000000,0.000000,0.365600,0.000000,0.465251,7,
0.000000,0.000000,0.093015,0.716387,0.000000,0.000000,0.000000,0.000000,0.083194,0.107404,3,
0.084390,0.000000,0.495480,0.000000,0.080463,0.000000,0.339667,0.000000,0.000000,0.000000,2,
0.000000,1.000000,0.000000,0.000000,0.000000,0.000000,0.000000,0.000000,0.000000,0.000000,1,
0.000000,0.000000,0.000000,0.299609,0.000000,0.592235,0.000000,0.000000,0.000000,0.108156,5,
0.000000,0.000000,0.000000,0.000000,0.000000,0.000000,0.000000,1.000000,0.000000,0.000000,7,
0.000000,0.000000,0.000000,0.000000,1.000000,0.000000,0.000000,0.000000,0.000000,0.000000,4,
0.000000,0.000000,0.000000,0.175199,0.437995,0.000000,0.000000,0.000000,0.000000,0.386806,4,
0.000000,0.000000,0.000000,0.000000,0.000000,0.000000,0.000000,0.907232,0.000000,0.092768,7,
0.000000,0.000000,0.000000,0.085855,0.000000,0.914145,0.000000,0.000000,0.000000,0.000000,5,
0.000000,0.000000,0.000000,0.000000,0.000000,0.000000,0.000000,1.000000,0.000000,0.000000,7,
0.000000,0.000000,0.000000,0.000000,0.000000,1.000000,0.000000,0.000000,0.000000,0.000000,5,
0.000000,0.000000,0.000000,0.000000,0.000000,0.094006,0.000000,0.353443,0.000000,0.552551,7,
0.000000,0.000000,0.000000,0.000000,0.000000,0.380589,0.000000,0.619411,0.000000,0.000000,5,
0.000000,0.000000,1.000000,0.000000,0.000000,0.000000,0.000000,0.000000,0.000000,0.000000,2,
1.000000,0.000000,0.000000,0.000000,0.000000,0.000000,0.000000,0.000000,0.000000,0.000000,0,
0.000000,0.000000,0.000000,0.000000,0.000000,0.000000,1.000000,0.000000,0.000000,0.000000,6,
0.000000,0.000000,0.000000,0.000000,0.718594,0.000000,0.000000,0.000000,0.106704,0.174702,6,
0.088647,0.000000,0.366484,0.000000,0.544869,0.000000,0.000000,0.000000,0.000000,0.000000,4,
0.000000,0.000000,0.000000,0.000000,0.000000,0.000000,0.000000,1.000000,0.000000,0.000000,7,
0.000000,1.000000,0.000000,0.000000,0.000000,0.000000,0.000000,0.000000,0.000000,0.000000,1,
0.000000,0.000000,0.092538,0.000000,0.733389,0.000000,0.000000,0.000000,0.000000,0.174074,4,
0.000000,0.000000,0.000000,0.000000,0.078796,0.000000,0.000000,0.000000,0.000000,0.921204,4,
0.000000,1.000000,0.000000,0.000000,0.000000,0.000000,0.000000,0.000000,0.000000,0.000000,1,
0.000000,0.000000,0.000000,0.086017,0.000000,0.913983,0.000000,0.000000,0.000000,0.000000,5,
0.000000,0.000000,0.000000,0.000000,0.000000,0.000000,0.000000,0.870092,0.000000,0.129908,3,
0.344961,0.000000,0.000000,0.000000,0.110523,0.544516,0.000000,0.000000,0.000000,0.000000,5,
0.258866,0.000000,0.272907,0.000000,0.000000,0.000000,0.468227,0.000000,0.000000,0.000000,6,
0.815173,0.000000,0.000000,0.095134,0.000000,0.000000,0.000000,0.000000,0.000000,0.089693,0,
0.000000,0.000000,0.000000,0.000000,0.000000,0.000000,0.000000,0.100977,0.000000,0.899023,7,
0.000000,0.000000,0.000000,0.000000,0.000000,0.000000,1.000000,0.000000,0.000000,0.000000,6,
0.728870,0.000000,0.000000,0.080312,0.000000,0.093239,0.000000,0.000000,0.097578,0.000000,0,
0.000000,0.000000,0.000000,0.000000,0.000000,0.000000,0.000000,0.167229,0.000000,0.832771,9,
1.000000,0.000000,0.000000,0.000000,0.000000,0.000000,0.000000,0.000000,0.000000,0.000000,0,
0.000000,0.000000,1.000000,0.000000,0.000000,0.000000,0.000000,0.000000,0.000000,0.000000,2,
0.000000,0.000000,1.000000,0.000000,0.000000,0.000000,0.000000,0.000000,0.000000,0.000000,2,
0.000000,0.000000,0.000000,0.000000,0.000000,0.000000,0.913721,0.000000,0.000000,0.086279,6,
0.000000,0.000000,0.000000,0.000000,0.000000,0.000000,0.000000,0.078628,0.000000,0.921372,9,
0.000000,0.000000,0.000000,0.000000,0.257722,0.000000,0.000000,0.081551,0.000000,0.660727,7,
0.000000,0.000000,0.000000,0.000000,0.174873,0.000000,0.000000,0.095781,0.000000,0.729346,9,
0.000000,0.000000,0.000000,0.000000,0.000000,0.000000,0.000000,1.000000,0.000000,0.000000,7,
