0, 1, 2, 3, 4, 5, 6, 7, 8, 9, True
0.158127,0.000027,0.451329,0.010462,0.036801,0.053684,0.200869,0.000014,0.087570,0.001118,2,
0.133674,0.000735,0.296388,0.031081,0.135160,0.099454,0.153029,0.000580,0.136722,0.013177,2,
0.011293,0.000059,0.000146,0.009546,0.064709,0.060820,0.000152,0.297320,0.052387,0.503567,7,
0.001180,0.828642,0.015816,0.090346,0.010279,0.005575,0.000735,0.036185,0.004218,0.007025,1,
0.016670,0.305066,0.370183,0.095588,0.081160,0.027926,0.057207,0.004941,0.029797,0.011463,1,
0.230450,0.000000,0.631358,0.000245,0.000198,0.006038,0.115262,0.000000,0.016450,0.000000,2,
0.001875,0.001242,0.973888,0.007891,0.000206,0.000567,0.013562,0.000000,0.000768,0.000001,2,
0.213469,0.000003,0.271468,0.003229,0.046166,0.054872,0.307646,0.000005,0.101891,0.001252,4,
0.003291,0.000268,0.491757,0.000241,0.005490,0.000739,0.496687,0.000000,0.001499,0.000027,2,
0.084916,0.001258,0.031991,0.031390,0.308293,0.147577,0.031591,0.019058,0.171913,0.172015,4,
0.071121,0.000007,0.020263,0.755983,0.000542,0.085064,0.000058,0.000407,0.066374,0.000182,3,
0.029332,0.001365,0.003014,0.046321,0.139911,0.113652,0.001599,0.207811,0.102793,0.354201,4,
0.394328,0.000000,0.019374,0.030795,0.015580,0.235322,0.003665,0.000165,0.297055,0.003717,0,
0.359903,0.000000,0.004217,0.026190,0.010665,0.272962,0.000787,0.000343,0.319343,0.005591,5,
0.000666,0.000013,0.000002,0.013976,0.001264,0.009974,0.000000,0.908673,0.005404,0.060028,7,
0.027127,0.000051,0.506477,0.001240,0.016011,0.006665,0.429580,0.000001,0.012675,0.000173,6,
0.073619,0.000026,0.001391,0.303563,0.013484,0.260789,0.000063,0.105044,0.191987,0.050033,7,
0.003648,0.001667,0.200082,0.000235,0.039220,0.001539,0.749991,0.000004,0.002967,0.000646,6,
0.004392,0.000006,0.000010,0.038460,0.003354,0.044295,0.000001,0.779549,0.026158,0.103775,7,
0.013541,0.000117,0.000345,0.006434,0.122862,0.058471,0.000642,0.168644,0.056112,0.572832,9,
0.004257,0.173445,0.069036,0.001990,0.368217,0.007076,0.303491,0.003064,0.009925,0.059499,2,
0.021361,0.004293,0.003355,0.094248,0.091599,0.099925,0.000852,0.342240,0.081941,0.260187,9,
0.242403,0.000032,0.352443,0.039472,0.031745,0.110166,0.066728,0.000061,0.155181,0.001768,8,
0.011301,0.257345,0.031376,0.055643,0.233077,0.040944,0.015417,0.127695,0.039123,0.188080,7,
0.030942,0.000023,0.000275,0.025185,0.057933,0.138020,0.000151,0.241603,0.117188,0.388681,5,
0.000660,0.000454,0.000017,0.020431,0.003403,0.008777,0.000002,0.889658,0.005113,0.071484,7,
0.010302,0.007407,0.857135,0.015431,0.008084,0.005522,0.088415,0.000013,0.007536,0.000155,2,
0.014121,0.149249,0.028983,0.046135,0.288267,0.048318,0.018703,0.121053,0.047641,0.237530,4,
0.001376,0.000025,0.000007,0.031552,0.001821,0.017610,0.000000,0.877420,0.009695,0.060495,7,
0.824683,0.000000,0.001129,0.000312,0.000111,0.058369,0.000235,0.000000,0.115157,0.000004,0,
0.001395,0.870269,0.042209,0.046847,0.014412,0.004438,0.003387,0.008721,0.003890,0.004432,1,
0.030755,0.000003,0.599425,0.000609,0.004337,0.004145,0.351925,0.000000,0.008781,0.000020,2,
0.137387,0.000516,0.038403,0.073448,0.166237,0.220632,0.015732,0.014881,0.242383,0.090381,5,
0.037579,0.004256,0.009797,0.052713,0.218053,0.118823,0.005838,0.127322,0.115162,0.310457,8,
0.150191,0.000095,0.039548,0.011988,0.280693,0.152392,0.068972,0.002559,0.209420,0.084142,8,
0.246731,0.000000,0.000031,0.001856,0.013758,0.309892,0.000050,0.001758,0.362650,0.063272,8,
0.001568,0.591579,0.012750,0.004457,0.197858,0.005763,0.024542,0.037432,0.006236,0.117815,2,
0.012341,0.319506,0.066058,0.040301,0.274026,0.034564,0.041453,0.049518,0.036076,0.126158,4,
0.087852,0.008341,0.147220,0.071579,0.254090,0.130501,0.068450,0.010505,0.151206,0.070255,5,
0.272055,0.000003,0.023537,0.005879,0.155863,0.181610,0.048783,0.000467,0.274360,0.037444,5,
0.000278,0.934219,0.006332,0.003425,0.025407,0.001164,0.003702,0.011491,0.001124,0.012858,1,
0.000153,0.956059,0.003555,0.017596,0.003137,0.000882,0.000208,0.015382,0.000655,0.002374,1,
0.036062,0.000071,0.879747,0.022315,0.002027,0.010527,0.034245,0.000001,0.014981,0.000024,2,
0.107048,0.000002,0.002176,0.001649,0.292845,0.130024,0.016431,0.003637,0.186717,0.259472,4,
0.000724,0.002132,0.000046,0.022712,0.006135,0.008863,0.000006,0.866970,0.005425,0.086988,7,
0.007664,0.000138,0.028221,0.000074,0.201012,0.004186,0.738608,0.000027,0.008598,0.011472,6,
0.008879,0.000344,0.000693,0.001775,0.255815,0.029962,0.004088,0.061092,0.033987,0.603366,9,
0.014501,0.000668,0.002422,0.002310,0.373765,0.037375,0.014403,0.031920,0.045608,0.477029,9,
0.000098,0.973657,0.002899,0.005127,0.004773,0.000517,0.000460,0.009046,0.000427,0.002995,1,
0.001756,0.826985,0.023691,0.066030,0.021275,0.007222,0.002092,0.032921,0.005948,0.012082,1,
0.000372,0.950651,0.015165,0.010597,0.009943,0.001316,0.002360,0.005154,0.001194,0.003247,1,
0.020081,0.000779,0.001400,0.023430,0.135903,0.084286,0.001147,0.218481,0.077163,0.437330,0,
0.003985,0.002105,0.258260,0.000339,0.033947,0.001666,0.696033,0.000004,0.003140,0.000522,6,
0.226460,0.000087,0.074356,0.054140,0.103438,0.218358,0.027131,0.001982,0.267672,0.026376,3,
0.072094,0.000000,0.000119,0.010952,0.049981,0.225307,0.000115,0.075588,0.212443,0.353399,5,
0.136010,0.000137,0.572597,0.093880,0.011716,0.067920,0.031380,0.000049,0.085790,0.000521,5,
0.056446,0.000012,0.152521,0.000572,0.079283,0.016807,0.658197,0.000005,0.034048,0.002109,6,
0.276321,0.000000,0.001512,0.024113,0.017333,0.314679,0.000426,0.001837,0.343367,0.020412,0,
0.005262,0.024695,0.001683,0.056283,0.062666,0.034774,0.000437,0.558799,0.026656,0.228745,4,
0.003247,0.632361,0.148700,0.010404,0.089106,0.005809,0.089925,0.002400,0.006902,0.011146,6,
0.003454,0.000166,0.000056,0.012360,0.023381,0.028396,0.000026,0.611369,0.020833,0.299960,9,
0.005862,0.002093,0.000659,0.006206,0.153162,0.029437,0.001267,0.225017,0.027933,0.548365,9,
0.004589,0.000043,0.000034,0.028790,0.009634,0.040669,0.000006,0.715615,0.026707,0.173913,7,
0.006488,0.000000,0.000003,0.000076,0.064974,0.023165,0.000086,0.026336,0.027418,0.851454,9,
0.000145,0.962328,0.004480,0.017706,0.002519,0.000768,0.000223,0.009713,0.000576,0.001542,1,
0.005790,0.000206,0.000110,0.057975,0.012080,0.047540,0.000013,0.700446,0.031219,0.144621,9,
0.003955,0.088080,0.004184,0.009792,0.248326,0.018884,0.006766,0.196339,0.018438,0.405237,7,
0.000837,0.010120,0.032790,0.000040,0.135826,0.000660,0.812361,0.000032,0.001282,0.006053,6,
0.084327,0.005682,0.096195,0.402167,0.052466,0.162542,0.006012,0.018188,0.149553,0.022866,2,
0.689792,0.000000,0.006407,0.000292,0.006700,0.089390,0.014783,0.000000,0.192295,0.000341,0,
0.138445,0.000252,0.052225,0.018848,0.277677,0.154584,0.066359,0.003765,0.203482,0.084362,9,
0.094773,0.000001,0.000351,0.034042,0.041075,0.285631,0.000140,0.077854,0.255236,0.210895,8,
0.034302,0.000468,0.001790,0.241549,0.028411,0.161520,0.000136,0.300158,0.117873,0.113794,5,
0.001770,0.000006,0.000004,0.025435,0.001718,0.022157,0.000000,0.864128,0.012286,0.072496,7,
0.068040,0.000031,0.002526,0.006928,0.244820,0.135948,0.006681,0.022947,0.161086,0.350994,9,
0.000662,0.923254,0.033599,0.018122,0.010649,0.001952,0.003849,0.003595,0.001806,0.002512,1,
0.183868,0.000234,0.272476,0.192547,0.023295,0.144964,0.015967,0.000501,0.163431,0.002716,2,
0.008610,0.000055,0.920348,0.002912,0.000802,0.001680,0.062787,0.000000,0.002803,0.000003,2,
0.547009,0.000000,0.058462,0.010963,0.007630,0.141586,0.012657,0.000005,0.221239,0.000449,3,
0.033172,0.000393,0.001733,0.037146,0.120501,0.126877,0.001017,0.191978,0.114973,0.372209,5,
0.014823,0.105824,0.055425,0.658279,0.017627,0.049790,0.001177,0.048372,0.037515,0.011169,3,
0.202477,0.000000,0.605478,0.005935,0.004052,0.029808,0.098005,0.000000,0.054207,0.000038,0,
0.567579,0.000000,0.074645,0.038354,0.001330,0.132870,0.002498,0.000002,0.182660,0.000062,8,
0.076773,0.000003,0.073733,0.757261,0.000156,0.049699,0.000088,0.000022,0.042251,0.000015,3,
0.189430,0.000104,0.371556,0.031551,0.055460,0.097832,0.111042,0.000111,0.139543,0.003371,5,
0.024407,0.001140,0.012896,0.815767,0.003415,0.071159,0.000103,0.018121,0.049716,0.003276,3,
0.001276,0.010186,0.000212,0.056488,0.009363,0.013435,0.000018,0.821765,0.008361,0.078896,9,
0.124084,0.000000,0.000121,0.000424,0.141551,0.155982,0.001748,0.002847,0.224698,0.348544,5,
0.000120,0.973060,0.004261,0.008665,0.003474,0.000592,0.000396,0.007093,0.000476,0.001861,1,
0.142415,0.000004,0.001769,0.024583,0.081409,0.278134,0.001191,0.021673,0.291473,0.157349,8,
0.384411,0.000000,0.039334,0.001205,0.089630,0.111385,0.152482,0.000013,0.215035,0.006503,6,
0.003549,0.000463,0.000111,0.115859,0.005009,0.033916,0.000005,0.758869,0.019924,0.062296,7,
0.439472,0.000000,0.377709,0.025094,0.000673,0.057489,0.009229,0.000000,0.090325,0.000008,5,
0.026541,0.000002,0.000395,0.801314,0.000339,0.096774,0.000001,0.017514,0.055760,0.001359,3,
0.000298,0.955871,0.010787,0.007711,0.010814,0.001131,0.002172,0.006130,0.001030,0.004056,1,
0.000585,0.000006,0.186798,0.000004,0.001118,0.000056,0.811273,0.000000,0.000158,0.000001,2,
0.007547,0.287532,0.096008,0.008778,0.326883,0.014845,0.160127,0.008784,0.018433,0.071061,1,
0.222272,0.000012,0.017577,0.139060,0.025346,0.286556,0.001695,0.003848,0.288718,0.014917,8,
0.016455,0.000185,0.012371,0.909314,0.000459,0.035218,0.000026,0.001941,0.023778,0.000252,3,
0.023700,0.021760,0.068810,0.008630,0.482646,0.038539,0.167258,0.008345,0.050514,0.129798,4,
0.009641,0.004077,0.011931,0.000942,0.571384,0.016474,0.135607,0.005568,0.023960,0.220416,4,
0.004253,0.459086,0.017851,0.023078,0.187868,0.017274,0.012755,0.104769,0.016679,0.156386,8,
0.000892,0.003045,0.000069,0.020756,0.009650,0.010084,0.000012,0.833691,0.006473,0.115329,7,
0.256995,0.000001,0.008226,0.004842,0.144249,0.205769,0.019910,0.000886,0.297858,0.061263,9,
0.001457,0.000598,0.000045,0.012459,0.014370,0.014704,0.000015,0.747838,0.010081,0.198434,7,
0.045547,0.001257,0.029163,0.005677,0.479844,0.064848,0.103991,0.006400,0.088558,0.174714,4,
0.008220,0.007344,0.084600,0.872371,0.000625,0.014896,0.000177,0.000817,0.010832,0.000119,2,
0.000131,0.934349,0.001971,0.002285,0.018874,0.000747,0.001274,0.023005,0.000673,0.016690,4,
0.000856,0.896383,0.014927,0.034234,0.014805,0.003678,0.001546,0.022275,0.003049,0.008247,1,
0.076087,0.000000,0.264829,0.000123,0.006672,0.006386,0.629355,0.000000,0.016520,0.000028,6,
0.003369,0.512745,0.373476,0.074687,0.009063,0.005108,0.015178,0.000610,0.005108,0.000657,2,
0.019818,0.002601,0.146828,0.001673,0.218113,0.014447,0.557944,0.000191,0.023922,0.014464,6,
0.059525,0.000097,0.002056,0.031664,0.131005,0.177581,0.001454,0.096252,0.171992,0.328374,5,
0.218072,0.000001,0.002603,0.009914,0.086780,0.263555,0.003210,0.003677,0.323904,0.088283,8,
0.000101,0.974224,0.003722,0.009919,0.002493,0.000523,0.000259,0.006949,0.000407,0.001403,1,
0.209676,0.000012,0.039507,0.005622,0.229465,0.145579,0.100032,0.000564,0.223997,0.045547,4,
0.388312,0.000000,0.333961,0.002086,0.005621,0.042190,0.140320,0.000000,0.087457,0.000052,4,
0.036072,0.000001,0.671650,0.000590,0.002352,0.003865,0.277085,0.000000,0.008377,0.000008,2,
0.572789,0.000000,0.367046,0.007630,0.000010,0.017832,0.001409,0.000000,0.033285,0.000000,0,
0.002237,0.752334,0.115575,0.012208,0.053045,0.004418,0.045498,0.002443,0.004962,0.007278,1,
0.342456,0.000000,0.001078,0.047348,0.002322,0.301154,0.000061,0.000341,0.303007,0.002233,0,
0.215202,0.000034,0.033963,0.025004,0.149002,0.217685,0.026589,0.002500,0.278233,0.051787,8,
0.001786,0.030559,0.770528,0.193274,0.000128,0.001361,0.001123,0.000006,0.001234,0.000002,2,
0.171705,0.000000,0.000306,0.006259,0.053807,0.283794,0.000438,0.008852,0.320042,0.154797,5,
0.000287,0.942361,0.007224,0.004376,0.020399,0.001182,0.003145,0.010187,0.001120,0.009718,1,
0.670027,0.000000,0.000219,0.000089,0.002739,0.107379,0.000805,0.000000,0.218196,0.000546,0,
0.110175,0.000014,0.003875,0.008056,0.224047,0.176254,0.008891,0.011709,0.217035,0.239943,2,
0.009761,0.000017,0.000047,0.066098,0.007636,0.077390,0.000004,0.655435,0.049244,0.134368,3,
0.085526,0.000015,0.180938,0.001194,0.092234,0.027884,0.555593,0.000011,0.053612,0.002993,4,
0.030440,0.000000,0.045078,0.000010,0.014523,0.002824,0.898623,0.000000,0.008408,0.000095,6,
0.177646,0.000227,0.183067,0.024864,0.155345,0.130595,0.126113,0.000655,0.182402,0.019086,9,
0.000671,0.912991,0.025299,0.007223,0.027834,0.001996,0.009480,0.005056,0.002023,0.007429,1,
0.041892,0.000012,0.001150,0.001568,0.305789,0.078312,0.008949,0.013034,0.102559,0.446734,4,
0.027563,0.001961,0.006428,0.630183,0.011283,0.111324,0.000134,0.111547,0.077269,0.022308,3,
0.027125,0.003350,0.186217,0.003199,0.224244,0.020812,0.485503,0.000295,0.032984,0.016269,4,
0.008869,0.022790,0.062544,0.861451,0.001866,0.021694,0.000267,0.004372,0.015537,0.000610,3,
0.399176,0.000000,0.003004,0.028732,0.004236,0.262183,0.000311,0.000140,0.300138,0.002080,3,
0.217070,0.000002,0.004020,0.048321,0.037440,0.314913,0.001070,0.006358,0.329065,0.041742,5,
0.010511,0.008315,0.002361,0.028258,0.145484,0.051398,0.001627,0.309168,0.045527,0.397351,9,
0.046865,0.001665,0.628497,0.017113,0.042751,0.025813,0.198263,0.000062,0.037430,0.001541,6,
0.091413,0.001230,0.158499,0.498866,0.013163,0.118067,0.003574,0.002229,0.110109,0.002849,3,
0.007208,0.000183,0.267875,0.000252,0.021992,0.002055,0.696016,0.000001,0.004182,0.000237,6,
0.129506,0.000006,0.001974,0.021818,0.101025,0.257754,0.001607,0.024105,0.273960,0.188247,8,
0.135491,0.000239,0.019547,0.080567,0.128371,0.246876,0.006815,0.022134,0.257616,0.102344,4,
0.004869,0.000591,0.000197,0.009182,0.065170,0.031444,0.000191,0.409041,0.026246,0.453068,9,
0.006473,0.112296,0.009122,0.016457,0.284747,0.026822,0.011380,0.158560,0.026586,0.347557,4,
0.000176,0.962185,0.005066,0.004257,0.011079,0.000785,0.001521,0.008601,0.000709,0.005622,1,
0.671314,0.000000,0.000178,0.004006,0.000055,0.141946,0.000006,0.000000,0.182479,0.000016,0,
0.054233,0.031723,0.463977,0.109823,0.101586,0.065888,0.082063,0.002698,0.075510,0.012498,3,
0.103753,0.000012,0.202319,0.001509,0.083987,0.032616,0.510987,0.000010,0.062154,0.002652,6,
0.235331,0.000003,0.009172,0.014989,0.106714,0.247571,0.009017,0.002508,0.313387,0.061307,0,
0.018575,0.104840,0.178594,0.015405,0.335781,0.028623,0.219436,0.005506,0.036508,0.056732,4,
0.064157,0.000002,0.011725,0.788227,0.000272,0.077329,0.000022,0.000301,0.057857,0.000106,3,
0.437920,0.000000,0.004529,0.004101,0.022539,0.209356,0.004262,0.000067,0.310582,0.006645,8,
0.031303,0.000887,0.034174,0.001759,0.493329,0.034075,0.244429,0.001643,0.052800,0.105602,9,
0.279833,0.000000,0.534777,0.018566,0.002755,0.049451,0.035033,0.000001,0.079546,0.000038,6,
0.076849,0.000266,0.112525,0.003584,0.281669,0.052402,0.358983,0.000338,0.084910,0.028476,6,
0.000663,0.000135,0.000009,0.017984,0.002436,0.009175,0.000001,0.896937,0.005215,0.067446,7,
0.006383,0.009675,0.676039,0.003444,0.017581,0.003196,0.278401,0.000010,0.004983,0.000289,2,
0.001970,0.830969,0.072162,0.051198,0.017381,0.005348,0.006059,0.005979,0.004892,0.004042,1,
0.199082,0.000001,0.003158,0.012686,0.097568,0.262208,0.003510,0.005341,0.314498,0.101946,0,
0.019703,0.001793,0.009773,0.002692,0.504928,0.037714,0.058151,0.013075,0.050023,0.302148,4,
0.066129,0.014371,0.241561,0.409639,0.038552,0.104018,0.011197,0.006382,0.099426,0.008725,8,
0.005314,0.010106,0.090627,0.000505,0.210591,0.004485,0.657327,0.000158,0.007663,0.013224,6,
0.000546,0.001581,0.019017,0.000009,0.085925,0.000320,0.889231,0.000006,0.000700,0.002666,6,
0.134870,0.000318,0.024154,0.186549,0.067133,0.259379,0.003302,0.022932,0.248212,0.053152,0,
0.022421,0.003472,0.003705,0.043553,0.157650,0.090887,0.002111,0.228326,0.082380,0.365495,3,
0.315736,0.000000,0.005702,0.008080,0.059569,0.244555,0.006122,0.000628,0.330926,0.028681,0,
0.007841,0.002440,0.000704,0.031521,0.067347,0.047760,0.000304,0.472397,0.038221,0.331464,3,
0.037252,0.004908,0.026628,0.013285,0.441670,0.073087,0.052822,0.022008,0.088495,0.239844,4,
0.057915,0.000062,0.001229,0.214810,0.023673,0.233773,0.000097,0.191256,0.175061,0.102125,3,
0.419591,0.000001,0.101400,0.051596,0.009770,0.175948,0.009158,0.000037,0.231647,0.000854,9,
0.040206,0.000001,0.058359,0.000088,0.071991,0.009182,0.796979,0.000001,0.021550,0.001644,6,
0.020150,0.026267,0.484102,0.012269,0.103309,0.017027,0.307019,0.000316,0.023903,0.005638,2,
0.006766,0.011015,0.002130,0.009900,0.215138,0.030992,0.003470,0.202787,0.030056,0.487745,9,
0.000080,0.972168,0.002149,0.008328,0.002616,0.000484,0.000176,0.011606,0.000366,0.002026,1,
0.297521,0.000000,0.000105,0.049249,0.000641,0.348096,0.000003,0.000583,0.301985,0.001817,0,
0.002645,0.003539,0.333061,0.000335,0.021019,0.001054,0.636131,0.000002,0.001970,0.000243,2,
0.618317,0.000000,0.001694,0.000326,0.008772,0.123874,0.004773,0.000001,0.241038,0.001206,8,
0.045286,0.089984,0.240634,0.122011,0.201842,0.082084,0.063305,0.016272,0.088102,0.050479,2,
0.150929,0.000544,0.050745,0.112822,0.120161,0.232954,0.012857,0.012183,0.248864,0.057940,0,
0.051303,0.000054,0.000857,0.093983,0.043446,0.209855,0.000166,0.223543,0.168247,0.208546,5,
0.346922,0.000000,0.016232,0.005154,0.087797,0.196364,0.026995,0.000212,0.299959,0.020365,0,
0.010784,0.000814,0.034207,0.919777,0.000346,0.019549,0.000053,0.000732,0.013643,0.000095,3,
0.059404,0.007303,0.133942,0.020628,0.361479,0.075896,0.162748,0.004844,0.098941,0.074814,4,
0.000090,0.974476,0.002632,0.005081,0.004363,0.000486,0.000398,0.009236,0.000397,0.002841,1,
0.579819,0.000000,0.035760,0.006967,0.006459,0.138310,0.009683,0.000003,0.222594,0.000406,6,
0.014023,0.000734,0.918024,0.026556,0.001681,0.005474,0.026279,0.000002,0.007204,0.000022,2,
0.020396,0.025557,0.119141,0.006294,0.401534,0.026657,0.296385,0.002924,0.037164,0.063947,6,
0.003888,0.015679,0.000994,0.018698,0.093750,0.025082,0.000666,0.460399,0.020839,0.360005,7,
0.093048,0.000000,0.000051,0.091461,0.005403,0.367647,0.000004,0.108512,0.261291,0.072584,5,
0.539618,0.000000,0.021302,0.028768,0.002154,0.175711,0.001267,0.000008,0.230937,0.000235,8,
0.016061,0.000012,0.000070,0.046002,0.015703,0.105924,0.000013,0.518519,0.074241,0.223455,5,
0.010845,0.100502,0.010300,0.172147,0.080235,0.056238,0.001428,0.377441,0.043932,0.146931,5,
0.004476,0.414921,0.048422,0.458328,0.008454,0.016920,0.000746,0.030991,0.012264,0.004477,3,
0.024606,0.000001,0.000044,0.006041,0.047005,0.110710,0.000059,0.175696,0.098712,0.537125,9,
0.001202,0.017465,0.000264,0.018924,0.027717,0.011377,0.000084,0.727148,0.008123,0.187695,7,
0.028117,0.026436,0.382494,0.015690,0.170313,0.027424,0.297494,0.000827,0.037587,0.013618,2,
0.053708,0.000009,0.000411,0.303230,0.007452,0.241147,0.000014,0.180958,0.162116,0.050955,3,
0.000385,0.922008,0.011086,0.046712,0.003443,0.001765,0.000369,0.011148,0.001322,0.001762,1,
0.058248,0.000020,0.090116,0.000577,0.157552,0.022849,0.618446,0.000021,0.044800,0.007371,6,
0.054529,0.000000,0.000055,0.381244,0.001162,0.267375,0.000001,0.122583,0.156192,0.016859,3,
0.002953,0.070862,0.158254,0.000815,0.142762,0.002773,0.609805,0.000164,0.004459,0.007154,6,
0.069683,0.025915,0.176698,0.298421,0.099103,0.131537,0.018373,0.019267,0.128238,0.032764,5,
0.059573,0.000038,0.002999,0.004326,0.305712,0.108955,0.011859,0.015795,0.136767,0.353977,4,
0.008713,0.000034,0.020385,0.000042,0.187902,0.004073,0.759923,0.000014,0.008871,0.010042,6,
0.000720,0.023380,0.000184,0.027902,0.012290,0.008052,0.000027,0.823348,0.005210,0.098887,7,
0.004779,0.000277,0.965435,0.009711,0.000308,0.001271,0.016440,0.000000,0.001778,0.000002,2,
0.015473,0.062258,0.016784,0.478707,0.033692,0.071374,0.000717,0.219398,0.052070,0.049527,7,
0.001223,0.000700,0.000043,0.040275,0.004464,0.014275,0.000003,0.859480,0.008409,0.071130,7,
0.116606,0.000527,0.026982,0.052714,0.205736,0.203174,0.015712,0.020036,0.224926,0.133588,4,
0.012847,0.005867,0.003954,0.010164,0.291016,0.045338,0.007660,0.111148,0.047333,0.464671,5,
0.000651,0.004255,0.000062,0.025719,0.006281,0.008037,0.000007,0.870966,0.004900,0.079124,7,
0.246994,0.000000,0.000261,0.024657,0.006974,0.353839,0.000048,0.002973,0.345343,0.018912,8,
0.002751,0.398464,0.424767,0.158273,0.002624,0.004040,0.004917,0.000317,0.003686,0.000161,2,
0.080385,0.003550,0.039685,0.345610,0.065175,0.193698,0.003338,0.046361,0.171520,0.050677,3,
0.014290,0.006249,0.272876,0.673374,0.000942,0.016993,0.000821,0.000230,0.014143,0.000082,3,
0.010955,0.012455,0.003482,0.024106,0.190534,0.049135,0.003037,0.245989,0.045484,0.414823,9,
0.027336,0.003671,0.004547,0.076884,0.126363,0.112098,0.001591,0.255061,0.097351,0.295098,3,
0.036252,0.003089,0.302035,0.005965,0.156416,0.025244,0.422570,0.000213,0.038964,0.009254,2,
0.099935,0.000000,0.831419,0.009269,0.000523,0.012014,0.026532,0.000000,0.020305,0.000003,2,
0.016554,0.000085,0.001092,0.001045,0.348958,0.038058,0.010991,0.019241,0.049148,0.514828,7,
0.001812,0.006031,0.000219,0.032127,0.019002,0.016925,0.000042,0.760562,0.011526,0.151753,7,
0.110767,0.000021,0.011725,0.514523,0.004615,0.193183,0.000172,0.005218,0.156115,0.003662,5,
0.068219,0.009761,0.062419,0.387708,0.069528,0.163856,0.004832,0.044051,0.145453,0.044174,7,
0.003240,0.138182,0.003246,0.204483,0.020475,0.024278,0.000173,0.529302,0.016123,0.060497,7,
0.009540,0.003460,0.001041,0.127989,0.029068,0.062661,0.000111,0.575703,0.044033,0.146395,7,
0.079519,0.006917,0.444564,0.067585,0.106480,0.075677,0.113339,0.001188,0.093971,0.010761,0,
0.093377,0.000009,0.000914,0.097279,0.033217,0.296682,0.000154,0.097973,0.247287,0.133108,3,
0.009396,0.019669,0.035021,0.001731,0.527717,0.014913,0.237335,0.004246,0.021465,0.128507,4,
0.031822,0.000003,0.000598,0.000349,0.359034,0.049576,0.013434,0.005029,0.073488,0.466666,4,
0.000094,0.975290,0.003213,0.008198,0.002779,0.000496,0.000270,0.007610,0.000389,0.001661,1,
0.049117,0.000289,0.004896,0.012049,0.281481,0.113928,0.009220,0.039997,0.128610,0.360413,4,
0.014339,0.000771,0.009914,0.895723,0.001114,0.041335,0.000037,0.008541,0.027271,0.000955,3,
0.140688,0.000002,0.026884,0.598148,0.000688,0.125875,0.000106,0.000191,0.107241,0.000177,3,
0.070885,0.000000,0.000034,0.057421,0.008017,0.319114,0.000004,0.179021,0.229731,0.135774,5,
0.009236,0.025822,0.007908,0.008011,0.381941,0.030542,0.019251,0.080085,0.033453,0.403751,4,
0.007806,0.006584,0.001529,0.365636,0.010528,0.054002,0.000043,0.473530,0.033896,0.046445,7,
0.031886,0.000005,0.003211,0.856007,0.000249,0.064471,0.000006,0.001636,0.042290,0.000240,3,
0.000600,0.892181,0.012981,0.004948,0.045428,0.002156,0.008702,0.011901,0.002180,0.018923,1,
0.007393,0.156882,0.012281,0.026456,0.254408,0.030874,0.010516,0.175146,0.029683,0.296360,4,
0.046963,0.000181,0.003360,0.010723,0.257461,0.113818,0.006618,0.044328,0.127083,0.389464,5,
0.491617,0.000000,0.000977,0.177632,0.000013,0.174665,0.000001,0.000002,0.155088,0.000004,5,
0.002278,0.002921,0.965743,0.016016,0.000285,0.000870,0.010792,0.000000,0.001093,0.000002,2,
0.055181,0.000190,0.006572,0.006984,0.348849,0.102931,0.019503,0.018340,0.127130,0.314321,4,
0.253635,0.000000,0.001819,0.021888,0.028748,0.311030,0.000727,0.002887,0.344706,0.034560,8,
0.217225,0.000000,0.000053,0.017733,0.004454,0.380856,0.000010,0.004988,0.349135,0.025546,5,
0.345742,0.000004,0.079171,0.084404,0.015577,0.211047,0.007058,0.000189,0.254484,0.002325,8,
0.026834,0.000000,0.000082,0.000215,0.201094,0.052383,0.002025,0.008458,0.072443,0.636465,9,
0.402671,0.000000,0.021273,0.039896,0.010988,0.232753,0.002749,0.000131,0.287101,0.002439,0,
0.000653,0.003058,0.000051,0.024880,0.005741,0.008150,0.000006,0.874511,0.004935,0.078015,7,
0.048586,0.000041,0.000797,0.031595,0.086250,0.173691,0.000464,0.150526,0.157188,0.350862,7,
0.005960,0.000008,0.341340,0.000077,0.004226,0.000806,0.645660,0.000000,0.001908,0.000014,2,
0.007421,0.247546,0.013021,0.112450,0.098268,0.037808,0.002525,0.305104,0.030749,0.145107,9,
0.001154,0.000024,0.945065,0.000336,0.000089,0.000129,0.052956,0.000000,0.000247,0.000000,2,
0.321498,0.000000,0.000274,0.051724,0.000914,0.325358,0.000009,0.000397,0.298220,0.001606,3,
0.002165,0.002663,0.000168,0.015774,0.031362,0.018471,0.000070,0.658196,0.013617,0.257514,7,
0.031883,0.001286,0.005617,0.014695,0.292745,0.087766,0.009131,0.066738,0.094863,0.395276,4,
0.100081,0.000000,0.000130,0.007304,0.053754,0.249170,0.000173,0.035349,0.253202,0.300836,8,
0.009148,0.001666,0.061746,0.000374,0.247290,0.006765,0.643302,0.000125,0.012118,0.017466,2,
0.306294,0.000000,0.002679,0.053780,0.007115,0.306189,0.000256,0.000869,0.316878,0.005941,5,
0.002820,0.698515,0.021159,0.126017,0.026233,0.013137,0.001498,0.079117,0.010241,0.021263,1,
0.147117,0.000127,0.098746,0.425742,0.009269,0.160456,0.002145,0.001214,0.153036,0.002148,3,
0.003875,0.007619,0.843873,0.004109,0.004786,0.001670,0.131504,0.000002,0.002512,0.000050,2,
0.020569,0.000279,0.055102,0.000439,0.270467,0.013025,0.595370,0.000105,0.023938,0.020706,6,
0.039446,0.000209,0.006132,0.003171,0.425928,0.068454,0.032767,0.011696,0.090564,0.321634,4,
0.272699,0.000001,0.005890,0.009016,0.084361,0.246160,0.007210,0.001257,0.325924,0.047483,8,
0.648314,0.000000,0.084962,0.056015,0.000118,0.089566,0.000506,0.000000,0.120515,0.000003,8,
0.152723,0.000012,0.018872,0.429753,0.004935,0.208048,0.000318,0.002300,0.180383,0.002655,5,
0.071831,0.007054,0.354376,0.348233,0.025221,0.086886,0.013642,0.001930,0.087227,0.003600,3,
0.037604,0.007309,0.010835,0.187798,0.100935,0.142272,0.001816,0.216760,0.119358,0.175313,7,
0.016343,0.001090,0.006154,0.001692,0.500065,0.031949,0.049614,0.012309,0.043076,0.337708,9,
0.145635,0.000227,0.516583,0.066141,0.026663,0.079612,0.059186,0.000099,0.104422,0.001433,2,
0.019314,0.003077,0.024623,0.848911,0.003051,0.051432,0.000166,0.010850,0.036629,0.001946,3,
0.001657,0.001796,0.033312,0.000041,0.128405,0.001051,0.826351,0.000018,0.002126,0.005242,6,
0.000791,0.000001,0.000000,0.009215,0.000704,0.012474,0.000000,0.906966,0.006539,0.063310,7,
0.230285,0.000012,0.222774,0.272534,0.003696,0.127645,0.003514,0.000067,0.139176,0.000298,3,
0.000612,0.047290,0.000239,0.031612,0.011747,0.006968,0.000031,0.812575,0.004465,0.084460,7,
0.123587,0.000000,0.000049,0.037837,0.008401,0.382269,0.000008,0.051259,0.306757,0.089832,8,
0.055692,0.000343,0.010815,0.007229,0.391405,0.095941,0.032377,0.014149,0.121588,0.270461,4,
0.018480,0.001299,0.335912,0.001853,0.069007,0.008952,0.547169,0.000023,0.015371,0.001934,4,
0.009683,0.000050,0.562499,0.000474,0.005708,0.001871,0.415908,0.000000,0.003776,0.000031,2,
0.062619,0.014784,0.060634,0.103189,0.252592,0.141202,0.023433,0.048608,0.145317,0.147621,8,
0.006045,0.000116,0.000083,0.062653,0.009569,0.050627,0.000008,0.708128,0.032503,0.130269,9,
0.088155,0.000036,0.003146,0.016194,0.181943,0.186385,0.004116,0.031523,0.205599,0.282904,9,
0.477806,0.000000,0.000679,0.020316,0.000597,0.236847,0.000030,0.000021,0.263370,0.000334,0,
0.059490,0.003685,0.340067,0.015739,0.169178,0.047262,0.283156,0.000522,0.067459,0.013443,0,
0.435641,0.000000,0.000753,0.001909,0.012987,0.219356,0.000940,0.000060,0.321057,0.007297,0,
0.000037,0.978775,0.000976,0.004312,0.001900,0.000259,0.000099,0.011638,0.000193,0.001813,1,
0.009578,0.001198,0.000590,0.031039,0.065042,0.056377,0.000260,0.446293,0.045309,0.344312,9,
0.000283,0.957939,0.010445,0.008277,0.009493,0.001090,0.001854,0.006038,0.000979,0.003602,1,
0.090071,0.000003,0.000458,0.129209,0.016919,0.315085,0.000045,0.109992,0.243552,0.094666,5,
0.457811,0.000000,0.000400,0.001064,0.010227,0.207934,0.000654,0.000035,0.315658,0.006218,5,
0.196313,0.000139,0.179391,0.023699,0.138573,0.134875,0.119880,0.000498,0.190527,0.016105,0,
0.009024,0.003282,0.001557,0.008456,0.208723,0.038467,0.002888,0.169716,0.038013,0.519876,4,
0.014521,0.200776,0.547384,0.072138,0.048999,0.018921,0.070570,0.001344,0.021224,0.004123,2,
0.018989,0.008845,0.515450,0.007128,0.067578,0.012367,0.348521,0.000086,0.018558,0.002478,2,
0.379943,0.000000,0.000810,0.399183,0.000002,0.123043,0.000000,0.000000,0.097018,0.000000,8,
0.075844,0.003772,0.069498,0.031388,0.351311,0.117805,0.069043,0.012215,0.142634,0.126492,0,
0.080719,0.012547,0.108754,0.286472,0.105062,0.162986,0.012678,0.027523,0.156564,0.046694,5,
0.010893,0.401979,0.137096,0.030377,0.219429,0.023363,0.083179,0.014318,0.026161,0.053205,2,
0.079771,0.001509,0.227540,0.012824,0.225792,0.063863,0.272426,0.000682,0.092857,0.022736,2,
0.003018,0.029985,0.001146,0.014296,0.110256,0.019522,0.000969,0.428361,0.016615,0.375831,9,
0.004061,0.098145,0.002984,0.076073,0.058372,0.027465,0.000574,0.543531,0.020668,0.168127,8,
0.001761,0.002391,0.968251,0.020453,0.000129,0.000650,0.005582,0.000000,0.000782,0.000001,2,
0.001105,0.006826,0.000138,0.019147,0.017773,0.011248,0.000035,0.777328,0.007686,0.158714,7,
0.105102,0.005203,0.102385,0.161631,0.152244,0.182045,0.021968,0.018600,0.189614,0.061209,8,
0.227147,0.000005,0.009906,0.017707,0.108015,0.250344,0.008768,0.003036,0.311318,0.063756,0,
0.035459,0.000394,0.002081,0.030247,0.145579,0.125171,0.001543,0.152452,0.117973,0.389101,9,
0.193529,0.000000,0.046302,0.000299,0.122892,0.047161,0.480418,0.000005,0.103966,0.005428,0,
0.036094,0.000059,0.083479,0.000494,0.174524,0.016327,0.648754,0.000031,0.031479,0.008760,6,
0.087528,0.000000,0.000061,0.036066,0.014846,0.323029,0.000015,0.110418,0.257867,0.170171,5,
0.031506,0.000000,0.000232,0.944039,0.000000,0.015431,0.000000,0.000000,0.008792,0.000000,0,
0.003176,0.026959,0.908721,0.043106,0.001041,0.002033,0.012643,0.000007,0.002297,0.000017,2,
0.002622,0.000013,0.944508,0.000630,0.000140,0.000306,0.051206,0.000000,0.000574,0.000000,6,
0.230849,0.000009,0.445037,0.108074,0.004660,0.087092,0.013542,0.000014,0.110543,0.000179,2,
0.359563,0.000000,0.002401,0.305555,0.000044,0.179015,0.000004,0.000009,0.153395,0.000015,0,
0.057293,0.000000,0.002240,0.860964,0.000009,0.047493,0.000001,0.000016,0.031983,0.000003,3,
0.153000,0.000214,0.025675,0.118392,0.090611,0.261024,0.005624,0.016310,0.266679,0.062473,8,
0.051675,0.007883,0.078811,0.019902,0.415595,0.079582,0.110188,0.010035,0.100009,0.126319,8,
0.150919,0.000000,0.443640,0.000283,0.002717,0.009468,0.369009,0.000000,0.023955,0.000008,2,
0.018798,0.000056,0.004148,0.000229,0.565239,0.021644,0.130018,0.001361,0.036577,0.221930,2,
0.000738,0.849303,0.036222,0.100747,0.002670,0.002508,0.000615,0.004524,0.001918,0.000755,2,
0.051648,0.001809,0.062753,0.006547,0.442006,0.060757,0.184692,0.003130,0.086083,0.100576,5,
0.080985,0.000096,0.028240,0.002641,0.429906,0.075171,0.159139,0.001355,0.116593,0.105873,9,
0.000901,0.899449,0.040616,0.011605,0.023447,0.002434,0.010071,0.003887,0.002445,0.005144,1,
0.109800,0.000001,0.004697,0.000573,0.408892,0.087159,0.078697,0.000697,0.148883,0.160600,9,
0.136510,0.000168,0.015911,0.072029,0.126095,0.250428,0.005986,0.022373,0.261780,0.108720,9,
0.003932,0.000000,0.024064,0.000001,0.004455,0.000281,0.966296,0.000000,0.000959,0.000013,6,
0.005394,0.050026,0.637779,0.005468,0.028466,0.003714,0.263020,0.000040,0.005392,0.000701,2,
0.005360,0.004935,0.000985,0.006910,0.173073,0.026834,0.001832,0.226862,0.025586,0.527625,9,
0.097698,0.000553,0.015813,0.271192,0.051961,0.241156,0.001476,0.049594,0.210898,0.059660,3,
0.007731,0.004368,0.005573,0.001176,0.518183,0.017601,0.054366,0.015390,0.023491,0.352120,2,
0.000658,0.000947,0.000026,0.022060,0.004166,0.008538,0.000003,0.884560,0.005048,0.073994,7,
0.004391,0.000068,0.000072,0.001772,0.088148,0.024101,0.000250,0.193267,0.022912,0.665019,9,
0.021608,0.000241,0.000587,0.083994,0.037318,0.117399,0.000107,0.423658,0.088306,0.226781,3,
0.000510,0.938055,0.021723,0.011368,0.013030,0.001639,0.003811,0.004640,0.001536,0.003687,1,
0.000253,0.952574,0.006650,0.017561,0.005264,0.001222,0.000530,0.011965,0.000971,0.003010,1,
0.006148,0.075716,0.005528,0.020227,0.219914,0.029077,0.005375,0.240268,0.027221,0.370525,9,
0.006987,0.514006,0.087429,0.022930,0.197874,0.017082,0.059189,0.018098,0.018729,0.057676,1,
0.005829,0.001296,0.000728,0.002436,0.229607,0.023764,0.003171,0.104841,0.025342,0.602987,9,
0.002425,0.005395,0.000371,0.004772,0.111057,0.015622,0.000670,0.337757,0.013989,0.507943,7,
0.018573,0.000510,0.615808,0.002797,0.018271,0.006472,0.326284,0.000004,0.011016,0.000264,6,
0.012484,0.010095,0.012855,0.824246,0.004820,0.048749,0.000119,0.048480,0.032546,0.005606,3,
0.023636,0.000063,0.000297,0.080317,0.026116,0.132453,0.000048,0.428860,0.096845,0.211364,9,
0.002293,0.000177,0.000038,0.006684,0.025284,0.019762,0.000027,0.585554,0.014860,0.345322,9,
0.155874,0.000142,0.117619,0.388909,0.010844,0.161982,0.002947,0.001089,0.158324,0.002269,5,
0.002091,0.018326,0.127190,0.000260,0.092803,0.001470,0.752195,0.000032,0.002621,0.003011,6,
0.001194,0.000097,0.980837,0.001733,0.000059,0.000196,0.015575,0.000000,0.000310,0.000000,2,
0.000303,0.946925,0.007803,0.020561,0.005702,0.001425,0.000594,0.012388,0.001134,0.003165,1,
0.009010,0.000342,0.000278,0.017436,0.061501,0.053254,0.000179,0.404022,0.043696,0.410282,9,
0.315328,0.000000,0.003170,0.046016,0.008587,0.299712,0.000370,0.000766,0.319636,0.006414,8,
0.031169,0.000045,0.000357,0.081715,0.029722,0.159358,0.000062,0.359394,0.119599,0.218579,9,
0.041114,0.000189,0.551453,0.003955,0.028589,0.014187,0.335786,0.000007,0.024175,0.000545,6,
0.011120,0.254009,0.023763,0.161152,0.105475,0.049382,0.003795,0.229726,0.040900,0.120678,7,
0.001504,0.001328,0.000076,0.039667,0.007301,0.016139,0.000008,0.831512,0.009970,0.092495,7,
0.040188,0.000000,0.248764,0.000125,0.009340,0.004531,0.685822,0.000000,0.011180,0.000050,6,
0.083618,0.004857,0.062283,0.068368,0.270100,0.153723,0.033096,0.024383,0.169574,0.129999,5,
0.044749,0.000185,0.002327,0.018395,0.185530,0.130530,0.002755,0.083663,0.133348,0.398518,9,
0.023271,0.001532,0.005782,0.006590,0.375576,0.058356,0.017469,0.040308,0.068142,0.402975,4,
0.004123,0.002784,0.950339,0.014096,0.000864,0.001645,0.023972,0.000001,0.002169,0.000008,2,
0.746749,0.000000,0.000272,0.001299,0.000058,0.099851,0.000017,0.000000,0.151746,0.000008,0,
0.000034,0.978202,0.000834,0.003622,0.002045,0.000242,0.000099,0.012663,0.000181,0.002078,1,
0.139857,0.000001,0.077798,0.642226,0.000183,0.073438,0.000119,0.000013,0.066350,0.000016,3,
0.230937,0.000003,0.080071,0.002123,0.151436,0.089368,0.272460,0.000044,0.162470,0.011088,0,
0.001024,0.010022,0.000165,0.044969,0.008856,0.011256,0.000016,0.836642,0.006996,0.080053,7,
0.021732,0.095400,0.067196,0.581869,0.031680,0.068646,0.002246,0.057205,0.054313,0.019712,3,
0.032568,0.000076,0.002334,0.002164,0.363787,0.064235,0.015286,0.015928,0.083022,0.420598,4,
0.092088,0.000000,0.000442,0.000713,0.227817,0.123541,0.005415,0.004125,0.176879,0.368979,4,
0.001041,0.000625,0.000033,0.016172,0.007981,0.011841,0.000006,0.825933,0.007565,0.128803,7,
0.015567,0.000000,0.006664,0.953951,0.000006,0.014390,0.000001,0.000011,0.009407,0.000001,3,
0.018796,0.000011,0.228736,0.736245,0.000019,0.008767,0.000061,0.000001,0.007362,0.000001,2,
0.011341,0.000045,0.003055,0.000082,0.578219,0.012078,0.179593,0.000709,0.021946,0.192933,9,
0.094574,0.004741,0.187067,0.369311,0.041852,0.139561,0.010245,0.006007,0.136074,0.010568,3,
0.122148,0.000577,0.522868,0.110391,0.024049,0.080117,0.040301,0.000189,0.097801,0.001557,2,
0.232983,0.000000,0.000521,0.031420,0.011303,0.349809,0.000103,0.004371,0.343690,0.025800,5,
0.001344,0.788215,0.041984,0.004808,0.089056,0.003341,0.042140,0.005341,0.003818,0.019954,2,
0.002309,0.000028,0.022594,0.000009,0.057374,0.000760,0.913883,0.000001,0.001842,0.001200,6,
0.170068,0.000006,0.008337,0.005352,0.235234,0.178386,0.024712,0.002633,0.248283,0.126989,8,
0.159143,0.000646,0.137504,0.243282,0.043951,0.191340,0.010779,0.003327,0.199088,0.010940,3,
0.010637,0.024246,0.028422,0.846458,0.004204,0.035509,0.000220,0.022870,0.024534,0.002900,3,
0.005676,0.007902,0.000916,0.082804,0.032786,0.040647,0.000133,0.635266,0.028883,0.164986,7,
0.006889,0.000035,0.000048,0.028233,0.014229,0.054216,0.000011,0.635935,0.037341,0.223063,7,
0.159400,0.000000,0.000104,0.030571,0.010483,0.379167,0.000022,0.021864,0.331535,0.066853,2,
0.010103,0.000068,0.000164,0.005349,0.090243,0.049830,0.000293,0.214332,0.045946,0.583673,9,
0.000590,0.078341,0.000314,0.032275,0.013153,0.006588,0.000042,0.780830,0.004268,0.083599,7,
0.032197,0.000196,0.001096,0.031745,0.104554,0.127320,0.000673,0.200165,0.114243,0.387812,9,
0.101760,0.000035,0.002522,0.110584,0.049822,0.285300,0.000467,0.074582,0.249811,0.125118,5,
0.001221,0.142116,0.001004,0.025791,0.044091,0.010371,0.000313,0.598501,0.007721,0.168871,7,
0.053446,0.032767,0.115847,0.421669,0.069441,0.123167,0.007912,0.033583,0.110561,0.031608,3,
0.032762,0.040510,0.500738,0.038203,0.119473,0.034498,0.178902,0.001147,0.043643,0.010125,2,
0.000513,0.937817,0.022085,0.011670,0.012784,0.001647,0.003765,0.004585,0.001541,0.003593,1,
0.046150,0.000120,0.001165,0.152087,0.034872,0.199631,0.000142,0.255398,0.152911,0.157524,5,
0.000818,0.010722,0.000135,0.035966,0.008543,0.009358,0.000014,0.847423,0.005819,0.081202,7,
0.056717,0.000318,0.008013,0.010375,0.332843,0.111743,0.017833,0.023642,0.133413,0.305102,4,
0.011440,0.024868,0.013409,0.006880,0.456547,0.031245,0.039012,0.043983,0.036445,0.336171,4,
0.002071,0.018397,0.000492,0.049966,0.022542,0.018347,0.000075,0.740960,0.012532,0.134619,7,
0.313202,0.000002,0.024259,0.087880,0.015422,0.261131,0.002294,0.000622,0.290184,0.005004,5,
0.002816,0.000002,0.000003,0.049530,0.001041,0.034291,0.000000,0.843577,0.017957,0.050784,7,
0.096866,0.000001,0.000297,0.170561,0.008350,0.336980,0.000017,0.085667,0.247205,0.054056,5,
0.039278,0.000000,0.000021,0.008121,0.026471,0.174087,0.000018,0.168264,0.147744,0.435997,7,
0.064614,0.000014,0.000740,0.293620,0.010442,0.256680,0.000031,0.139350,0.181356,0.053152,5,
0.003875,0.000001,0.466153,0.000038,0.000992,0.000319,0.527802,0.000000,0.000819,0.000001,2,
0.355484,0.000000,0.334489,0.000437,0.002715,0.020832,0.234082,0.000000,0.051950,0.000010,0,
0.002703,0.000099,0.263815,0.000072,0.007820,0.000562,0.723636,0.000000,0.001251,0.000040,6,
0.030856,0.000050,0.003217,0.000827,0.473107,0.045727,0.043494,0.005014,0.067340,0.330366,6,
0.237002,0.000034,0.374794,0.050109,0.025280,0.108940,0.052841,0.000059,0.149554,0.001387,4,
0.000663,0.000108,0.000008,0.017558,0.002288,0.009250,0.000001,0.898184,0.005233,0.066708,7,
0.000503,0.936222,0.023044,0.021433,0.007156,0.001686,0.001877,0.004535,0.001471,0.002073,1,
0.066888,0.007565,0.080940,0.038592,0.352061,0.111077,0.069212,0.015359,0.131323,0.126983,4,
0.003945,0.018494,0.001671,0.005628,0.225568,0.019237,0.003872,0.192835,0.019010,0.509740,4,
0.000269,0.943804,0.006039,0.023011,0.004862,0.001388,0.000393,0.015974,0.001066,0.003195,1,
0.439961,0.000000,0.057073,0.077682,0.003867,0.188684,0.002383,0.000029,0.229901,0.000421,5,
0.013508,0.010128,0.003029,0.127570,0.061430,0.074328,0.000484,0.459020,0.056801,0.193701,3,
0.062978,0.000001,0.006812,0.000108,0.441786,0.033508,0.310355,0.000094,0.069014,0.075343,5,
0.377858,0.000000,0.138784,0.001837,0.037128,0.076068,0.216504,0.000002,0.150747,0.001071,6,
0.297642,0.000000,0.002324,0.016499,0.025003,0.291757,0.001008,0.001173,0.343094,0.021501,0,
0.004723,0.000015,0.000052,0.000528,0.120883,0.020396,0.000479,0.077167,0.022081,0.753677,7,
0.000457,0.000009,0.023419,0.000001,0.009121,0.000085,0.966617,0.000000,0.000240,0.000051,6,
0.329967,0.000000,0.000575,0.058148,0.001264,0.312601,0.000021,0.000358,0.295449,0.001617,0,
0.003993,0.000290,0.000162,0.001804,0.127295,0.020532,0.000647,0.166539,0.020296,0.658443,9,
0.789686,0.000000,0.004344,0.007184,0.000033,0.080532,0.000054,0.000000,0.118166,0.000001,0,
0.017801,0.003778,0.201915,0.002003,0.168233,0.012385,0.564319,0.000138,0.020331,0.009096,2,
0.001386,0.000003,0.992444,0.001680,0.000006,0.000127,0.004148,0.000000,0.000205,0.000000,2,
0.079404,0.000326,0.074259,0.004414,0.362364,0.066644,0.252496,0.000888,0.102866,0.056339,6,
0.007862,0.000002,0.000028,0.000475,0.098446,0.030816,0.000268,0.060749,0.033674,0.767679,9,
0.009006,0.000013,0.000079,0.001462,0.107590,0.038305,0.000369,0.105215,0.039216,0.698745,7,
0.007766,0.000014,0.000064,0.001458,0.096875,0.035296,0.000285,0.122088,0.035393,0.700761,9,
0.000666,0.000020,0.000003,0.014695,0.001440,0.009813,0.000000,0.906553,0.005367,0.061443,7,
