0, 1, 2, 3, 4, 5, 6, 7, 8, 9, True
0.041515,0.002217,0.709634,0.074860,0.076272,0.030458,0.039728,0.001833,0.013203,0.010281,2,
0.033187,0.001623,0.675440,0.095363,0.041543,0.009459,0.011461,0.014320,0.000354,0.117249,2,
0.066729,0.001086,0.023116,0.088270,0.074476,0.090496,0.001502,0.105761,0.024850,0.523714,7,
0.000271,0.974220,0.001366,0.001408,0.007444,0.000770,0.000950,0.004172,0.002154,0.007246,1,
0.000056,0.985499,0.000706,0.000188,0.001608,0.000240,0.000379,0.001831,0.006644,0.002849,1,
0.013850,0.000006,0.961743,0.000289,0.010889,0.006897,0.005747,0.000531,0.000048,0.000000,2,
0.000177,0.000679,0.992786,0.002045,0.001201,0.000000,0.001844,0.001028,0.000098,0.000141,2,
0.023422,0.003448,0.151571,0.010345,0.333095,0.003861,0.449889,0.017241,0.003448,0.003678,4,
0.011181,0.002063,0.441466,0.009934,0.041667,0.001864,0.469734,0.008164,0.002942,0.010985,2,
0.110045,0.005509,0.151898,0.066194,0.274776,0.029912,0.158954,0.117799,0.067257,0.017656,4,
0.144619,0.000263,0.028402,0.610320,0.003585,0.129805,0.003369,0.004281,0.072122,0.003234,3,
0.040026,0.008951,0.005015,0.024312,0.157801,0.094599,0.005138,0.217248,0.083963,0.362948,4,
0.331635,0.007926,0.058060,0.079537,0.011641,0.251583,0.031838,0.008899,0.213193,0.005688,0,
0.100539,0.000172,0.026778,0.047217,0.009314,0.691741,0.000012,0.003299,0.112372,0.008556,5,
0.000016,0.000097,0.000241,0.003596,0.003013,0.000757,0.000000,0.980638,0.000667,0.010974,7,
0.029787,0.000319,0.096293,0.012567,0.047309,0.004561,0.791107,0.001344,0.009895,0.006819,6,
0.034035,0.000016,0.198433,0.209326,0.052738,0.015544,0.011867,0.399604,0.015581,0.062855,7,
0.003411,0.006212,0.019545,0.000836,0.019464,0.014284,0.928664,0.002069,0.005305,0.000210,6,
0.003448,0.000000,0.000913,0.009930,0.001396,0.003277,0.000000,0.963364,0.000312,0.017360,7,
0.039510,0.006838,0.005551,0.042988,0.083657,0.046562,0.004084,0.148083,0.071294,0.551433,9,
0.056236,0.022890,0.327772,0.010501,0.238930,0.013426,0.260991,0.011504,0.010166,0.047586,2,
0.083998,0.019213,0.007514,0.025982,0.159643,0.024002,0.012681,0.138176,0.131905,0.396886,9,
0.097934,0.001629,0.060762,0.045826,0.017778,0.075863,0.045828,0.004867,0.623652,0.025861,8,
0.122346,0.031185,0.021483,0.060982,0.230822,0.036760,0.040890,0.091337,0.073142,0.291053,7,
0.015657,0.023902,0.013821,0.188821,0.020046,0.464260,0.002101,0.100532,0.080552,0.090307,5,
0.006908,0.000045,0.003588,0.006217,0.001071,0.000842,0.000000,0.963733,0.000591,0.017005,7,
0.008101,0.026225,0.884317,0.039149,0.002606,0.004475,0.019847,0.002839,0.010159,0.002282,2,
0.009956,0.080330,0.028578,0.042857,0.509393,0.017314,0.025504,0.033827,0.040500,0.211741,4,
0.000404,0.000075,0.000240,0.052696,0.001334,0.037463,0.000000,0.886496,0.015803,0.005489,7,
0.961638,0.000000,0.004990,0.002076,0.009824,0.008188,0.004075,0.005411,0.003585,0.000213,0,
0.000037,0.994951,0.000678,0.000172,0.001539,0.000249,0.000443,0.000704,0.000856,0.000371,1,
0.000107,0.000088,0.891329,0.032183,0.007352,0.017126,0.041144,0.000000,0.007224,0.003448,2,
0.276915,0.002528,0.034037,0.053920,0.189501,0.212360,0.031251,0.015743,0.058012,0.125732,5,
0.069433,0.003192,0.016535,0.048461,0.070446,0.139274,0.012672,0.041247,0.312729,0.286011,8,
0.229517,0.003009,0.022454,0.032395,0.022402,0.050137,0.062076,0.001903,0.529330,0.046778,8,
0.153234,0.000179,0.010025,0.026222,0.025975,0.043686,0.006033,0.017821,0.635300,0.081525,8,
0.000682,0.003448,0.509727,0.100637,0.023530,0.004268,0.008529,0.345796,0.000428,0.002956,2,
0.066751,0.146306,0.041222,0.074708,0.221750,0.082966,0.161773,0.021682,0.102145,0.080696,4,
0.006023,0.061463,0.006136,0.031062,0.037858,0.672962,0.081117,0.037297,0.031874,0.034208,5,
0.033544,0.001249,0.012125,0.001617,0.201896,0.678279,0.003957,0.004297,0.049604,0.013432,5,
0.000517,0.724680,0.004964,0.017958,0.119336,0.038716,0.011629,0.011773,0.011541,0.058884,1,
0.001188,0.730486,0.060206,0.078710,0.005889,0.045439,0.009436,0.033852,0.022292,0.012502,1,
0.020752,0.001244,0.737521,0.126062,0.007912,0.011316,0.024503,0.002477,0.064612,0.003602,2,
0.002350,0.002177,0.005629,0.004410,0.870349,0.031453,0.000808,0.011201,0.004339,0.067283,4,
0.000000,0.000000,0.003699,0.003701,0.001010,0.001125,0.000000,0.982661,0.000998,0.006805,7,
0.002323,0.003722,0.003526,0.000725,0.015483,0.014186,0.951434,0.000499,0.005789,0.002313,6,
0.001896,0.000195,0.001197,0.010942,0.058879,0.004057,0.000564,0.062209,0.008171,0.851890,9,
0.036954,0.000874,0.031500,0.020109,0.358671,0.032951,0.022194,0.253260,0.020340,0.223147,9,
0.000054,0.995956,0.000971,0.000333,0.000818,0.000122,0.000601,0.000464,0.000472,0.000208,1,
0.000010,0.996378,0.000662,0.000122,0.000708,0.000132,0.000536,0.000483,0.000784,0.000186,1,
0.000013,0.996709,0.000838,0.000206,0.000708,0.000106,0.000492,0.000386,0.000336,0.000205,1,
0.205235,0.009414,0.017656,0.022896,0.162077,0.022591,0.044647,0.029210,0.226608,0.259666,0,
0.002247,0.003098,0.129662,0.003819,0.026856,0.001074,0.829120,0.000612,0.001794,0.001717,6,
0.144709,0.003728,0.045107,0.075322,0.026259,0.055082,0.023924,0.005551,0.588970,0.031346,3,
0.039057,0.000586,0.004371,0.045083,0.094060,0.310564,0.002344,0.048238,0.354584,0.101113,5,
0.013194,0.006363,0.002653,0.087539,0.004659,0.867052,0.005571,0.000683,0.008079,0.004206,5,
0.019996,0.002975,0.021172,0.024955,0.234828,0.066897,0.573137,0.006192,0.020700,0.029148,6,
0.804692,0.000000,0.003959,0.017591,0.095582,0.038902,0.011754,0.016640,0.005660,0.005221,0,
0.008535,0.011526,0.005901,0.029547,0.105762,0.081509,0.001605,0.423860,0.021088,0.310668,4,
0.017688,0.218675,0.213722,0.069465,0.056899,0.048405,0.321529,0.005022,0.036901,0.011694,6,
0.001327,0.001606,0.000361,0.034794,0.012515,0.026993,0.000008,0.739910,0.015059,0.167426,9,
0.001833,0.000225,0.001000,0.010672,0.052213,0.003422,0.000398,0.057379,0.007081,0.865778,9,
0.003553,0.000741,0.002035,0.026065,0.056611,0.067112,0.000000,0.775268,0.004920,0.063693,7,
0.002647,0.000000,0.001851,0.021616,0.038110,0.003455,0.000183,0.102194,0.019122,0.810822,9,
0.000233,0.965985,0.001822,0.005304,0.002868,0.001479,0.000622,0.008019,0.003337,0.010332,1,
0.006690,0.010354,0.006007,0.094645,0.066278,0.054587,0.000509,0.189944,0.028753,0.542233,9,
0.004964,0.037059,0.012200,0.051226,0.477757,0.021835,0.005626,0.139578,0.021566,0.228189,7,
0.008613,0.021413,0.015060,0.006730,0.106489,0.021005,0.779594,0.001375,0.021489,0.018231,6,
0.072145,0.109107,0.400388,0.134267,0.011466,0.011914,0.037262,0.012466,0.199710,0.011274,2,
0.840789,0.000064,0.054919,0.000998,0.036073,0.009537,0.040753,0.002829,0.003040,0.010998,0,
0.015549,0.008189,0.012168,0.048951,0.473131,0.075118,0.044252,0.133547,0.034477,0.154616,9,
0.148768,0.009356,0.028778,0.039528,0.081383,0.044425,0.021256,0.014384,0.499849,0.112272,8,
0.016616,0.000014,0.011082,0.043028,0.010275,0.383076,0.000057,0.471506,0.015864,0.048481,5,
0.000684,0.000359,0.000282,0.025881,0.005308,0.025642,0.000056,0.792959,0.002345,0.146484,7,
0.008804,0.003575,0.005950,0.005860,0.367741,0.008385,0.007825,0.020797,0.035863,0.535200,9,
0.000013,0.996628,0.000852,0.000268,0.000693,0.000115,0.000517,0.000339,0.000365,0.000210,1,
0.038204,0.018375,0.438007,0.186194,0.053346,0.083645,0.020981,0.062724,0.060895,0.037628,2,
0.003208,0.028351,0.904871,0.013680,0.010543,0.005656,0.018389,0.011577,0.003438,0.000285,2,
0.142159,0.003362,0.279688,0.080582,0.058406,0.135882,0.134393,0.012134,0.146999,0.006396,3,
0.026261,0.003976,0.006015,0.030979,0.136029,0.629150,0.001735,0.058259,0.066678,0.040918,5,
0.002370,0.092222,0.056560,0.744795,0.005456,0.050049,0.000352,0.016902,0.020548,0.010746,3,
0.670191,0.013482,0.023962,0.004181,0.014923,0.082849,0.152971,0.000024,0.036384,0.001034,0,
0.164625,0.000197,0.116635,0.302847,0.007309,0.054548,0.012820,0.001780,0.331703,0.007536,8,
0.003408,0.000672,0.012136,0.713750,0.000847,0.202283,0.000173,0.003719,0.024846,0.038165,3,
0.239726,0.004222,0.060905,0.072195,0.027671,0.040553,0.048299,0.004959,0.462169,0.039300,5,
0.002981,0.002039,0.018918,0.899672,0.002071,0.039530,0.000115,0.008676,0.012393,0.013602,3,
0.000116,0.000109,0.000508,0.012319,0.003176,0.008038,0.000000,0.616082,0.000753,0.358899,9,
0.044161,0.000189,0.013792,0.004472,0.062897,0.533102,0.019369,0.056656,0.168957,0.096404,5,
0.000145,0.956784,0.014345,0.010277,0.003763,0.001674,0.000817,0.005898,0.003477,0.002820,1,
0.184267,0.002885,0.014795,0.068221,0.018874,0.065320,0.019817,0.002878,0.570831,0.052112,8,
0.181233,0.000899,0.123769,0.010890,0.093981,0.021626,0.466312,0.034514,0.047765,0.019010,6,
0.000962,0.000493,0.000421,0.019476,0.004854,0.022511,0.000056,0.851736,0.002084,0.097408,7,
0.136847,0.003048,0.231550,0.108607,0.004993,0.102375,0.075308,0.003499,0.327987,0.005786,5,
0.039583,0.003333,0.018766,0.682147,0.006975,0.171875,0.000033,0.023568,0.014766,0.038953,3,
0.008111,0.937401,0.021472,0.003441,0.005944,0.001556,0.007222,0.001770,0.006161,0.006922,1,
0.001300,0.006602,0.870546,0.006060,0.002714,0.000092,0.111880,0.000424,0.000279,0.000103,2,
0.015697,0.123872,0.034415,0.019564,0.301626,0.059145,0.261448,0.012907,0.069131,0.102197,1,
0.299031,0.001559,0.021493,0.052835,0.049262,0.036080,0.044426,0.009748,0.394172,0.091393,8,
0.001565,0.002218,0.024232,0.941776,0.000581,0.010953,0.000085,0.007566,0.006601,0.004423,3,
0.022522,0.009662,0.043480,0.027386,0.630558,0.026883,0.128097,0.035909,0.024520,0.050981,4,
0.020414,0.030236,0.012918,0.010784,0.494580,0.037439,0.277142,0.006200,0.031312,0.078975,4,
0.001635,0.338188,0.076969,0.042269,0.124575,0.003410,0.199273,0.124418,0.019462,0.069801,8,
0.000016,0.000108,0.000360,0.003560,0.002581,0.000498,0.000000,0.984961,0.000564,0.007351,7,
0.113719,0.003430,0.073123,0.007143,0.074090,0.055448,0.114246,0.004745,0.438299,0.115756,9,
0.000340,0.003552,0.000447,0.014108,0.011517,0.011505,0.000000,0.802874,0.008366,0.147291,7,
0.160379,0.041360,0.052024,0.005476,0.295079,0.060141,0.309453,0.027681,0.029484,0.018925,4,
0.001246,0.013125,0.509889,0.430501,0.003648,0.007119,0.000000,0.027539,0.002411,0.004522,2,
0.021257,0.013961,0.158306,0.069567,0.525848,0.015422,0.009880,0.089526,0.001937,0.094297,4,
0.005411,0.941700,0.010446,0.009319,0.006030,0.002119,0.001926,0.002851,0.010636,0.009561,1,
0.188091,0.000884,0.096369,0.000034,0.085713,0.007854,0.528893,0.000000,0.059556,0.032607,6,
0.004019,0.051541,0.828455,0.080291,0.001839,0.002492,0.008350,0.005875,0.016159,0.000978,2,
0.076328,0.043727,0.054778,0.008570,0.106977,0.043187,0.524985,0.002520,0.097595,0.041332,6,
0.088105,0.006332,0.003791,0.084212,0.069576,0.164974,0.009606,0.061000,0.161989,0.350415,5,
0.174408,0.000213,0.010251,0.014844,0.026835,0.049970,0.008464,0.003822,0.642339,0.068853,8,
0.000000,0.991702,0.004444,0.000991,0.000914,0.000222,0.000243,0.000498,0.000211,0.000775,1,
0.107841,0.000042,0.167808,0.052700,0.263962,0.018035,0.040452,0.217194,0.036001,0.095964,4,
0.050377,0.000069,0.043268,0.006897,0.476584,0.006924,0.384889,0.006910,0.009064,0.015019,4,
0.015880,0.001101,0.714672,0.041623,0.050868,0.002964,0.159262,0.006998,0.004393,0.002239,2,
0.834232,0.000000,0.116499,0.025212,0.007068,0.000630,0.005775,0.003477,0.007047,0.000061,0,
0.000004,0.996491,0.000872,0.000126,0.000418,0.000116,0.000870,0.000388,0.000600,0.000116,1,
0.832188,0.000113,0.012996,0.051009,0.015183,0.046350,0.000694,0.018860,0.010970,0.011636,0,
0.233151,0.003906,0.017730,0.040958,0.023512,0.038176,0.038249,0.004955,0.540192,0.059174,8,
0.000085,0.007852,0.829529,0.079115,0.000000,0.000736,0.000062,0.082138,0.000085,0.000398,2,
0.165108,0.000814,0.010050,0.044709,0.067128,0.347915,0.010155,0.002954,0.302505,0.048662,5,
0.000787,0.933921,0.001100,0.001247,0.004315,0.000923,0.012687,0.015731,0.002956,0.026333,1,
0.960356,0.000862,0.005282,0.000797,0.002029,0.002881,0.007401,0.000200,0.019498,0.000694,0,
0.021267,0.000112,0.035480,0.006804,0.295968,0.203079,0.002134,0.022338,0.023539,0.389278,2,
0.022144,0.000206,0.010238,0.465989,0.006829,0.055993,0.000197,0.188068,0.096748,0.153589,3,
0.025864,0.001120,0.069351,0.015059,0.755239,0.013104,0.057998,0.012254,0.009491,0.040520,4,
0.358402,0.000121,0.099507,0.000033,0.038587,0.035348,0.450185,0.000762,0.003239,0.013815,6,
0.139103,0.041532,0.055756,0.010888,0.150248,0.031608,0.109539,0.031567,0.288450,0.141309,9,
0.000032,0.857869,0.012949,0.032573,0.046625,0.025581,0.008372,0.003896,0.004231,0.007871,1,
0.005782,0.002567,0.004664,0.011033,0.654615,0.025644,0.014082,0.044335,0.017731,0.219547,4,
0.009123,0.009463,0.031351,0.784751,0.008906,0.065227,0.000196,0.025671,0.030335,0.034976,3,
0.033796,0.003873,0.089199,0.006707,0.583762,0.014763,0.173448,0.028204,0.018436,0.047813,4,
0.025534,0.001830,0.268464,0.655405,0.003486,0.006098,0.014531,0.022473,0.001214,0.000964,3,
0.165182,0.001693,0.028492,0.055025,0.008409,0.070140,0.027597,0.001185,0.618938,0.023340,3,
0.002769,0.002705,0.001235,0.085304,0.001741,0.877558,0.002927,0.001213,0.012901,0.011647,5,
0.002020,0.000525,0.002142,0.013376,0.059424,0.003726,0.000593,0.053605,0.007296,0.857292,9,
0.036274,0.000000,0.065743,0.000332,0.132339,0.001724,0.744152,0.000493,0.005147,0.013798,6,
0.094707,0.003870,0.134635,0.499170,0.037715,0.059631,0.010306,0.053866,0.076215,0.029885,3,
0.005323,0.000329,0.022246,0.001805,0.008183,0.000615,0.960294,0.000429,0.000237,0.000538,6,
0.251289,0.001587,0.014146,0.038847,0.028083,0.043250,0.028924,0.003569,0.528839,0.061465,8,
0.098901,0.000207,0.128390,0.031759,0.265569,0.013604,0.021757,0.328957,0.010678,0.100180,4,
0.000415,0.001426,0.006643,0.037691,0.069786,0.057734,0.000000,0.664648,0.002334,0.159323,9,
0.005395,0.021907,0.011244,0.014234,0.465989,0.009220,0.006022,0.046653,0.020270,0.399067,4,
0.000004,0.995550,0.000895,0.000127,0.000596,0.000113,0.001234,0.000773,0.000611,0.000097,1,
0.983873,0.000000,0.000691,0.000755,0.000336,0.011576,0.000646,0.000132,0.001059,0.000933,0,
0.061396,0.030021,0.452069,0.175307,0.041395,0.015683,0.043065,0.035282,0.127322,0.018461,3,
0.020136,0.000049,0.040486,0.010427,0.011714,0.002735,0.903822,0.002146,0.003229,0.005257,6,
0.288004,0.002574,0.018403,0.041730,0.019573,0.030308,0.016391,0.004045,0.528278,0.050695,0,
0.005234,0.105462,0.036002,0.016398,0.308662,0.078929,0.186630,0.005029,0.084424,0.173230,4,
0.053943,0.000082,0.013726,0.686694,0.003716,0.223450,0.000940,0.002386,0.013980,0.001083,3,
0.126977,0.000173,0.010088,0.011292,0.007471,0.071758,0.007518,0.000286,0.753024,0.011413,8,
0.019671,0.009393,0.030246,0.006528,0.578417,0.007738,0.047568,0.009334,0.051320,0.239785,9,
0.253913,0.003257,0.026473,0.036004,0.167872,0.010998,0.423258,0.013924,0.037700,0.026600,6,
0.077647,0.002990,0.059110,0.046177,0.154006,0.051069,0.421660,0.028034,0.095144,0.064162,6,
0.000000,0.000075,0.000304,0.005789,0.001379,0.001471,0.000000,0.979928,0.001618,0.009435,7,
0.003115,0.023193,0.768025,0.040357,0.057341,0.061534,0.031757,0.000051,0.012323,0.002303,2,
0.000004,0.993741,0.002598,0.000156,0.000633,0.000136,0.000654,0.000653,0.001243,0.000182,1,
0.184664,0.006366,0.081882,0.042498,0.069629,0.047759,0.095998,0.009676,0.412302,0.049227,0,
0.013174,0.009186,0.013120,0.006303,0.563405,0.006971,0.023265,0.018481,0.034302,0.311794,4,
0.046604,0.099981,0.129520,0.052311,0.008675,0.024351,0.078289,0.003942,0.551679,0.004648,8,
0.032823,0.004962,0.057316,0.008780,0.061905,0.005236,0.799593,0.000924,0.008338,0.020125,6,
0.052499,0.012796,0.073287,0.007127,0.170253,0.018733,0.589473,0.002217,0.032554,0.041060,6,
0.029050,0.013703,0.040139,0.203535,0.016292,0.491110,0.000250,0.031296,0.132552,0.042072,0,
0.003929,0.000192,0.065056,0.185529,0.039446,0.016589,0.000310,0.644087,0.012998,0.031865,3,
0.175366,0.001148,0.022890,0.044701,0.012754,0.042046,0.021447,0.001443,0.648991,0.029214,0,
0.000309,0.002032,0.038312,0.405760,0.029753,0.025346,0.001626,0.357833,0.018886,0.120142,3,
0.007244,0.008837,0.020102,0.005122,0.748283,0.009216,0.013808,0.007695,0.007820,0.171873,4,
0.091023,0.013300,0.010788,0.206964,0.061701,0.241317,0.004954,0.032242,0.213326,0.124386,3,
0.018226,0.000786,0.031655,0.009602,0.717547,0.006675,0.130087,0.003928,0.005572,0.075923,9,
0.035995,0.000599,0.021584,0.003541,0.009111,0.196311,0.640990,0.000447,0.084916,0.006505,6,
0.003000,0.044725,0.687567,0.040064,0.076169,0.054495,0.045267,0.000483,0.032248,0.015982,2,
0.023749,0.002505,0.005262,0.033211,0.064153,0.027727,0.004059,0.073239,0.061801,0.704294,9,
0.000036,0.994998,0.000798,0.000487,0.001371,0.000198,0.000393,0.000593,0.000434,0.000692,1,
0.956540,0.000000,0.000896,0.003714,0.000883,0.017759,0.000722,0.010763,0.004129,0.004594,0,
0.019212,0.036175,0.383852,0.000779,0.065958,0.007654,0.472631,0.000493,0.004016,0.009229,2,
0.482794,0.000063,0.018956,0.035523,0.023761,0.066859,0.101325,0.011207,0.215406,0.044106,8,
0.217536,0.048000,0.084837,0.107831,0.086611,0.024542,0.189333,0.009606,0.178606,0.053098,2,
0.292785,0.003458,0.088004,0.120892,0.112935,0.071963,0.035136,0.025461,0.152263,0.097103,0,
0.059832,0.005806,0.005041,0.040649,0.084277,0.564161,0.001500,0.030578,0.121570,0.086587,5,
0.642555,0.000200,0.016232,0.000828,0.164789,0.009337,0.050990,0.011935,0.083709,0.019425,0,
0.003926,0.001857,0.054063,0.908563,0.000105,0.017544,0.000015,0.006376,0.004642,0.002910,3,
0.070546,0.001864,0.118191,0.020369,0.550089,0.020311,0.025885,0.134715,0.009533,0.048499,4,
0.000013,0.995228,0.000726,0.000865,0.001429,0.000146,0.000397,0.000379,0.000374,0.000442,1,
0.036195,0.000023,0.025392,0.007100,0.213678,0.029828,0.530972,0.010525,0.098774,0.047513,6,
0.010409,0.000943,0.841997,0.062468,0.046363,0.000619,0.014002,0.011908,0.008735,0.002557,2,
0.015728,0.042618,0.022780,0.009903,0.212520,0.006630,0.666397,0.003236,0.005866,0.014323,6,
0.000972,0.054293,0.007208,0.075780,0.303539,0.019304,0.001424,0.251621,0.049568,0.236293,7,
0.052367,0.000643,0.003322,0.108402,0.047575,0.471860,0.000966,0.084121,0.179645,0.051100,5,
0.117029,0.002612,0.081938,0.110340,0.007602,0.233468,0.006769,0.002870,0.433295,0.004076,8,
0.035149,0.009354,0.004889,0.189749,0.034402,0.552335,0.000862,0.082851,0.020403,0.070007,5,
0.007483,0.070992,0.006249,0.094835,0.123664,0.341194,0.004227,0.161764,0.018727,0.170865,5,
0.000293,0.063309,0.117102,0.738448,0.003010,0.016698,0.000048,0.043813,0.006209,0.011069,3,
0.024358,0.002748,0.002664,0.027985,0.042289,0.022278,0.001692,0.287671,0.039605,0.548710,9,
0.000000,0.000039,0.000351,0.005840,0.003194,0.000876,0.000000,0.971251,0.000982,0.017468,7,
0.006640,0.008725,0.578701,0.042966,0.073200,0.005713,0.185220,0.071878,0.023794,0.003164,2,
0.027467,0.000577,0.027732,0.718593,0.010669,0.092006,0.000255,0.094516,0.013508,0.014677,3,
0.000192,0.918730,0.020417,0.044663,0.001388,0.001524,0.001577,0.003398,0.001736,0.006374,1,
0.027964,0.000055,0.009802,0.001315,0.054919,0.003788,0.893244,0.001488,0.005107,0.002317,6,
0.161825,0.007015,0.003695,0.083008,0.056739,0.356259,0.000000,0.191682,0.087624,0.052152,3,
0.001623,0.006496,0.014920,0.001333,0.005629,0.020897,0.943131,0.000005,0.001241,0.004725,6,
0.014488,0.010883,0.005023,0.068446,0.024580,0.799414,0.005957,0.029682,0.019454,0.022072,5,
0.025288,0.010036,0.016232,0.023298,0.631828,0.082106,0.004971,0.037059,0.020878,0.148303,4,
0.004909,0.004588,0.004706,0.000349,0.008201,0.012914,0.959453,0.000005,0.002559,0.002316,6,
0.000000,0.000033,0.000161,0.004333,0.001196,0.001795,0.000000,0.978705,0.002762,0.011017,7,
0.003940,0.001810,0.908963,0.038512,0.012643,0.000656,0.004052,0.020786,0.008429,0.000209,2,
0.001369,0.019770,0.037199,0.160266,0.039703,0.017300,0.000407,0.650454,0.022124,0.051407,7,
0.000398,0.000388,0.000501,0.011547,0.004048,0.012574,0.000000,0.864504,0.000756,0.105285,7,
0.018985,0.009398,0.018944,0.012722,0.762422,0.066786,0.014935,0.016787,0.016395,0.062626,4,
0.061563,0.005458,0.083604,0.250730,0.089213,0.313535,0.037906,0.016451,0.020886,0.120653,5,
0.000181,0.000504,0.000501,0.007033,0.004897,0.008618,0.000000,0.872816,0.001082,0.104368,7,
0.082639,0.000175,0.006758,0.016774,0.009966,0.053450,0.002760,0.001050,0.809854,0.016573,8,
0.001807,0.080161,0.710740,0.164807,0.003157,0.000423,0.003002,0.027655,0.006038,0.002212,2,
0.017988,0.014595,0.100269,0.407454,0.040375,0.071598,0.002716,0.161204,0.042401,0.141400,3,
0.000603,0.008795,0.118661,0.850767,0.000010,0.013342,0.000000,0.005306,0.001561,0.000955,3,
0.002063,0.000544,0.002116,0.016599,0.065694,0.004055,0.000635,0.059052,0.007156,0.842086,9,
0.094820,0.033948,0.027787,0.083822,0.113793,0.088482,0.014592,0.039495,0.269788,0.233471,3,
0.016867,0.008233,0.153075,0.018675,0.384360,0.021670,0.117732,0.005935,0.098509,0.174943,2,
0.062464,0.002115,0.785558,0.040919,0.043543,0.011851,0.026511,0.006155,0.011777,0.009107,2,
0.003968,0.009663,0.151446,0.290199,0.151995,0.034277,0.032352,0.268685,0.031567,0.025850,7,
0.000974,0.005217,0.001051,0.029069,0.011640,0.016932,0.000192,0.769776,0.012665,0.152485,7,
0.006416,0.001891,0.025208,0.841451,0.002175,0.067398,0.000320,0.006815,0.032400,0.015925,5,
0.088648,0.005757,0.085686,0.148993,0.116227,0.011865,0.037679,0.260964,0.151344,0.092838,7,
0.000447,0.003586,0.006481,0.033621,0.009301,0.025132,0.000246,0.793849,0.001570,0.125766,7,
0.002975,0.011329,0.008677,0.131876,0.036790,0.048426,0.000221,0.700064,0.007139,0.052504,7,
0.100819,0.011267,0.256563,0.146977,0.067052,0.019747,0.064912,0.013580,0.284453,0.034631,0,
0.010776,0.013268,0.038245,0.267746,0.060097,0.217616,0.006649,0.046508,0.171049,0.168047,3,
0.019292,0.036094,0.024705,0.006764,0.632596,0.008313,0.073205,0.010293,0.025717,0.163021,4,
0.003823,0.004883,0.001929,0.017664,0.428504,0.010081,0.014565,0.046725,0.024872,0.446955,4,
0.000351,0.917865,0.022653,0.025027,0.004961,0.000611,0.001200,0.022816,0.000509,0.004007,1,
0.021610,0.018900,0.008291,0.026896,0.464924,0.240561,0.015509,0.058190,0.100590,0.044530,4,
0.001845,0.002257,0.014895,0.950503,0.000844,0.013818,0.000015,0.007732,0.003428,0.004664,3,
0.027991,0.002312,0.006844,0.782706,0.000166,0.108863,0.000000,0.007336,0.054313,0.009469,3,
0.006295,0.000014,0.003498,0.053782,0.007596,0.637449,0.000048,0.203326,0.028455,0.059535,5,
0.027141,0.037327,0.008867,0.029769,0.580104,0.080396,0.038486,0.058887,0.061014,0.078008,4,
0.003448,0.002153,0.018249,0.079831,0.033205,0.016533,0.000000,0.802645,0.003986,0.039949,7,
0.003226,0.001496,0.018062,0.903404,0.000674,0.054813,0.000251,0.003964,0.005386,0.008724,3,
0.000000,0.981616,0.001619,0.001393,0.008443,0.000344,0.000856,0.003263,0.000227,0.002237,1,
0.029167,0.232484,0.016233,0.058590,0.234130,0.087040,0.043582,0.043532,0.097494,0.157749,4,
0.031332,0.034009,0.006394,0.013415,0.402787,0.281845,0.012865,0.033307,0.150565,0.033480,5,
0.106899,0.000947,0.016288,0.341763,0.000841,0.441946,0.003707,0.001617,0.075680,0.010311,5,
0.004900,0.006224,0.849468,0.105147,0.000729,0.000501,0.004300,0.012160,0.016149,0.000424,2,
0.104327,0.008238,0.283345,0.046689,0.090919,0.098676,0.034485,0.172248,0.007144,0.153929,4,
0.226429,0.001232,0.013540,0.044895,0.020461,0.044060,0.024840,0.002078,0.580599,0.041866,8,
0.029732,0.000333,0.007651,0.072171,0.067287,0.681121,0.003448,0.088088,0.039541,0.010628,5,
0.127770,0.001179,0.034909,0.083285,0.012241,0.050602,0.015289,0.004219,0.642976,0.027531,8,
0.002466,0.000069,0.000801,0.009972,0.048639,0.003134,0.000552,0.071255,0.009056,0.854056,9,
0.561615,0.000081,0.043447,0.055451,0.063021,0.158281,0.036869,0.003854,0.067679,0.009702,0,
0.000000,0.000018,0.000288,0.003209,0.001476,0.000429,0.000000,0.989776,0.000476,0.004328,7,
0.014236,0.000477,0.002621,0.004425,0.064129,0.282617,0.000093,0.540796,0.017811,0.072795,7,
0.001091,0.000013,0.927744,0.028138,0.012086,0.011441,0.015057,0.000000,0.000000,0.004429,2,
0.047805,0.038918,0.014609,0.096873,0.121055,0.034594,0.011100,0.197893,0.060968,0.376185,9,
0.000406,0.000171,0.918476,0.025982,0.001481,0.021049,0.030865,0.001469,0.000101,0.000000,2,
0.118460,0.000274,0.005699,0.116902,0.008057,0.178476,0.001025,0.004574,0.541832,0.024701,3,
0.000276,0.010480,0.001089,0.056653,0.013441,0.042417,0.000259,0.709777,0.015802,0.149806,7,
0.018259,0.002671,0.003229,0.003440,0.619232,0.173862,0.009106,0.065312,0.033781,0.071107,4,
0.053936,0.000347,0.006177,0.024000,0.065894,0.497348,0.000504,0.027412,0.189588,0.134795,8,
0.036010,0.003024,0.738142,0.007400,0.056810,0.006419,0.083514,0.020328,0.001073,0.047279,2,
0.058313,0.000680,0.015654,0.081039,0.015338,0.403224,0.006135,0.005149,0.395760,0.018709,5,
0.000790,0.974523,0.002139,0.000981,0.005912,0.000732,0.001365,0.002641,0.005021,0.005896,1,
0.052530,0.000324,0.271880,0.409272,0.013017,0.020598,0.015910,0.013927,0.188598,0.013944,3,
0.015597,0.000939,0.892240,0.004602,0.017782,0.010185,0.051446,0.003703,0.003507,0.000000,2,
0.062407,0.005303,0.314170,0.010532,0.155095,0.012740,0.365552,0.012545,0.019248,0.042409,6,
0.002773,0.012385,0.004062,0.007282,0.870373,0.018833,0.017331,0.006053,0.012310,0.048598,4,
0.244715,0.001970,0.016163,0.031536,0.021092,0.040461,0.051437,0.001978,0.541589,0.049059,8,
0.086913,0.000000,0.039911,0.089945,0.005820,0.075126,0.021071,0.001043,0.677779,0.002391,8,
0.003862,0.002666,0.008670,0.249799,0.003138,0.703946,0.000425,0.001771,0.014186,0.011536,5,
0.054857,0.015326,0.207687,0.493232,0.044159,0.043125,0.020749,0.007150,0.105367,0.008348,3,
0.015650,0.000842,0.102736,0.041084,0.071143,0.007986,0.002797,0.673214,0.002652,0.081898,7,
0.011075,0.005573,0.010357,0.008107,0.429564,0.006504,0.007246,0.026905,0.024597,0.470075,9,
0.111677,0.003757,0.172837,0.145065,0.014106,0.107483,0.058744,0.003126,0.366588,0.016614,2,
0.000865,0.010717,0.061010,0.868000,0.000758,0.022569,0.000072,0.016449,0.010211,0.009350,3,
0.003242,0.002988,0.004786,0.000629,0.007828,0.007425,0.969356,0.000033,0.001742,0.001971,6,
0.000055,0.000080,0.001306,0.002831,0.033785,0.010029,0.000000,0.939680,0.000676,0.011558,7,
0.140934,0.000982,0.210637,0.365258,0.055596,0.072841,0.064366,0.033630,0.044058,0.011698,3,
0.000016,0.000028,0.000438,0.003914,0.002195,0.000491,0.000000,0.985217,0.000598,0.007104,7,
0.194990,0.000109,0.013130,0.053237,0.040300,0.272252,0.005345,0.269459,0.036251,0.114927,8,
0.005924,0.000297,0.006248,0.000797,0.925304,0.009497,0.001279,0.005728,0.001291,0.043636,4,
0.059923,0.005026,0.403833,0.012811,0.252513,0.004431,0.209739,0.015321,0.021502,0.014899,4,
0.009669,0.001213,0.956333,0.003337,0.007559,0.004406,0.013424,0.000057,0.003777,0.000226,2,
0.193137,0.042430,0.060349,0.071577,0.074857,0.038882,0.108225,0.007877,0.321699,0.080967,8,
0.008573,0.000490,0.000981,0.157549,0.010996,0.114771,0.000000,0.323162,0.039175,0.344303,9,
0.002816,0.000039,0.009594,0.010852,0.104280,0.007604,0.000819,0.046138,0.004073,0.813785,9,
0.928899,0.000000,0.007377,0.008278,0.028866,0.010927,0.003038,0.004385,0.007660,0.000568,0,
0.154275,0.023026,0.165254,0.113342,0.088211,0.022022,0.085565,0.015482,0.284252,0.048571,0,
0.941012,0.000022,0.005249,0.000880,0.001918,0.019454,0.007560,0.000166,0.022698,0.001042,0,
0.000021,0.990019,0.002352,0.000848,0.002136,0.000464,0.000272,0.001118,0.001098,0.001673,1,
0.032141,0.002228,0.002090,0.023714,0.049881,0.015077,0.002249,0.164779,0.037699,0.670142,9,
0.000110,0.975449,0.004031,0.003209,0.004630,0.001879,0.002640,0.001379,0.001638,0.005033,1,
0.008987,0.000245,0.002346,0.083325,0.005815,0.658360,0.000050,0.184527,0.029325,0.027020,5,
0.108847,0.000280,0.014847,0.019993,0.007257,0.054239,0.008016,0.000698,0.768526,0.017298,5,
0.282993,0.004488,0.118894,0.062928,0.095616,0.018600,0.062415,0.031268,0.230300,0.092497,0,
0.009507,0.003620,0.003337,0.080031,0.074072,0.041902,0.003454,0.192118,0.023183,0.568777,4,
0.014213,0.019088,0.810501,0.053713,0.018698,0.006776,0.041831,0.014632,0.015749,0.004800,2,
0.014048,0.042661,0.607211,0.023676,0.075460,0.008201,0.192041,0.011231,0.019144,0.006326,2,
0.110292,0.000114,0.215205,0.270742,0.004124,0.037544,0.022347,0.000247,0.326664,0.012720,8,
0.130516,0.010770,0.045623,0.128207,0.139575,0.028454,0.196132,0.047217,0.149801,0.123706,0,
0.011781,0.050814,0.064093,0.312484,0.033009,0.319587,0.006872,0.022870,0.120372,0.058119,5,
0.013508,0.010049,0.714860,0.038432,0.075574,0.005995,0.054830,0.058550,0.007167,0.021034,2,
0.043340,0.013382,0.346727,0.017511,0.196575,0.017967,0.297180,0.011642,0.030344,0.025333,2,
0.000586,0.001083,0.002575,0.018672,0.045212,0.011754,0.000124,0.242450,0.010942,0.666602,9,
0.018315,0.145213,0.047831,0.142346,0.141542,0.048311,0.003067,0.141129,0.106653,0.205592,8,
0.000022,0.000730,0.988362,0.009185,0.000333,0.000008,0.000241,0.000987,0.000131,0.000000,2,
0.000016,0.000212,0.000168,0.022840,0.008126,0.000761,0.000000,0.935268,0.001182,0.031428,7,
0.163501,0.016105,0.083559,0.158684,0.040476,0.038746,0.025120,0.009256,0.414523,0.050030,8,
0.232848,0.002001,0.022467,0.052197,0.017424,0.036239,0.023993,0.002903,0.575409,0.034519,0,
0.038175,0.002199,0.002415,0.019914,0.054712,0.019397,0.001801,0.168880,0.050829,0.641678,9,
0.489569,0.001588,0.044802,0.000280,0.049556,0.003364,0.319408,0.006558,0.050458,0.034417,0,
0.144961,0.000543,0.384444,0.019939,0.090953,0.038206,0.294728,0.005454,0.005402,0.015369,6,
0.008403,0.000570,0.000840,0.043230,0.009417,0.635025,0.000018,0.246858,0.030984,0.024656,5,
0.440194,0.000024,0.018654,0.399666,0.000000,0.119135,0.000022,0.000623,0.021683,0.000000,0,
0.002523,0.021057,0.805308,0.076199,0.001940,0.000433,0.008047,0.072178,0.012309,0.000007,2,
0.003837,0.001036,0.589505,0.025053,0.041489,0.045262,0.283454,0.000078,0.002278,0.008008,6,
0.139591,0.001136,0.476489,0.178043,0.020803,0.062799,0.029737,0.014682,0.061331,0.015389,2,
0.773280,0.000000,0.006766,0.111127,0.001238,0.082214,0.009120,0.000294,0.014097,0.001865,0,
0.173313,0.008094,0.048223,0.530914,0.011412,0.154290,0.000525,0.007189,0.059710,0.006330,3,
0.258270,0.004571,0.037169,0.085647,0.035434,0.043087,0.049621,0.003267,0.438224,0.044710,8,
0.161252,0.014878,0.070736,0.026737,0.178401,0.025345,0.204446,0.009221,0.181314,0.127669,8,
0.035187,0.000669,0.758870,0.076922,0.004337,0.022870,0.014868,0.004896,0.079157,0.002224,2,
0.033392,0.000383,0.746090,0.036911,0.026668,0.018695,0.032872,0.051463,0.001998,0.051527,2,
0.000182,0.130290,0.151341,0.663100,0.000636,0.002845,0.000000,0.045478,0.004377,0.001751,2,
0.037170,0.000356,0.074999,0.032613,0.033166,0.792299,0.004110,0.002663,0.014657,0.007967,5,
0.007134,0.005215,0.008994,0.007197,0.410809,0.007071,0.009395,0.013995,0.029619,0.500573,9,
0.000004,0.996464,0.000999,0.000179,0.000553,0.000114,0.000577,0.000449,0.000473,0.000189,1,
0.070316,0.002920,0.025562,0.004034,0.540315,0.109609,0.062522,0.004346,0.071476,0.108900,9,
0.039917,0.000340,0.043659,0.012421,0.248282,0.066536,0.005243,0.022405,0.008199,0.552996,9,
0.024465,0.006185,0.044084,0.000714,0.009636,0.001676,0.908953,0.000704,0.001473,0.002110,6,
0.000039,0.000278,0.965539,0.001591,0.004503,0.000119,0.019593,0.008183,0.000000,0.000156,2,
0.007829,0.000771,0.003131,0.032719,0.054707,0.019518,0.001879,0.117032,0.050489,0.711924,9,
0.001144,0.013281,0.001575,0.531010,0.007380,0.410709,0.011224,0.004839,0.005549,0.013290,3,
0.047702,0.001301,0.608300,0.046226,0.042182,0.068394,0.029576,0.045831,0.002705,0.107784,2,
0.000016,0.000108,0.000190,0.006179,0.005777,0.000520,0.000000,0.978552,0.000546,0.008111,7,
0.034958,0.006870,0.017046,0.032268,0.085198,0.024722,0.015757,0.065486,0.059804,0.657891,9,
0.055789,0.000290,0.055846,0.423173,0.022774,0.065802,0.001690,0.257135,0.070888,0.046613,3,
0.000026,0.990713,0.002069,0.000691,0.001726,0.001244,0.001254,0.001109,0.000748,0.000421,1,
0.003284,0.499118,0.082873,0.250202,0.021866,0.007007,0.004078,0.084907,0.020131,0.026533,1,
0.003868,0.004810,0.007064,0.020678,0.097928,0.007869,0.001503,0.056953,0.009345,0.789981,9,
0.031081,0.307116,0.072914,0.034401,0.150730,0.053968,0.202263,0.015553,0.059309,0.072665,1,
0.002061,0.000531,0.001276,0.010360,0.055141,0.004033,0.000499,0.057959,0.008665,0.859475,9,
0.000446,0.011170,0.013669,0.236976,0.047875,0.013057,0.000376,0.476655,0.004587,0.195189,7,
0.070072,0.023112,0.127111,0.008196,0.074344,0.008434,0.656795,0.002987,0.016161,0.012789,6,
0.040267,0.014442,0.178759,0.622409,0.005663,0.006905,0.001462,0.012540,0.103699,0.013855,3,
0.006935,0.005166,0.015371,0.242827,0.104991,0.128344,0.000887,0.208445,0.043448,0.243586,9,
0.000082,0.002898,0.000223,0.021716,0.023458,0.009511,0.000000,0.621561,0.019199,0.301354,9,
0.003804,0.002781,0.005279,0.133325,0.000485,0.841313,0.001708,0.001127,0.008751,0.001426,5,
0.001034,0.002670,0.004622,0.000358,0.005708,0.006580,0.977160,0.000005,0.001058,0.000805,6,
0.000180,0.000381,0.983533,0.009523,0.000333,0.000000,0.000477,0.005082,0.000492,0.000000,2,
0.000115,0.987391,0.002450,0.001908,0.002693,0.000503,0.000626,0.001222,0.001155,0.001937,1,
0.017289,0.054515,0.030172,0.049560,0.174570,0.071772,0.006550,0.113440,0.098871,0.383262,9,
0.199293,0.000796,0.015419,0.048913,0.015097,0.052097,0.025865,0.001505,0.603647,0.037369,8,
0.029802,0.002410,0.001928,0.022985,0.041647,0.018117,0.001420,0.213316,0.038631,0.629745,9,
0.031465,0.001454,0.672868,0.035687,0.065387,0.005775,0.176448,0.007252,0.001624,0.002039,6,
0.009651,0.022994,0.022083,0.166446,0.161322,0.038522,0.005324,0.421735,0.020920,0.131002,7,
0.000308,0.000415,0.000429,0.008137,0.004201,0.011868,0.000000,0.886110,0.000714,0.087817,7,
0.051770,0.002872,0.127137,0.008487,0.084905,0.067040,0.610961,0.003965,0.041864,0.000999,6,
0.197116,0.012520,0.028706,0.046070,0.233796,0.237619,0.050328,0.012647,0.079222,0.101976,5,
0.055249,0.000732,0.007703,0.049418,0.074133,0.170032,0.002903,0.039391,0.316730,0.283710,9,
0.005579,0.014789,0.006415,0.009922,0.452503,0.014453,0.008898,0.048135,0.036377,0.402930,4,
0.001537,0.000358,0.970074,0.017753,0.000495,0.000365,0.002136,0.002949,0.004286,0.000047,2,
0.989409,0.000000,0.004023,0.000534,0.000204,0.004375,0.000611,0.000100,0.000703,0.000040,0,
0.000033,0.971352,0.002752,0.001573,0.005910,0.003878,0.000376,0.009863,0.001482,0.002781,1,
0.020210,0.000815,0.027684,0.816161,0.003518,0.084059,0.003811,0.006137,0.032743,0.004861,3,
0.479244,0.000000,0.068211,0.003411,0.264999,0.025786,0.059717,0.050006,0.039148,0.009479,0,
0.000241,0.000337,0.000570,0.007671,0.005072,0.010574,0.000000,0.875460,0.000825,0.099250,7,
0.004813,0.056954,0.093338,0.708216,0.018794,0.083824,0.001714,0.016627,0.013444,0.002276,3,
0.091574,0.021462,0.020698,0.066852,0.261394,0.065666,0.109128,0.045738,0.178611,0.138877,4,
0.054716,0.003584,0.016647,0.015535,0.270081,0.050380,0.021236,0.016239,0.273440,0.278142,4,
0.001410,0.000719,0.002693,0.059742,0.010760,0.004827,0.000000,0.893094,0.003321,0.023434,7,
0.002392,0.001682,0.022763,0.938418,0.000216,0.022377,0.000345,0.003407,0.005956,0.002444,3,
0.001395,0.001045,0.689128,0.237712,0.000393,0.000862,0.000749,0.045731,0.022787,0.000197,2,
0.001996,0.000828,0.006401,0.010669,0.136632,0.006451,0.004057,0.050981,0.009343,0.772643,9,
0.007377,0.013634,0.055764,0.343360,0.011501,0.436982,0.003192,0.016067,0.072261,0.039860,3,
0.041289,0.000923,0.611728,0.196072,0.006040,0.002365,0.012493,0.005534,0.119346,0.004211,2,
0.056524,0.002152,0.022296,0.013001,0.028704,0.243493,0.007016,0.025953,0.584868,0.015992,5,
0.020400,0.056550,0.368511,0.074724,0.282545,0.008448,0.062365,0.018135,0.027030,0.081290,2,
0.006110,0.005181,0.079651,0.000580,0.013084,0.002994,0.888014,0.000172,0.001444,0.002770,6,
0.026017,0.001338,0.052149,0.047716,0.450081,0.037424,0.044578,0.113382,0.083542,0.143773,8,
0.111703,0.000873,0.159951,0.323736,0.055008,0.027768,0.026936,0.031280,0.189842,0.072904,3,
0.006325,0.008920,0.021664,0.816882,0.006337,0.039917,0.000000,0.074306,0.011088,0.014562,3,
0.000906,0.000234,0.000518,0.011333,0.007453,0.012238,0.000000,0.835222,0.001062,0.131034,7,
0.000046,0.000000,0.000115,0.004027,0.001225,0.005455,0.000000,0.979305,0.001474,0.008352,7,
0.033840,0.000160,0.003985,0.031783,0.021594,0.641349,0.000447,0.027457,0.178564,0.060821,2,
0.002169,0.010882,0.004248,0.016623,0.311303,0.013625,0.001770,0.127098,0.039281,0.473002,9,
0.000088,0.000030,0.000297,0.003949,0.001260,0.001115,0.000053,0.979855,0.000893,0.012458,7,
0.033781,0.001201,0.004154,0.050885,0.041370,0.185092,0.001038,0.114733,0.117492,0.450254,9,
0.041256,0.000057,0.000427,0.083787,0.028614,0.476258,0.000293,0.311065,0.024420,0.033823,5,
0.001517,0.096150,0.000083,0.027527,0.011692,0.010367,0.000118,0.609026,0.013304,0.230216,7,
0.032746,0.021233,0.141458,0.561334,0.025528,0.029884,0.006327,0.026758,0.124948,0.029784,3,
0.132931,0.020264,0.306649,0.153422,0.078988,0.027441,0.110773,0.020821,0.123356,0.025356,2,
0.000028,0.996657,0.000591,0.000155,0.000551,0.000104,0.000455,0.000509,0.000788,0.000161,1,
0.015386,0.020451,0.012792,0.185930,0.022002,0.566642,0.002368,0.038881,0.050770,0.084778,5,
0.000283,0.000453,0.000610,0.010569,0.006184,0.009881,0.000000,0.843272,0.001392,0.127355,7,
0.019591,0.002219,0.003069,0.002839,0.672870,0.137318,0.008020,0.039102,0.046417,0.068556,4,
0.005921,0.036097,0.008969,0.025888,0.581426,0.011031,0.016468,0.051152,0.023424,0.239624,4,
0.001403,0.003237,0.001864,0.041813,0.015913,0.018583,0.000169,0.836762,0.003759,0.076497,7,
0.011712,0.000826,0.007709,0.052460,0.002259,0.910860,0.001431,0.002351,0.006978,0.003414,5,
0.000016,0.000000,0.000105,0.023885,0.000693,0.007465,0.000000,0.960625,0.001032,0.006179,7,
0.007279,0.000230,0.008607,0.038671,0.006543,0.769142,0.000050,0.121266,0.021220,0.026991,5,
0.010129,0.002119,0.001756,0.015085,0.076436,0.111541,0.001110,0.267107,0.090660,0.424058,7,
0.017936,0.000115,0.001306,0.094122,0.015307,0.598061,0.000000,0.252887,0.009346,0.010921,5,
0.009104,0.000699,0.859792,0.026913,0.017566,0.005256,0.059448,0.018453,0.002529,0.000239,2,
0.820366,0.000128,0.049861,0.002993,0.004719,0.019357,0.022477,0.000128,0.078497,0.001473,0,
0.001024,0.001556,0.005205,0.000465,0.009051,0.001964,0.979315,0.000085,0.000587,0.000746,6,
0.134000,0.020610,0.026842,0.031536,0.231633,0.023303,0.076623,0.020700,0.213439,0.221314,6,
0.256704,0.001591,0.150432,0.048339,0.344623,0.059023,0.043968,0.028713,0.039952,0.026656,4,
0.000000,0.000042,0.000359,0.008136,0.001504,0.000868,0.000000,0.982875,0.000756,0.005460,7,
0.000013,0.996422,0.000946,0.000230,0.000780,0.000114,0.000511,0.000393,0.000385,0.000207,1,
0.020335,0.010480,0.072093,0.029292,0.621661,0.013199,0.023814,0.011983,0.019412,0.177731,4,
0.002311,0.001464,0.001692,0.011823,0.058835,0.005544,0.000422,0.069269,0.008312,0.840327,4,
0.000330,0.977699,0.004239,0.002003,0.003841,0.000530,0.001096,0.002411,0.002023,0.005829,1,
0.001318,0.000872,0.002608,0.076999,0.000495,0.896465,0.007835,0.000142,0.008320,0.004946,5,
0.012108,0.011137,0.008211,0.090693,0.093759,0.060665,0.000799,0.338657,0.026986,0.356986,3,
0.053933,0.000240,0.028731,0.009680,0.053311,0.793737,0.008273,0.005892,0.027336,0.018868,5,
0.329461,0.000009,0.160607,0.009758,0.095655,0.015222,0.344187,0.006946,0.008548,0.029608,6,
0.658394,0.000000,0.024804,0.036483,0.010857,0.051299,0.009067,0.035553,0.131706,0.041837,0,
0.012729,0.000006,0.004235,0.032814,0.044741,0.003032,0.000308,0.102544,0.011028,0.788563,7,
0.003767,0.001649,0.012052,0.000853,0.007258,0.002899,0.968556,0.000220,0.000881,0.001864,6,
0.878327,0.000000,0.002774,0.010821,0.004507,0.032061,0.008020,0.021763,0.019539,0.022188,0,
0.003272,0.000062,0.003934,0.022471,0.045479,0.003875,0.000320,0.080041,0.012393,0.828154,9,
0.992210,0.000000,0.001124,0.002542,0.000353,0.001065,0.001267,0.000102,0.001164,0.000174,0,
0.022373,0.000874,0.844950,0.011333,0.024545,0.009143,0.018801,0.031762,0.000933,0.035286,2,
0.000127,0.000190,0.969418,0.014317,0.003629,0.000008,0.000302,0.008132,0.003876,0.000000,2,
0.024613,0.003774,0.007024,0.007698,0.014164,0.177654,0.667567,0.000421,0.088913,0.008172,6,
0.001782,0.000152,0.000957,0.008826,0.047019,0.003228,0.000436,0.064405,0.008042,0.865154,9,
0.057647,0.007459,0.014449,0.071777,0.189405,0.033235,0.031285,0.149928,0.219663,0.225152,7,
0.001740,0.000157,0.000917,0.008770,0.048554,0.003214,0.000400,0.060321,0.008260,0.867668,9,
0.000000,0.000018,0.000307,0.004941,0.002818,0.001789,0.000000,0.982690,0.000562,0.006875,7,
