0, 1, 2, 3, 4, 5, 6, 7, 8, 9, True
0.013390,0.000000,0.962178,0.022286,0.000034,0.001256,0.000530,0.000035,0.000289,0.000002,2,
0.047479,0.000000,0.001401,0.788127,0.000002,0.127307,0.000000,0.022993,0.012593,0.000098,3,
0.214770,0.000007,0.149033,0.053065,0.002053,0.108946,0.015098,0.000160,0.454900,0.001969,8,
0.026891,0.000267,0.002376,0.004190,0.212149,0.038353,0.005132,0.004617,0.253161,0.452863,9,
0.002949,0.785466,0.143607,0.012457,0.020285,0.002011,0.023355,0.002616,0.002909,0.004344,1,
0.395216,0.000000,0.007510,0.270638,0.000226,0.311659,0.000003,0.014005,0.000650,0.000094,0,
0.000980,0.000286,0.006458,0.000053,0.072032,0.000459,0.918970,0.000003,0.000158,0.000600,6,
0.022002,0.001216,0.453948,0.472043,0.001377,0.023194,0.001792,0.020514,0.003188,0.000726,3,
0.033958,0.000000,0.002399,0.126986,0.000000,0.075033,0.000002,0.000004,0.761615,0.000003,3,
0.002204,0.024721,0.001796,0.049498,0.030561,0.011337,0.000073,0.728932,0.003151,0.147726,7,
0.536808,0.000000,0.019748,0.079905,0.000020,0.338169,0.000232,0.000020,0.025085,0.000013,3,
0.000053,0.986900,0.001408,0.000932,0.004673,0.000112,0.000364,0.003584,0.000042,0.001933,1,
0.130111,0.000003,0.004562,0.111736,0.000721,0.687592,0.004827,0.000437,0.058410,0.001602,5,
0.008723,0.004938,0.004862,0.029802,0.231721,0.023877,0.001014,0.272500,0.012155,0.410408,7,
0.008100,0.000629,0.084437,0.870085,0.000000,0.012359,0.000005,0.000409,0.023970,0.000005,3,
0.002690,0.060828,0.005007,0.071607,0.041460,0.011949,0.000230,0.704257,0.002010,0.099962,7,
0.004303,0.000976,0.001131,0.092721,0.010469,0.026819,0.000021,0.757654,0.005734,0.100172,7,
0.049999,0.000218,0.430411,0.445102,0.000016,0.052022,0.002644,0.000119,0.019452,0.000017,3,
0.166053,0.000001,0.003218,0.032624,0.029121,0.454584,0.005407,0.002791,0.242246,0.063953,2,
0.000756,0.008384,0.000367,0.022841,0.012334,0.004690,0.000008,0.819959,0.001831,0.128830,7,
0.000470,0.963871,0.018403,0.002350,0.006079,0.000325,0.001594,0.001481,0.001847,0.003580,1,
0.059899,0.000276,0.050668,0.169888,0.226183,0.119145,0.007226,0.225137,0.013592,0.127985,5,
0.622668,0.000000,0.131969,0.002368,0.076199,0.053362,0.087768,0.000025,0.024372,0.001270,6,
0.014875,0.007894,0.094408,0.827773,0.000034,0.040834,0.000248,0.004480,0.009311,0.000142,3,
0.004408,0.000650,0.002156,0.290416,0.001736,0.035483,0.000015,0.648986,0.001887,0.014262,7,
0.093913,0.000000,0.005096,0.199270,0.026786,0.257116,0.000110,0.292462,0.032519,0.092728,7,
0.028990,0.000007,0.000466,0.049718,0.024506,0.145263,0.000038,0.185591,0.127671,0.437750,8,
0.296589,0.000000,0.030322,0.142609,0.004903,0.501136,0.006843,0.001843,0.014071,0.001683,5,
0.006456,0.005786,0.000850,0.043054,0.040920,0.037723,0.000090,0.383292,0.029116,0.452714,9,
0.092441,0.000000,0.002188,0.008970,0.271854,0.119614,0.001736,0.013548,0.127395,0.362254,4,
0.346195,0.000000,0.000101,0.000286,0.023324,0.134931,0.000162,0.000035,0.466946,0.028019,8,
0.323790,0.000000,0.007977,0.162645,0.012344,0.400004,0.000076,0.064090,0.015900,0.013173,5,
0.000826,0.949135,0.022403,0.010058,0.005160,0.001092,0.001733,0.005186,0.001141,0.003266,1,
0.136376,0.000114,0.013193,0.126733,0.000440,0.514433,0.010582,0.000186,0.196662,0.001282,5,
0.167016,0.000070,0.108035,0.101021,0.118484,0.133601,0.010191,0.026513,0.222366,0.112703,0,
0.014047,0.001769,0.009519,0.001331,0.571188,0.014020,0.304446,0.000450,0.015197,0.068032,6,
0.005265,0.000208,0.001036,0.885482,0.000004,0.081097,0.000002,0.021383,0.005310,0.000213,2,
0.044126,0.000004,0.003555,0.072937,0.096271,0.116438,0.000238,0.300330,0.041183,0.324918,7,
0.009274,0.001697,0.470557,0.012115,0.210516,0.004018,0.285060,0.003129,0.000365,0.003269,2,
0.072821,0.000000,0.000255,0.173406,0.000000,0.743103,0.000006,0.000002,0.010406,0.000000,5,
0.011781,0.010137,0.006263,0.017208,0.391770,0.027378,0.005151,0.077273,0.020436,0.432605,9,
0.000090,0.966513,0.007212,0.010430,0.000353,0.000163,0.000032,0.014630,0.000085,0.000492,1,
0.000532,0.964352,0.014701,0.007337,0.003323,0.000700,0.000843,0.004519,0.000980,0.002714,1,
0.257587,0.000000,0.052939,0.004034,0.337366,0.080198,0.215233,0.000216,0.036758,0.015668,4,
0.005889,0.004529,0.497833,0.002296,0.045657,0.001172,0.440264,0.000092,0.001414,0.000853,2,
0.058784,0.000733,0.002233,0.072177,0.025700,0.301752,0.001331,0.026268,0.294488,0.216535,8,
0.050763,0.000013,0.001047,0.306128,0.001139,0.488962,0.000056,0.050299,0.078059,0.023535,3,
0.112525,0.000156,0.005394,0.107783,0.012021,0.547757,0.005960,0.006011,0.162726,0.039666,5,
0.027227,0.000000,0.607762,0.028330,0.222467,0.009582,0.093617,0.009480,0.000086,0.001449,4,
0.000573,0.964842,0.016365,0.005601,0.003365,0.000598,0.000879,0.003025,0.001711,0.003041,1,
0.024379,0.023191,0.822224,0.041119,0.002042,0.008755,0.040265,0.000235,0.037153,0.000639,2,
0.795969,0.000000,0.002697,0.005386,0.000024,0.183528,0.000048,0.000002,0.012340,0.000006,0,
0.000110,0.985281,0.002182,0.001504,0.003979,0.000203,0.000367,0.003404,0.000182,0.002788,1,
0.000143,0.976159,0.002655,0.004484,0.003584,0.000432,0.000390,0.009877,0.000080,0.002196,1,
0.086139,0.000152,0.009905,0.322003,0.003441,0.335828,0.000470,0.031764,0.180957,0.029342,8,
0.238178,0.000000,0.011674,0.006644,0.439708,0.139456,0.021850,0.002015,0.060107,0.080368,4,
0.000305,0.000159,0.000089,0.009831,0.004788,0.001719,0.000001,0.910578,0.000634,0.071896,7,
0.054648,0.000003,0.127493,0.012704,0.567047,0.029029,0.185896,0.003975,0.002509,0.016696,4,
0.000675,0.000026,0.586919,0.411958,0.000000,0.000325,0.000002,0.000026,0.000068,0.000000,1,
0.036467,0.000015,0.001765,0.227877,0.000018,0.152280,0.000006,0.002440,0.577431,0.001701,3,
0.039839,0.000026,0.003058,0.003905,0.453059,0.055017,0.016088,0.003777,0.094033,0.331198,9,
0.170779,0.000001,0.044664,0.034053,0.435920,0.153889,0.036541,0.013005,0.029153,0.081995,4,
0.043919,0.022516,0.293151,0.053590,0.326246,0.027890,0.053834,0.027832,0.048016,0.103007,1,
0.033497,0.000000,0.811530,0.008903,0.050500,0.004788,0.089643,0.000476,0.000316,0.000347,2,
0.024154,0.000062,0.001089,0.276473,0.003956,0.204813,0.000025,0.364859,0.041394,0.083175,3,
0.499646,0.000000,0.014571,0.017316,0.000846,0.414411,0.018234,0.000011,0.034802,0.000163,0,
0.003567,0.000008,0.004096,0.000060,0.047281,0.001730,0.941758,0.000001,0.000842,0.000657,6,
0.035428,0.000063,0.009152,0.027768,0.395730,0.059944,0.003484,0.090036,0.028091,0.350304,4,
0.094777,0.000001,0.048023,0.002843,0.433242,0.036451,0.333893,0.000254,0.027520,0.022997,2,
0.006768,0.547113,0.120300,0.273896,0.001767,0.015422,0.001938,0.026693,0.003895,0.002207,7,
0.051445,0.000042,0.002496,0.404762,0.000104,0.352798,0.000044,0.007465,0.177468,0.003376,3,
0.054400,0.000000,0.000156,0.000436,0.139485,0.065434,0.002338,0.000217,0.459824,0.277710,9,
0.003599,0.039067,0.054288,0.000856,0.155633,0.001804,0.738038,0.000098,0.001795,0.004822,6,
0.416705,0.000000,0.016364,0.014341,0.003419,0.201071,0.003800,0.000085,0.341572,0.002644,0,
0.124701,0.000000,0.000858,0.004561,0.001436,0.096234,0.000108,0.000144,0.763350,0.008609,8,
0.001067,0.873827,0.008934,0.056895,0.002374,0.004332,0.000323,0.046718,0.000865,0.004665,1,
0.005969,0.047847,0.006959,0.044748,0.175243,0.019449,0.001150,0.396735,0.006903,0.294996,9,
0.153239,0.000000,0.000906,0.048730,0.000810,0.468506,0.000111,0.001340,0.317966,0.008392,8,
0.007832,0.000707,0.584335,0.000687,0.002775,0.000660,0.391775,0.000001,0.011140,0.000089,2,
0.097000,0.000004,0.000836,0.038520,0.002958,0.546361,0.001283,0.001189,0.289775,0.022074,5,
0.002368,0.001967,0.968236,0.003458,0.000241,0.000278,0.022303,0.000008,0.001130,0.000012,2,
0.000403,0.952504,0.007788,0.012915,0.001990,0.000745,0.000133,0.018409,0.001003,0.004109,1,
0.018088,0.000346,0.004022,0.022418,0.277220,0.041356,0.001370,0.125516,0.028566,0.481097,0,
0.039311,0.007141,0.079691,0.705429,0.000251,0.143472,0.002513,0.003949,0.017672,0.000571,3,
0.009697,0.445852,0.203376,0.169932,0.001534,0.006700,0.000236,0.030741,0.122012,0.009921,1,
0.147275,0.000006,0.476452,0.036251,0.109962,0.052378,0.143887,0.001720,0.023817,0.008253,6,
0.813364,0.000000,0.133466,0.000824,0.003454,0.018392,0.005953,0.000001,0.024494,0.000053,2,
0.002607,0.000048,0.000319,0.092987,0.001850,0.021115,0.000002,0.837414,0.003277,0.040382,7,
0.000452,0.952983,0.022864,0.002342,0.011429,0.000346,0.004147,0.001659,0.000684,0.003094,1,
0.061467,0.025478,0.113144,0.536496,0.001108,0.150537,0.003920,0.006832,0.097488,0.003531,3,
0.018179,0.001733,0.005757,0.012774,0.433682,0.036082,0.007371,0.037502,0.031932,0.414988,7,
0.000947,0.000031,0.000052,0.026695,0.001670,0.008550,0.000000,0.873764,0.003613,0.084677,7,
0.008949,0.000000,0.099666,0.878499,0.000000,0.004724,0.000000,0.000000,0.008161,0.000000,3,
0.250952,0.000000,0.002203,0.005926,0.218557,0.195489,0.001808,0.003598,0.158336,0.163131,9,
0.002002,0.000035,0.908498,0.088474,0.000000,0.000634,0.000181,0.000010,0.000165,0.000000,2,
0.079736,0.000000,0.000258,0.008246,0.000014,0.231396,0.000126,0.000004,0.679984,0.000237,8,
0.028800,0.000063,0.003050,0.011042,0.334122,0.054155,0.003030,0.030919,0.059529,0.475291,9,
0.027967,0.000000,0.000232,0.025732,0.027374,0.106930,0.000012,0.180460,0.117980,0.513313,7,
0.017641,0.283122,0.127689,0.032939,0.314403,0.019330,0.088250,0.020214,0.015294,0.081117,4,
0.017361,0.000000,0.938319,0.003243,0.007693,0.001162,0.032091,0.000059,0.000051,0.000020,2,
0.000090,0.000001,0.829841,0.000018,0.000103,0.000002,0.169944,0.000000,0.000001,0.000000,2,
0.010285,0.000306,0.000945,0.011785,0.151740,0.030800,0.000343,0.099938,0.042150,0.651708,9,
0.027305,0.003030,0.013539,0.038242,0.118540,0.036534,0.000999,0.090896,0.202298,0.468619,9,
0.099870,0.004626,0.084163,0.062142,0.114167,0.099111,0.025073,0.011530,0.359930,0.139388,0,
0.070763,0.000002,0.011394,0.034567,0.385780,0.095269,0.002827,0.085326,0.033105,0.280967,9,
0.075771,0.000033,0.022776,0.006290,0.528975,0.061739,0.132254,0.001569,0.064067,0.106526,4,
0.000293,0.969907,0.007859,0.001579,0.011067,0.000314,0.002187,0.001905,0.000561,0.004328,1,
0.000245,0.000070,0.996269,0.003014,0.000001,0.000019,0.000346,0.000001,0.000036,0.000000,2,
0.004585,0.008479,0.002081,0.121687,0.013403,0.029926,0.000059,0.716069,0.005700,0.098012,7,
0.002495,0.000005,0.685233,0.001157,0.007683,0.000312,0.303061,0.000015,0.000022,0.000017,2,
0.031727,0.010174,0.016288,0.063696,0.298151,0.085690,0.009724,0.111183,0.034947,0.338420,5,
0.000989,0.004106,0.000448,0.063490,0.002965,0.008339,0.000004,0.876254,0.001407,0.041999,7,
0.000841,0.001658,0.013974,0.000104,0.056772,0.000399,0.925706,0.000006,0.000103,0.000437,6,
0.081838,0.000071,0.005358,0.012091,0.059528,0.121591,0.008539,0.001860,0.566796,0.142329,8,
0.112196,0.000052,0.043109,0.099890,0.000102,0.132193,0.001985,0.000089,0.609871,0.000513,8,
0.006979,0.081073,0.802654,0.003376,0.005184,0.000753,0.040108,0.000055,0.058671,0.001147,2,
0.024116,0.473518,0.062602,0.041276,0.125193,0.035525,0.038665,0.014323,0.074209,0.110573,1,
0.194805,0.000000,0.020282,0.008340,0.518489,0.113561,0.037007,0.002591,0.036801,0.068123,4,
0.095543,0.000000,0.195794,0.097002,0.401586,0.060700,0.012759,0.108591,0.001882,0.026143,9,
0.639421,0.000000,0.001159,0.011659,0.000021,0.346171,0.000025,0.000007,0.001533,0.000004,0,
0.007718,0.001277,0.002119,0.025090,0.147628,0.023898,0.000307,0.305138,0.015579,0.471246,9,
0.003380,0.004631,0.150779,0.831635,0.000001,0.005214,0.000012,0.001737,0.002605,0.000006,2,
0.016340,0.003038,0.001990,0.008551,0.262294,0.044002,0.004668,0.019761,0.078308,0.561047,4,
0.125636,0.000014,0.019583,0.039869,0.003367,0.132784,0.002960,0.000659,0.664109,0.011019,0,
0.556122,0.000000,0.161906,0.008852,0.154794,0.076710,0.038999,0.000452,0.001194,0.000972,0,
0.015038,0.000165,0.000554,0.086132,0.014574,0.105402,0.000028,0.388033,0.063814,0.326260,7,
0.024739,0.028878,0.011279,0.134009,0.114493,0.103960,0.002776,0.257382,0.032936,0.289548,7,
0.273741,0.000000,0.003599,0.026624,0.029689,0.293557,0.000466,0.006393,0.295417,0.070514,5,
0.106649,0.000000,0.001001,0.055648,0.014327,0.431416,0.000271,0.019217,0.249649,0.121823,9,
0.012539,0.000002,0.679314,0.022112,0.166332,0.004505,0.106563,0.007835,0.000030,0.000768,1,
0.009081,0.014227,0.040061,0.882968,0.000010,0.030614,0.000034,0.005989,0.016871,0.000144,3,
0.000115,0.948303,0.002182,0.003623,0.012203,0.000361,0.000428,0.027329,0.000045,0.005411,1,
0.003215,0.025092,0.145808,0.005331,0.061458,0.002873,0.754989,0.000403,0.000100,0.000731,6,
0.364736,0.000000,0.309859,0.015163,0.008924,0.035932,0.005222,0.000186,0.257749,0.002228,2,
0.134903,0.000000,0.000797,0.015384,0.000827,0.187995,0.000051,0.000543,0.650356,0.009144,2,
0.004450,0.066288,0.740373,0.180592,0.000144,0.002909,0.001329,0.002099,0.001738,0.000077,2,
0.007107,0.000002,0.007353,0.920207,0.000000,0.020808,0.000000,0.000022,0.044501,0.000000,3,
0.087531,0.008279,0.139831,0.024844,0.159421,0.055331,0.113743,0.002374,0.324129,0.084518,0,
0.008072,0.000160,0.001789,0.048939,0.054712,0.028871,0.000070,0.592939,0.010086,0.254360,7,
0.112968,0.000001,0.001593,0.032139,0.000918,0.329316,0.000675,0.000385,0.514463,0.007542,8,
0.007825,0.001333,0.478174,0.035906,0.319157,0.005325,0.114000,0.033494,0.000092,0.004696,2,
0.004911,0.000002,0.263667,0.001226,0.008843,0.001155,0.720126,0.000008,0.000039,0.000023,6,
0.725259,0.000000,0.051787,0.002132,0.004327,0.106324,0.105163,0.000001,0.004967,0.000040,0,
0.145988,0.000163,0.013693,0.104864,0.020378,0.435674,0.010807,0.005737,0.217824,0.044874,3,
0.114228,0.000000,0.000762,0.067161,0.000789,0.593381,0.000207,0.001651,0.213239,0.008581,5,
0.887308,0.000000,0.034688,0.003183,0.014701,0.058679,0.000986,0.000084,0.000302,0.000067,6,
0.000370,0.000755,0.000122,0.021815,0.002290,0.002891,0.000001,0.926284,0.000728,0.044744,7,
0.151250,0.000000,0.004689,0.261954,0.000009,0.397606,0.000031,0.000270,0.184049,0.000141,9,
0.113756,0.000000,0.005252,0.017253,0.331504,0.133262,0.002331,0.026907,0.077343,0.292391,5,
0.131681,0.000059,0.014796,0.231445,0.005148,0.491824,0.003730,0.007745,0.099779,0.013791,5,
0.186630,0.000005,0.052720,0.224938,0.004868,0.483134,0.027032,0.001906,0.016790,0.001978,3,
0.012071,0.001127,0.927573,0.039321,0.000087,0.003506,0.009679,0.000035,0.006581,0.000020,3,
0.169254,0.000000,0.001281,0.007890,0.173855,0.180702,0.000576,0.009880,0.178853,0.277709,8,
0.015106,0.013712,0.018919,0.013943,0.626963,0.024495,0.036863,0.026489,0.012244,0.211266,4,
0.131982,0.000001,0.001724,0.045485,0.001471,0.649096,0.003551,0.000347,0.161176,0.005167,5,
0.087175,0.000001,0.139596,0.064215,0.515616,0.061624,0.022151,0.064859,0.003463,0.041299,4,
0.053866,0.000002,0.136187,0.717763,0.000004,0.056556,0.000056,0.000528,0.035014,0.000023,2,
0.345884,0.000000,0.068734,0.008807,0.260308,0.099171,0.054419,0.000762,0.127624,0.034290,2,
0.041771,0.000043,0.029545,0.006323,0.666463,0.034223,0.139226,0.002777,0.012791,0.066839,4,
0.107067,0.000000,0.005107,0.000119,0.224518,0.024852,0.615240,0.000002,0.019105,0.003989,6,
0.003400,0.000002,0.186754,0.805171,0.000000,0.002547,0.000001,0.000008,0.002117,0.000000,2,
0.618974,0.000000,0.002633,0.017077,0.000010,0.329694,0.000052,0.000004,0.031548,0.000008,0,
0.437523,0.000000,0.109244,0.029633,0.006314,0.241825,0.106567,0.000055,0.067963,0.000875,5,
0.030353,0.000814,0.003907,0.037840,0.175224,0.093664,0.001906,0.092619,0.071320,0.492353,7,
0.020856,0.000000,0.000008,0.001570,0.000010,0.073604,0.000001,0.000014,0.902769,0.001168,8,
0.007640,0.000030,0.007440,0.000338,0.014423,0.006362,0.961876,0.000002,0.001515,0.000374,6,
0.326058,0.000000,0.002765,0.010415,0.172276,0.236864,0.000766,0.007869,0.112989,0.129998,7,
0.143772,0.000000,0.080166,0.050390,0.504000,0.097546,0.015487,0.043168,0.008236,0.057235,7,
0.010434,0.013835,0.027208,0.003085,0.478453,0.010994,0.414634,0.001045,0.004792,0.035519,6,
0.257069,0.000000,0.005399,0.050367,0.074627,0.380920,0.000959,0.023889,0.103024,0.103748,3,
0.000217,0.975728,0.005618,0.001933,0.007002,0.000261,0.000692,0.003589,0.000499,0.004460,1,
0.665838,0.000000,0.000733,0.000883,0.000177,0.288443,0.002218,0.000000,0.041677,0.000031,0,
0.055507,0.000001,0.001263,0.000449,0.408124,0.047509,0.082123,0.000082,0.243107,0.161834,4,
0.097611,0.000000,0.000307,0.045442,0.005768,0.439876,0.000037,0.020622,0.286394,0.103942,5,
0.003329,0.846784,0.013422,0.006275,0.057625,0.005254,0.017160,0.003679,0.010136,0.036337,1,
0.020022,0.146526,0.175055,0.087926,0.233852,0.019686,0.011947,0.139176,0.023923,0.141886,1,
0.001140,0.008022,0.000310,0.018005,0.022739,0.006775,0.000012,0.659065,0.004750,0.279183,7,
0.194546,0.000000,0.008703,0.023000,0.323814,0.175871,0.002365,0.026788,0.060592,0.184321,5,
0.252487,0.000000,0.000799,0.109379,0.001149,0.573527,0.000007,0.019087,0.037192,0.006373,5,
0.012849,0.000096,0.000386,0.022569,0.043768,0.061321,0.000062,0.153416,0.084837,0.620697,9,
0.190499,0.000012,0.150177,0.119321,0.151485,0.236091,0.106565,0.010889,0.014681,0.020281,3,
0.000491,0.006980,0.959561,0.001169,0.000606,0.000047,0.031050,0.000012,0.000076,0.000008,2,
0.073912,0.001474,0.371170,0.075923,0.000365,0.032259,0.007994,0.000118,0.436169,0.000616,8,
0.032616,0.001317,0.148101,0.017205,0.540511,0.021957,0.179244,0.007345,0.008013,0.043691,0,
0.208012,0.000000,0.096155,0.033093,0.419125,0.128403,0.065116,0.007736,0.011853,0.030508,4,
0.011366,0.000000,0.000787,0.000018,0.146480,0.004846,0.813390,0.000000,0.017431,0.005681,5,
0.020469,0.000637,0.024585,0.057262,0.377693,0.035593,0.003832,0.269820,0.006870,0.203241,8,
0.079174,0.000000,0.159015,0.000443,0.069501,0.006058,0.685690,0.000004,0.000075,0.000041,9,
0.005827,0.000015,0.043065,0.931451,0.000001,0.008717,0.000001,0.004084,0.006829,0.000011,3,
0.106628,0.000001,0.029296,0.032359,0.504230,0.099185,0.010865,0.036873,0.027082,0.153481,5,
0.000115,0.960710,0.001346,0.003887,0.006178,0.000433,0.000228,0.022076,0.000074,0.004953,1,
0.122283,0.000008,0.018327,0.027988,0.000440,0.125696,0.004372,0.000049,0.699475,0.001362,8,
0.009618,0.033822,0.114238,0.057534,0.501562,0.013641,0.029004,0.176186,0.001101,0.063295,4,
0.025078,0.000001,0.000031,0.113540,0.000046,0.586834,0.000002,0.007020,0.257425,0.010023,1,
0.000875,0.000718,0.946962,0.000815,0.001491,0.000064,0.048924,0.000010,0.000127,0.000015,2,
0.017901,0.000042,0.001322,0.702202,0.000010,0.258832,0.000015,0.005330,0.014072,0.000275,3,
0.043251,0.000349,0.275117,0.017725,0.393703,0.020183,0.213780,0.004204,0.008439,0.023249,6,
0.045457,0.000041,0.009376,0.010503,0.546031,0.058853,0.018008,0.012883,0.041881,0.256967,4,
0.023133,0.001341,0.010434,0.007707,0.611333,0.033545,0.038541,0.009589,0.027380,0.236997,4,
0.020514,0.000048,0.003362,0.032518,0.190407,0.048032,0.000445,0.240879,0.025078,0.438716,9,
0.002829,0.831676,0.088472,0.053863,0.002508,0.003497,0.001794,0.008935,0.003945,0.002481,1,
0.004095,0.000005,0.027020,0.953715,0.000000,0.007796,0.000000,0.000029,0.007341,0.000000,3,
0.011533,0.016203,0.010379,0.023913,0.424013,0.025713,0.006309,0.111738,0.013300,0.356899,9,
0.089390,0.000000,0.018567,0.000383,0.249787,0.020733,0.612888,0.000010,0.005484,0.002758,6,
0.079103,0.031310,0.139999,0.050933,0.170920,0.100180,0.297837,0.003932,0.074428,0.051360,6,
0.046087,0.000007,0.000970,0.002417,0.245105,0.077361,0.008426,0.001561,0.244744,0.373322,8,
0.123128,0.000138,0.045622,0.359004,0.000372,0.291767,0.002073,0.001413,0.174990,0.001493,5,
0.003554,0.778579,0.101089,0.029174,0.015364,0.002291,0.001160,0.026167,0.019688,0.022934,1,
0.001004,0.000384,0.000194,0.041772,0.002678,0.008120,0.000001,0.885693,0.001995,0.058158,7,
0.030635,0.181825,0.027001,0.141266,0.150303,0.117708,0.016702,0.112967,0.030562,0.191031,5,
0.367548,0.000000,0.303219,0.008880,0.145500,0.051367,0.103421,0.000292,0.016353,0.003420,4,
0.008198,0.000111,0.095188,0.001092,0.151519,0.002745,0.738452,0.000079,0.000788,0.001828,6,
0.001916,0.001426,0.000376,0.095584,0.002267,0.018727,0.000003,0.824298,0.003593,0.051810,7,
0.000609,0.960676,0.014104,0.008445,0.002634,0.000718,0.000384,0.006017,0.002373,0.004039,1,
0.191736,0.000001,0.130328,0.018067,0.001092,0.133692,0.497578,0.000004,0.027413,0.000090,5,
0.087330,0.005055,0.516002,0.095064,0.001550,0.049277,0.038282,0.000242,0.206025,0.001172,2,
0.001217,0.000000,0.133704,0.000073,0.005122,0.000114,0.859763,0.000000,0.000004,0.000002,2,
0.341920,0.000000,0.289194,0.002192,0.001011,0.031370,0.330773,0.000000,0.003534,0.000006,0,
0.003371,0.000100,0.000701,0.152062,0.001785,0.026735,0.000004,0.786658,0.002586,0.025997,7,
0.034374,0.000324,0.002770,0.099331,0.054622,0.155462,0.000384,0.223864,0.075273,0.353596,9,
0.162342,0.000062,0.034804,0.031589,0.004552,0.174963,0.029080,0.000158,0.556252,0.006197,8,
0.045143,0.000970,0.002766,0.185038,0.006049,0.239562,0.000167,0.074732,0.316563,0.129010,5,
0.022796,0.000112,0.236318,0.684792,0.000000,0.022621,0.000060,0.000085,0.033213,0.000003,3,
0.194845,0.000000,0.004225,0.009907,0.302244,0.171044,0.002997,0.007947,0.109787,0.197006,5,
0.004216,0.023062,0.002021,0.020053,0.154107,0.015020,0.000444,0.282315,0.011501,0.487261,9,
0.003693,0.000039,0.005760,0.000137,0.021774,0.002455,0.965035,0.000001,0.000729,0.000376,6,
0.052858,0.000006,0.002616,0.001773,0.477113,0.058685,0.043210,0.000740,0.133665,0.229334,4,
0.555670,0.000000,0.002320,0.009446,0.034332,0.317247,0.000386,0.001601,0.061824,0.017173,0,
0.002606,0.865893,0.087698,0.012562,0.008735,0.001825,0.006416,0.002571,0.006901,0.004793,1,
0.003912,0.007524,0.055529,0.000371,0.073057,0.001201,0.853170,0.000015,0.003195,0.002026,6,
0.002757,0.030926,0.045830,0.000671,0.145885,0.001420,0.767855,0.000079,0.001023,0.003553,6,
0.003630,0.002476,0.011154,0.000399,0.084034,0.003032,0.891792,0.000020,0.001117,0.002344,6,
0.077860,0.000613,0.019531,0.011076,0.343588,0.116309,0.256290,0.001414,0.076728,0.096593,5,
0.017566,0.004919,0.008431,0.002930,0.610415,0.022494,0.112207,0.001903,0.035943,0.183193,4,
0.001080,0.007457,0.034288,0.000391,0.123397,0.000610,0.831701,0.000061,0.000073,0.000942,6,
0.156001,0.000001,0.465756,0.141590,0.063122,0.046560,0.002419,0.048909,0.050494,0.025148,5,
0.018099,0.000026,0.000975,0.011879,0.159346,0.046033,0.000342,0.075718,0.061090,0.626492,9,
0.005996,0.000954,0.001011,0.180602,0.004058,0.051564,0.000015,0.682404,0.008599,0.064797,7,
0.094563,0.000922,0.015274,0.154961,0.081131,0.337018,0.007959,0.054561,0.094890,0.158721,4,
0.049521,0.000000,0.000270,0.078623,0.000010,0.339370,0.000010,0.000256,0.531119,0.000821,8,
0.005465,0.049174,0.003943,0.068684,0.067455,0.025529,0.000378,0.528553,0.008418,0.242402,7,
0.010531,0.012667,0.014918,0.001603,0.167204,0.012580,0.758970,0.000122,0.007617,0.013789,6,
0.106760,0.000112,0.008246,0.083578,0.090078,0.330995,0.005582,0.032657,0.142977,0.199015,5,
0.232085,0.000000,0.008633,0.031836,0.190038,0.275964,0.003548,0.017007,0.095944,0.144944,5,
0.113574,0.000000,0.611380,0.001124,0.017000,0.005249,0.239987,0.000004,0.011509,0.000174,2,
0.004333,0.000000,0.068774,0.000049,0.015815,0.000328,0.910694,0.000000,0.000003,0.000003,6,
0.109711,0.000012,0.015958,0.082990,0.000026,0.188825,0.001218,0.000026,0.601039,0.000194,8,
0.000419,0.000103,0.002094,0.000010,0.033545,0.000172,0.963356,0.000000,0.000091,0.000210,6,
0.037808,0.000073,0.018875,0.004772,0.664166,0.034203,0.128834,0.002189,0.019156,0.089925,4,
0.001257,0.000648,0.001261,0.899231,0.000001,0.011278,0.000000,0.082643,0.003538,0.000142,3,
0.002391,0.000051,0.002277,0.000033,0.106573,0.001221,0.883882,0.000002,0.001425,0.002144,6,
0.013676,0.000216,0.001732,0.017343,0.185495,0.036692,0.000488,0.133180,0.035058,0.576120,9,
0.007182,0.080768,0.386960,0.496151,0.000055,0.006463,0.000128,0.007795,0.014276,0.000221,3,
0.146957,0.000000,0.005546,0.078461,0.100880,0.163803,0.000066,0.345629,0.021212,0.137447,9,
0.001320,0.001422,0.000598,0.025871,0.019133,0.006346,0.000012,0.808919,0.002092,0.134287,7,
0.015973,0.000101,0.100131,0.831762,0.000000,0.023726,0.000016,0.000128,0.028160,0.000003,3,
0.006970,0.598406,0.076895,0.019735,0.169940,0.007032,0.024447,0.021334,0.010319,0.064922,6,
0.002756,0.817670,0.023990,0.110684,0.001293,0.008092,0.000429,0.026846,0.004420,0.003820,1,
0.000613,0.001531,0.000203,0.018436,0.007894,0.003845,0.000003,0.857935,0.001510,0.108031,7,
0.013546,0.081702,0.684018,0.051357,0.012935,0.009366,0.142082,0.001375,0.002525,0.001094,2,
0.008190,0.000010,0.000234,0.041472,0.013129,0.046863,0.000005,0.535443,0.031413,0.323241,9,
0.069728,0.028632,0.057759,0.311537,0.069345,0.233605,0.018142,0.080253,0.045947,0.085051,3,
0.153900,0.000000,0.013893,0.220546,0.000181,0.598872,0.004057,0.000262,0.008159,0.000130,3,
0.000542,0.013952,0.000361,0.040625,0.003474,0.004510,0.000004,0.890244,0.000903,0.045386,7,
0.000791,0.891182,0.020609,0.029779,0.002591,0.001125,0.000120,0.044932,0.002314,0.006558,1,
0.000149,0.000315,0.997055,0.001979,0.000021,0.000010,0.000435,0.000018,0.000017,0.000001,2,
0.000033,0.000000,0.985274,0.000005,0.000001,0.000000,0.014684,0.000000,0.000003,0.000000,2,
0.000357,0.968583,0.005343,0.006440,0.005318,0.000853,0.000836,0.008196,0.000333,0.003741,1,
0.003452,0.697315,0.023756,0.025021,0.133948,0.008627,0.016381,0.046475,0.001456,0.043568,1,
0.068837,0.000000,0.000170,0.014674,0.000153,0.264837,0.000038,0.000184,0.646720,0.004387,8,
0.321250,0.000000,0.022157,0.002634,0.355588,0.100375,0.101748,0.000184,0.070419,0.025646,5,
0.017690,0.000447,0.011242,0.001052,0.282846,0.015921,0.637571,0.000099,0.012220,0.020913,6,
0.618866,0.000000,0.010537,0.007930,0.077418,0.174089,0.001411,0.001215,0.088679,0.019854,5,
0.072245,0.000000,0.837733,0.013276,0.029610,0.008423,0.031969,0.000494,0.005305,0.000945,3,
0.000113,0.980053,0.004251,0.001889,0.004797,0.000157,0.000333,0.005469,0.000161,0.002778,1,
0.073676,0.000001,0.004420,0.008424,0.412519,0.090734,0.007018,0.009687,0.087002,0.306517,8,
0.059731,0.001638,0.024791,0.009933,0.294507,0.087863,0.413498,0.000954,0.047358,0.059728,5,
0.000416,0.966635,0.008728,0.006210,0.005954,0.000773,0.001233,0.006295,0.000397,0.003357,1,
0.003167,0.016927,0.027731,0.001017,0.136446,0.002747,0.808017,0.000114,0.000583,0.003251,6,
0.043934,0.015057,0.106434,0.147344,0.246325,0.066553,0.013714,0.164495,0.029573,0.166572,4,
0.001459,0.925607,0.016924,0.026062,0.004140,0.003031,0.000940,0.013523,0.002501,0.005813,1,
0.002361,0.777179,0.030251,0.003463,0.108164,0.002257,0.049768,0.002189,0.003370,0.020997,1,
0.241093,0.000001,0.261201,0.037629,0.213535,0.074088,0.031148,0.005978,0.094942,0.040386,5,
0.013085,0.001842,0.001230,0.052535,0.049157,0.066841,0.000161,0.272929,0.056274,0.485946,9,
0.010092,0.000000,0.021695,0.000177,0.112122,0.002575,0.852440,0.000006,0.000359,0.000535,5,
0.008813,0.000068,0.000435,0.030257,0.035483,0.041623,0.000026,0.366214,0.036182,0.480899,7,
0.013285,0.029285,0.012057,0.044176,0.311042,0.035909,0.004849,0.185680,0.014840,0.348877,4,
0.020779,0.000000,0.003982,0.938831,0.000000,0.026911,0.000000,0.000001,0.009496,0.000000,3,
0.065177,0.000000,0.001359,0.000998,0.000221,0.031503,0.000840,0.000002,0.899217,0.000684,8,
0.313442,0.000000,0.000695,0.006625,0.028088,0.354201,0.000434,0.001136,0.244960,0.050419,8,
0.011966,0.000216,0.001084,0.012280,0.164516,0.033979,0.000408,0.093972,0.044359,0.637220,9,
0.405387,0.000000,0.239119,0.043380,0.004651,0.155296,0.053480,0.000096,0.097739,0.000852,0,
0.066794,0.000453,0.066323,0.568909,0.000017,0.151678,0.000543,0.000362,0.144792,0.000128,3,
0.101367,0.000533,0.019750,0.149139,0.007722,0.221875,0.001902,0.010830,0.443794,0.043089,8,
0.002844,0.000144,0.021462,0.000146,0.012845,0.000989,0.960662,0.000001,0.000733,0.000174,6,
0.006059,0.769093,0.029764,0.038436,0.062390,0.018262,0.034199,0.017651,0.002448,0.021698,1,
0.053457,0.000017,0.043751,0.058339,0.493119,0.062719,0.008187,0.130661,0.009109,0.140641,7,
0.324773,0.000000,0.002148,0.003359,0.080632,0.283701,0.012761,0.000197,0.250869,0.041559,0,
0.430176,0.000000,0.019149,0.039501,0.002072,0.476994,0.013768,0.000092,0.017847,0.000400,5,
0.014675,0.001743,0.003211,0.011093,0.340004,0.033516,0.003636,0.042558,0.038400,0.511164,9,
0.585744,0.000000,0.010670,0.015606,0.103418,0.216467,0.000821,0.005237,0.037316,0.024721,0,
0.255148,0.000000,0.001706,0.053710,0.029940,0.410274,0.000072,0.047258,0.104666,0.097227,5,
0.001030,0.934580,0.038283,0.005701,0.007597,0.000785,0.003423,0.002184,0.002578,0.003839,1,
0.004068,0.745002,0.113754,0.107949,0.001746,0.005818,0.001492,0.013042,0.004943,0.002186,1,
0.010999,0.000000,0.081634,0.000072,0.021556,0.000741,0.884986,0.000000,0.000007,0.000005,6,
0.001004,0.000003,0.951953,0.000218,0.000012,0.000035,0.046617,0.000000,0.000157,0.000000,2,
0.777031,0.000000,0.050805,0.001792,0.050899,0.067899,0.024868,0.000022,0.025539,0.001145,0,
0.000789,0.001087,0.000246,0.072456,0.001039,0.008036,0.000001,0.891971,0.001062,0.023312,7,
0.128460,0.000074,0.030331,0.053079,0.016023,0.136510,0.004898,0.003121,0.586325,0.041177,0,
0.032768,0.000041,0.004724,0.019788,0.330873,0.060555,0.002180,0.069018,0.042337,0.437716,7,
0.010541,0.005111,0.002301,0.008681,0.308490,0.026819,0.003271,0.037323,0.038764,0.558698,9,
0.068668,0.000005,0.038111,0.056120,0.479446,0.076658,0.006916,0.115138,0.011857,0.147083,7,
0.005385,0.003425,0.893295,0.089615,0.000011,0.001645,0.000517,0.000107,0.005991,0.000009,2,
0.002813,0.599535,0.043147,0.045147,0.056803,0.004043,0.001244,0.187653,0.003594,0.056021,1,
0.000262,0.971851,0.005826,0.002179,0.010144,0.000394,0.001738,0.003226,0.000314,0.004066,1,
0.103044,0.000046,0.011344,0.010691,0.362427,0.146235,0.086033,0.002246,0.121173,0.156762,8,
0.061822,0.052085,0.278550,0.048110,0.192718,0.046154,0.159335,0.006504,0.092325,0.062397,6,
0.018532,0.000137,0.002483,0.029735,0.163191,0.050964,0.000456,0.195678,0.034651,0.504174,9,
0.006965,0.530774,0.013951,0.010415,0.246809,0.016228,0.064282,0.008814,0.008462,0.093301,1,
0.777170,0.000000,0.001132,0.001013,0.006962,0.189100,0.000725,0.000013,0.023149,0.000736,0,
0.000255,0.967083,0.004345,0.009346,0.002570,0.000768,0.000351,0.012848,0.000175,0.002259,1,
0.140106,0.000000,0.077640,0.001933,0.313864,0.030529,0.430846,0.000083,0.002496,0.002502,4,
0.796541,0.000000,0.004315,0.006741,0.015699,0.168462,0.000105,0.000850,0.005761,0.001525,0,
0.573851,0.000000,0.367919,0.015657,0.004398,0.026697,0.000609,0.000262,0.010408,0.000199,2,
0.063120,0.000661,0.013860,0.028367,0.369895,0.124233,0.028157,0.018737,0.075897,0.277074,8,
0.014674,0.012237,0.011489,0.030534,0.318525,0.029660,0.003667,0.131677,0.027074,0.420462,9,
0.048716,0.000003,0.003697,0.560396,0.000003,0.246832,0.000010,0.000833,0.139374,0.000136,2,
0.000202,0.000309,0.000673,0.016439,0.004637,0.000740,0.000002,0.965619,0.000050,0.011329,4,
0.342338,0.000000,0.114758,0.028483,0.017479,0.135718,0.028133,0.000327,0.325481,0.007283,0,
0.030663,0.000018,0.003252,0.022239,0.250744,0.061941,0.000892,0.105300,0.043531,0.481419,9,
0.443276,0.000000,0.037417,0.045156,0.050422,0.316830,0.010686,0.002549,0.077348,0.016316,5,
0.000072,0.986997,0.002015,0.001779,0.001431,0.000114,0.000064,0.005213,0.000222,0.002094,1,
0.006042,0.000000,0.000113,0.218811,0.000197,0.068165,0.000000,0.687221,0.006009,0.013442,7,
0.310845,0.000000,0.254301,0.002314,0.105550,0.028634,0.290392,0.000026,0.007109,0.000829,0,
0.178311,0.000000,0.000304,0.001643,0.103529,0.160211,0.000465,0.000997,0.362257,0.192283,5,
0.510457,0.000000,0.000733,0.001721,0.061786,0.210691,0.000434,0.000354,0.177888,0.035936,8,
0.406711,0.000000,0.108203,0.008137,0.287068,0.088883,0.083096,0.000567,0.010571,0.006762,5,
0.097160,0.000911,0.007404,0.077651,0.061477,0.377568,0.011077,0.014853,0.195377,0.156523,8,
0.005337,0.320259,0.043951,0.014043,0.447589,0.007985,0.063265,0.026195,0.002144,0.069231,8,
0.000336,0.973587,0.009853,0.002585,0.005685,0.000359,0.001192,0.002325,0.000777,0.003301,1,
0.160383,0.000025,0.107054,0.026318,0.058724,0.067817,0.018406,0.001871,0.513810,0.045591,8,
0.019153,0.000867,0.003716,0.008724,0.403369,0.037826,0.006887,0.022281,0.046239,0.450938,9,
0.015294,0.015351,0.008504,0.022630,0.314970,0.032457,0.004740,0.076682,0.040347,0.469025,9,
0.001579,0.898769,0.009429,0.023241,0.020557,0.005958,0.004477,0.023483,0.000729,0.011778,1,
0.129705,0.000565,0.010217,0.081883,0.021131,0.521366,0.029238,0.002755,0.167097,0.036045,0,
0.033437,0.023278,0.039261,0.143102,0.057806,0.051885,0.000996,0.195315,0.185481,0.269440,9,
0.005816,0.001590,0.000536,0.034573,0.034118,0.033461,0.000044,0.396721,0.028732,0.464408,7,
0.207660,0.000000,0.001146,0.009211,0.000052,0.210781,0.000147,0.000009,0.570700,0.000295,8,
0.019514,0.002340,0.007987,0.010085,0.533202,0.033831,0.018031,0.019820,0.029176,0.326015,4,
0.013608,0.000000,0.088956,0.000252,0.048584,0.001784,0.846145,0.000003,0.000484,0.000183,6,
0.000770,0.000091,0.000224,0.015094,0.010166,0.003523,0.000002,0.871936,0.001168,0.097026,7,
0.218731,0.000001,0.172567,0.085327,0.161811,0.093748,0.005282,0.035568,0.138632,0.088333,5,
0.150002,0.000000,0.451682,0.010179,0.200792,0.024642,0.161172,0.000666,0.000245,0.000620,4,
0.011750,0.000000,0.690685,0.001757,0.025558,0.001196,0.268860,0.000035,0.000094,0.000065,2,
0.175451,0.000000,0.004945,0.121459,0.001298,0.621061,0.001385,0.001427,0.069749,0.003225,2,
0.076055,0.000000,0.008617,0.000012,0.005125,0.004082,0.865255,0.000000,0.040801,0.000053,6,
0.325277,0.000000,0.000861,0.002566,0.128088,0.209013,0.000908,0.000998,0.226098,0.106191,5,
0.040400,0.000000,0.000060,0.173906,0.000006,0.726224,0.000002,0.001379,0.057520,0.000504,3,
0.054035,0.000065,0.024113,0.036804,0.000217,0.042966,0.000599,0.000163,0.839419,0.001619,8,
0.076287,0.001624,0.042313,0.005322,0.111720,0.053904,0.398825,0.000145,0.274884,0.034977,0,
0.018146,0.004273,0.008167,0.110248,0.102086,0.067055,0.000918,0.410846,0.018199,0.260061,4,
0.000733,0.000001,0.066299,0.000101,0.024642,0.000140,0.908064,0.000003,0.000002,0.000015,6,
0.030284,0.000010,0.000801,0.488910,0.000233,0.308058,0.000006,0.090185,0.069496,0.012016,9,
0.347813,0.000000,0.000823,0.009811,0.040695,0.340331,0.000162,0.004280,0.180548,0.075537,0,
0.012487,0.000247,0.035124,0.900960,0.000001,0.040841,0.000025,0.000781,0.009520,0.000013,3,
0.004308,0.022475,0.001606,0.040499,0.061658,0.021303,0.000163,0.477525,0.011834,0.358629,7,
0.025107,0.118720,0.337679,0.441924,0.001842,0.043705,0.008851,0.009448,0.011200,0.001524,3,
0.006888,0.000000,0.008363,0.000009,0.011163,0.000599,0.972927,0.000000,0.000044,0.000007,6,
0.031189,0.000000,0.285074,0.000539,0.018304,0.002584,0.657367,0.000002,0.004769,0.000172,2,
0.009828,0.000060,0.276494,0.697381,0.000000,0.008623,0.000019,0.000061,0.007534,0.000001,3,
0.116358,0.000000,0.000626,0.001895,0.001878,0.030999,0.000006,0.000330,0.834510,0.013398,8,
0.045940,0.115092,0.049883,0.063485,0.211982,0.081331,0.033859,0.029897,0.128088,0.240444,8,
0.004122,0.744285,0.080333,0.053875,0.008045,0.003342,0.000414,0.048124,0.032078,0.025382,1,
0.003700,0.000053,0.000448,0.177509,0.001016,0.035271,0.000002,0.754431,0.003605,0.023963,7,
0.105758,0.000011,0.010197,0.023955,0.002153,0.128214,0.003110,0.000252,0.718410,0.007940,8,
0.054374,0.031772,0.279596,0.470439,0.003010,0.084347,0.006995,0.011650,0.053379,0.004439,3,
0.540900,0.000000,0.075730,0.002642,0.065173,0.088876,0.215819,0.000017,0.010045,0.000798,0,
0.004152,0.000499,0.000544,0.059145,0.012183,0.026616,0.000012,0.706613,0.010180,0.180057,9,
0.000862,0.000118,0.000100,0.023687,0.003368,0.006428,0.000001,0.870573,0.002516,0.092346,7,
0.023336,0.000003,0.000283,0.015138,0.045285,0.089094,0.000062,0.069201,0.153527,0.604072,9,
0.008591,0.012142,0.012332,0.001444,0.539543,0.009145,0.354845,0.000577,0.007870,0.053511,4,
0.341746,0.000000,0.010861,0.001263,0.205901,0.127695,0.243668,0.000027,0.058373,0.010467,8,
0.021179,0.010548,0.017352,0.005667,0.564430,0.029651,0.210369,0.002462,0.022084,0.116257,4,
0.086839,0.019629,0.482768,0.119852,0.006198,0.064769,0.064154,0.000937,0.150954,0.003899,6,
0.019546,0.000628,0.004846,0.016976,0.356450,0.041031,0.003274,0.066497,0.032573,0.458179,9,
0.000162,0.977090,0.003966,0.002169,0.005097,0.000224,0.000285,0.005976,0.000411,0.004620,1,
0.005116,0.002393,0.822492,0.002930,0.001865,0.000767,0.162505,0.000010,0.001866,0.000057,6,
0.001201,0.884968,0.074262,0.021828,0.002661,0.000959,0.000780,0.008283,0.002576,0.002482,1,
0.020773,0.000106,0.003618,0.025203,0.243649,0.046811,0.000869,0.152374,0.029937,0.476661,9,
0.000274,0.977530,0.005308,0.005557,0.001718,0.000471,0.000212,0.005610,0.000732,0.002588,1,
0.051757,0.000000,0.000197,0.289796,0.000169,0.530974,0.000001,0.059192,0.058554,0.009359,5,
0.002692,0.000005,0.000054,0.064728,0.000861,0.029987,0.000000,0.816205,0.010525,0.074942,7,
0.003934,0.003061,0.001638,0.109664,0.010481,0.025013,0.000033,0.760934,0.004350,0.080893,7,
0.000458,0.000431,0.000145,0.030760,0.001636,0.003729,0.000001,0.929933,0.000705,0.032202,7,
0.381064,0.000000,0.173761,0.040293,0.101831,0.095285,0.006742,0.005707,0.163602,0.031713,5,
0.017677,0.003370,0.025811,0.006319,0.678088,0.019824,0.144575,0.004607,0.009145,0.090584,4,
0.002888,0.014263,0.002102,0.077396,0.019848,0.016201,0.000064,0.758303,0.003323,0.105612,7,
0.001592,0.781104,0.008672,0.062198,0.002882,0.004319,0.000071,0.110537,0.007962,0.020665,1,
0.016345,0.000420,0.002120,0.020472,0.187167,0.046186,0.000769,0.113975,0.043708,0.568839,9,
0.114200,0.000113,0.003809,0.016086,0.052189,0.318231,0.033626,0.000917,0.372487,0.088342,0,
0.000137,0.965771,0.002099,0.001617,0.014353,0.000292,0.000719,0.007903,0.000141,0.006969,1,
0.167214,0.000001,0.011930,0.013512,0.109056,0.145643,0.011314,0.002111,0.422997,0.116222,8,
0.006407,0.396502,0.013600,0.045887,0.174388,0.020940,0.005610,0.158438,0.006208,0.172020,1,
0.012423,0.000003,0.016409,0.084647,0.085177,0.019424,0.000207,0.731953,0.001108,0.048649,2,
0.062050,0.000002,0.001465,0.136921,0.003385,0.212749,0.000018,0.084586,0.393663,0.105160,8,
0.094715,0.018912,0.053257,0.131239,0.120491,0.211770,0.034601,0.027178,0.157064,0.150772,8,
0.092233,0.000000,0.009901,0.039232,0.328478,0.118222,0.001603,0.100456,0.037335,0.272540,4,
0.024063,0.007000,0.005052,0.146873,0.054665,0.125001,0.000721,0.309681,0.043873,0.283070,9,
0.011122,0.000050,0.015143,0.000544,0.314156,0.006280,0.641055,0.000065,0.002902,0.008683,6,
0.007289,0.000008,0.000396,0.734772,0.000005,0.067702,0.000000,0.126061,0.061850,0.001917,3,
0.006457,0.061382,0.016976,0.002238,0.544282,0.007688,0.299562,0.001286,0.005007,0.055122,9,
0.203617,0.000007,0.013223,0.039041,0.000851,0.514137,0.062001,0.000025,0.166312,0.000785,5,
0.003245,0.006401,0.036641,0.000546,0.153608,0.001619,0.793735,0.000058,0.000948,0.003199,6,
0.024408,0.000983,0.021497,0.003140,0.589498,0.020900,0.241074,0.001055,0.021308,0.076138,6,
0.005566,0.006343,0.031410,0.918325,0.000001,0.016187,0.000005,0.003157,0.018967,0.000038,3,
0.478788,0.000000,0.087010,0.002316,0.122983,0.067253,0.195209,0.000030,0.043234,0.003176,2,
0.108357,0.000025,0.030795,0.004366,0.300676,0.066839,0.290715,0.000296,0.142853,0.055077,6,
0.000416,0.966635,0.008728,0.006210,0.005954,0.000773,0.001233,0.006295,0.000397,0.003357,1,
0.348642,0.000000,0.002595,0.000739,0.028863,0.199798,0.145950,0.000003,0.268384,0.005025,9,
0.458942,0.000000,0.026938,0.101392,0.000623,0.279222,0.000253,0.000759,0.130931,0.000940,3,
0.023338,0.277721,0.060974,0.023536,0.298591,0.031459,0.106630,0.009828,0.042586,0.125337,1,
0.015433,0.001370,0.615159,0.012898,0.054958,0.005433,0.291122,0.000649,0.001513,0.001465,2,
0.055476,0.000000,0.000080,0.096422,0.000001,0.447653,0.000001,0.000098,0.400157,0.000112,5,
0.152706,0.000300,0.016155,0.083451,0.034815,0.495982,0.043324,0.003302,0.131723,0.038242,8,
0.074662,0.000002,0.000835,0.027859,0.022222,0.249611,0.000316,0.014165,0.396805,0.213523,9,
0.054268,0.000009,0.001688,0.001543,0.332773,0.067541,0.033784,0.000499,0.251668,0.256227,9,
0.122353,0.000001,0.059029,0.005159,0.440210,0.051921,0.241132,0.000542,0.044686,0.034966,2,
0.000524,0.961407,0.015065,0.003555,0.008856,0.000561,0.002460,0.002677,0.000907,0.003986,1,
0.008502,0.000003,0.014609,0.944455,0.000001,0.023089,0.000001,0.003153,0.006176,0.000013,3,
