0, 1, 2, 3, 4, 5, 6, 7, 8, 9, True
0.004023,0.000626,0.940763,0.040754,0.009950,0.000000,0.000058,0.003512,0.000000,0.000313,2,
0.112931,0.008969,0.032446,0.746292,0.000088,0.069851,0.000000,0.006083,0.016321,0.007019,3,
0.236176,0.000462,0.034030,0.054112,0.047306,0.021379,0.065879,0.009173,0.484177,0.047307,8,
0.006081,0.009821,0.008749,0.003682,0.424292,0.004354,0.015106,0.009620,0.045217,0.473078,9,
0.000000,0.996611,0.000866,0.000043,0.000299,0.000062,0.000310,0.001587,0.000188,0.000033,1,
0.934154,0.000000,0.000111,0.019896,0.000508,0.040061,0.000523,0.003630,0.000869,0.000248,0,
0.001079,0.001732,0.008414,0.000220,0.004993,0.003229,0.978351,0.000207,0.000508,0.001269,6,
0.010971,0.256449,0.071367,0.417236,0.003779,0.201851,0.003448,0.000259,0.034639,0.000000,3,
0.104325,0.000458,0.037996,0.131254,0.002721,0.029756,0.013957,0.001242,0.666828,0.011463,3,
0.000050,0.000171,0.000549,0.003997,0.007004,0.003749,0.000000,0.881864,0.000332,0.102284,7,
0.286708,0.000028,0.021561,0.521285,0.005940,0.072757,0.036689,0.003618,0.046400,0.005012,3,
0.000012,0.993588,0.001642,0.000480,0.002658,0.000457,0.000122,0.000397,0.000288,0.000355,1,
0.001818,0.000121,0.006952,0.014492,0.000919,0.966332,0.000337,0.000593,0.005142,0.003295,5,
0.000622,0.005821,0.000944,0.032341,0.075870,0.008257,0.001715,0.302301,0.003290,0.568838,7,
0.000964,0.001148,0.018809,0.962012,0.000149,0.008185,0.000025,0.002040,0.005077,0.001590,3,
0.000000,0.004610,0.000686,0.017621,0.187117,0.005211,0.000000,0.701226,0.000232,0.083297,7,
0.000006,0.000000,0.001276,0.005458,0.004870,0.000227,0.000000,0.974383,0.000960,0.012820,7,
0.045126,0.001132,0.228394,0.567798,0.002417,0.008364,0.020798,0.040594,0.079099,0.006276,3,
0.202282,0.001302,0.254783,0.061579,0.038483,0.157403,0.049804,0.005765,0.213982,0.014617,2,
0.000006,0.000019,0.000316,0.003382,0.001213,0.000272,0.000000,0.983712,0.001015,0.010067,7,
0.000000,0.997000,0.001324,0.000035,0.000308,0.000076,0.000247,0.000795,0.000188,0.000028,1,
0.059927,0.021845,0.013647,0.309249,0.086026,0.337987,0.006162,0.065219,0.018204,0.081734,5,
0.168226,0.000000,0.122401,0.002474,0.046746,0.004506,0.633395,0.003291,0.005676,0.013286,6,
0.000253,0.010061,0.040251,0.913337,0.004767,0.019078,0.000095,0.008193,0.003554,0.000411,3,
0.000029,0.000621,0.000194,0.033735,0.001136,0.022785,0.000000,0.916183,0.000949,0.024368,7,
0.002798,0.000012,0.000101,0.028505,0.026498,0.328805,0.000000,0.595138,0.003762,0.014382,7,
0.072207,0.002192,0.015202,0.059796,0.072944,0.029887,0.010750,0.050278,0.508846,0.177897,8,
0.199375,0.019068,0.030396,0.097009,0.021331,0.453445,0.067572,0.021544,0.075991,0.014268,5,
0.009755,0.040019,0.017677,0.055110,0.104428,0.045435,0.005191,0.145222,0.081763,0.495399,9,
0.012398,0.000948,0.000554,0.000215,0.353595,0.388369,0.001860,0.056735,0.144657,0.040669,4,
0.009576,0.000000,0.000856,0.000137,0.046089,0.546074,0.000597,0.011127,0.342497,0.043048,8,
0.075828,0.000000,0.005224,0.056410,0.016123,0.818195,0.000000,0.015297,0.003750,0.009174,5,
0.000000,0.998268,0.000512,0.000042,0.000356,0.000081,0.000168,0.000416,0.000130,0.000029,1,
0.006366,0.001759,0.003111,0.016966,0.004059,0.927593,0.005031,0.000000,0.030768,0.004349,5,
0.438422,0.001655,0.041565,0.044302,0.164963,0.044131,0.021914,0.025330,0.056334,0.161386,0,
0.011789,0.005181,0.004895,0.003460,0.024013,0.022183,0.908816,0.000054,0.008678,0.010931,6,
0.000758,0.034239,0.011351,0.900384,0.000820,0.013726,0.000056,0.025251,0.003397,0.010019,2,
0.019527,0.000015,0.000633,0.051185,0.032058,0.283309,0.000000,0.493365,0.034066,0.085842,7,
0.002350,0.000876,0.893606,0.016369,0.008686,0.001865,0.069924,0.003970,0.000043,0.002311,2,
0.005357,0.003731,0.006977,0.072193,0.000373,0.907243,0.001354,0.000265,0.002508,0.000000,5,
0.001385,0.000108,0.001144,0.011548,0.065524,0.002311,0.000109,0.037984,0.005688,0.874197,9,
0.000000,0.973368,0.011096,0.011297,0.000149,0.000081,0.000000,0.000405,0.003485,0.000119,1,
0.000000,0.998302,0.000504,0.000061,0.000330,0.000081,0.000168,0.000394,0.000132,0.000029,1,
0.125973,0.002944,0.071908,0.001430,0.543793,0.014460,0.124588,0.022366,0.018590,0.073948,4,
0.001057,0.010766,0.811267,0.006960,0.084821,0.000363,0.071081,0.009117,0.003006,0.001562,2,
0.025892,0.004240,0.017917,0.084908,0.129591,0.030047,0.002586,0.030498,0.472019,0.202301,8,
0.051552,0.006844,0.008027,0.332043,0.063430,0.237617,0.004750,0.025527,0.150661,0.119549,3,
0.005014,0.017332,0.032917,0.097276,0.026844,0.575868,0.002076,0.032759,0.116786,0.093128,5,
0.008272,0.001127,0.419252,0.018562,0.514553,0.013349,0.010267,0.007384,0.000575,0.006661,4,
0.000890,0.985213,0.005193,0.000924,0.001906,0.000159,0.001092,0.000994,0.003067,0.000562,1,
0.059630,0.010546,0.643794,0.114612,0.017964,0.007270,0.055077,0.007444,0.075315,0.008349,2,
0.972101,0.000000,0.013925,0.004063,0.000489,0.000267,0.003487,0.000172,0.004348,0.001149,0,
0.000000,0.998398,0.000435,0.000042,0.000393,0.000084,0.000143,0.000365,0.000105,0.000035,1,
0.000036,0.994686,0.001938,0.000961,0.000985,0.000331,0.000202,0.000405,0.000203,0.000252,1,
0.216165,0.005985,0.022871,0.172000,0.037662,0.060535,0.016096,0.006100,0.401683,0.060902,8,
0.034206,0.000081,0.001592,0.001100,0.656697,0.232579,0.000600,0.006758,0.041292,0.025095,4,
0.000006,0.000120,0.000401,0.009198,0.002528,0.000133,0.000000,0.972661,0.000550,0.014404,7,
0.020693,0.000670,0.242027,0.004151,0.667603,0.009098,0.021276,0.021859,0.004445,0.008179,4,
0.003448,0.634584,0.150656,0.198834,0.000000,0.004651,0.000000,0.007670,0.000000,0.000157,1,
0.092438,0.000803,0.022254,0.342530,0.009406,0.063910,0.001986,0.004219,0.437168,0.025286,3,
0.004475,0.001506,0.015811,0.005470,0.524554,0.005112,0.002821,0.017338,0.016461,0.406452,9,
0.003641,0.003465,0.001283,0.003367,0.868633,0.007582,0.003752,0.016970,0.010754,0.080553,4,
0.008822,0.848299,0.003476,0.000000,0.015255,0.078672,0.010062,0.002973,0.032195,0.000246,1,
0.002643,0.000466,0.935856,0.005734,0.025885,0.000489,0.024468,0.000440,0.000255,0.003764,2,
0.002928,0.010993,0.008193,0.580956,0.032686,0.060334,0.000687,0.118612,0.113327,0.071284,3,
0.952404,0.000000,0.006142,0.004480,0.000567,0.019511,0.010802,0.000015,0.005413,0.000665,0,
0.000512,0.004142,0.001340,0.000116,0.003640,0.004145,0.982048,0.000000,0.000399,0.003657,6,
0.017502,0.001553,0.001996,0.027004,0.365777,0.079044,0.004558,0.187658,0.034891,0.280018,4,
0.024112,0.001786,0.571667,0.006494,0.229638,0.023764,0.038582,0.000562,0.014568,0.088827,2,
0.002764,0.251855,0.083947,0.167583,0.002910,0.023645,0.002953,0.435680,0.009402,0.019263,7,
0.008822,0.002408,0.014876,0.627822,0.008044,0.181940,0.000172,0.017243,0.060939,0.077734,3,
0.188266,0.001332,0.018961,0.013817,0.170995,0.006820,0.020032,0.016719,0.073536,0.489522,9,
0.001341,0.001651,0.004554,0.000223,0.009428,0.004727,0.972575,0.000057,0.002106,0.003338,6,
0.545562,0.000000,0.024321,0.055967,0.012995,0.052502,0.004711,0.000346,0.262543,0.041053,0,
0.085758,0.000000,0.004624,0.009724,0.003206,0.024403,0.003833,0.000301,0.851404,0.016746,8,
0.000000,0.965663,0.003665,0.005709,0.007261,0.005281,0.000074,0.002473,0.007537,0.002336,1,
0.000360,0.047282,0.002566,0.032524,0.213326,0.012469,0.001201,0.220617,0.029503,0.440153,9,
0.074727,0.000515,0.005949,0.121651,0.014398,0.347673,0.000542,0.003057,0.416036,0.015451,8,
0.009760,0.001842,0.731028,0.004829,0.039988,0.000457,0.199731,0.005483,0.006411,0.000470,2,
0.005616,0.000184,0.005359,0.009708,0.007186,0.942659,0.001134,0.000580,0.021404,0.006170,5,
0.004633,0.000066,0.968825,0.000601,0.000011,0.000000,0.022383,0.003482,0.000000,0.000000,2,
0.000000,0.998037,0.000562,0.000035,0.000634,0.000095,0.000056,0.000419,0.000115,0.000047,1,
0.056977,0.000571,0.003236,0.025704,0.039143,0.016210,0.003890,0.059933,0.061186,0.733150,0,
0.001762,0.009713,0.034842,0.827798,0.001277,0.072082,0.000000,0.008742,0.030649,0.013136,3,
0.000000,0.957902,0.000523,0.000012,0.001446,0.000122,0.000126,0.011482,0.020247,0.008140,1,
0.123535,0.001039,0.043166,0.031778,0.047566,0.013050,0.691119,0.010738,0.032410,0.005599,6,
0.183337,0.000000,0.663753,0.004391,0.023431,0.003665,0.108901,0.000239,0.007203,0.005080,2,
0.000029,0.000000,0.000082,0.004412,0.000682,0.001113,0.000000,0.986715,0.000581,0.006384,7,
0.000000,0.996208,0.000951,0.000059,0.000358,0.000090,0.000274,0.001821,0.000179,0.000061,1,
0.032265,0.002512,0.093852,0.735377,0.012057,0.005292,0.004762,0.012639,0.087615,0.013629,3,
0.213365,0.006561,0.016244,0.024900,0.188283,0.027988,0.033218,0.050241,0.158241,0.280959,7,
0.000077,0.000061,0.000067,0.004424,0.003234,0.004774,0.000000,0.825482,0.000347,0.161534,7,
0.038257,0.000280,0.061087,0.847317,0.000000,0.043256,0.000000,0.003618,0.006161,0.000025,3,
0.023054,0.000384,0.001651,0.001825,0.083343,0.374665,0.001034,0.031722,0.233119,0.249202,9,
0.006053,0.000504,0.863744,0.092627,0.003568,0.007959,0.008302,0.009725,0.006632,0.000886,2,
0.121223,0.000879,0.020130,0.082627,0.005559,0.063091,0.010953,0.001392,0.664793,0.029354,8,
0.002496,0.000021,0.000741,0.006728,0.051092,0.001598,0.001333,0.035330,0.007852,0.892808,9,
0.005132,0.001510,0.000499,0.006525,0.041669,0.044429,0.000013,0.549616,0.035514,0.315093,7,
0.059722,0.041669,0.081556,0.027590,0.403398,0.029912,0.221449,0.014286,0.068674,0.051744,4,
0.009233,0.002428,0.821456,0.039663,0.061968,0.002243,0.050238,0.009145,0.002210,0.001415,2,
0.000000,0.000007,0.994968,0.000026,0.004124,0.000000,0.000850,0.000025,0.000000,0.000000,2,
0.009014,0.000575,0.001508,0.010049,0.025573,0.006546,0.001041,0.045560,0.038596,0.861539,9,
0.171696,0.008720,0.036493,0.021468,0.164888,0.019440,0.053407,0.016891,0.194456,0.312541,9,
0.409150,0.003280,0.039288,0.070763,0.042537,0.014585,0.059169,0.003472,0.310984,0.046771,0,
0.001179,0.000000,0.000615,0.004782,0.068009,0.008690,0.000345,0.028352,0.002575,0.885454,9,
0.004272,0.001055,0.007480,0.018204,0.684628,0.004716,0.003476,0.013534,0.009238,0.253397,4,
0.000000,0.997488,0.000963,0.000037,0.000375,0.000079,0.000299,0.000597,0.000134,0.000028,1,
0.000000,0.001493,0.988657,0.004169,0.005251,0.000000,0.000359,0.000071,0.000000,0.000000,2,
0.000478,0.000520,0.000615,0.037375,0.006356,0.019715,0.000000,0.866590,0.001883,0.066468,7,
0.004527,0.000754,0.974467,0.003627,0.005398,0.000035,0.005233,0.000792,0.000992,0.004176,2,
0.034634,0.013866,0.005391,0.060649,0.107138,0.569522,0.005952,0.021583,0.099605,0.081659,5,
0.000029,0.000034,0.000131,0.003201,0.000466,0.001056,0.000000,0.987199,0.002525,0.005358,7,
0.000512,0.001462,0.003341,0.000035,0.002430,0.001467,0.989769,0.000010,0.000788,0.000188,6,
0.247658,0.001550,0.013984,0.029267,0.029595,0.020594,0.039092,0.001899,0.564428,0.051932,8,
0.036769,0.008296,0.084061,0.115885,0.015762,0.061216,0.003887,0.001689,0.659953,0.012484,8,
0.008404,0.040068,0.858230,0.006343,0.004067,0.014561,0.033392,0.000193,0.031967,0.002774,2,
0.087651,0.289375,0.062641,0.028388,0.066647,0.035993,0.217677,0.020504,0.149874,0.041250,1,
0.000942,0.003541,0.015159,0.000051,0.912764,0.016195,0.021023,0.007765,0.010931,0.011628,4,
0.023778,0.001789,0.443953,0.003067,0.038619,0.022807,0.025047,0.010129,0.003038,0.427773,9,
0.942055,0.000000,0.020717,0.004416,0.000000,0.010345,0.000188,0.003448,0.015179,0.003651,0,
0.022567,0.000924,0.002308,0.031411,0.022331,0.027952,0.000464,0.125795,0.049784,0.716464,9,
0.001717,0.001945,0.237173,0.728454,0.001973,0.005300,0.000000,0.005541,0.014662,0.003236,2,
0.005877,0.004499,0.002938,0.004695,0.428594,0.009035,0.003818,0.019907,0.024487,0.496150,4,
0.126238,0.002167,0.037313,0.027583,0.022904,0.055975,0.071865,0.001094,0.635065,0.019796,0,
0.725348,0.000000,0.025912,0.000000,0.107928,0.011195,0.114321,0.004522,0.005079,0.005695,0,
0.001660,0.007831,0.008722,0.023289,0.051850,0.012385,0.000145,0.237964,0.014064,0.642091,7,
0.014255,0.055303,0.019159,0.267980,0.074521,0.081613,0.001957,0.240928,0.067820,0.176463,7,
0.014345,0.000526,0.004556,0.002516,0.017365,0.870542,0.000564,0.004170,0.072009,0.013406,5,
0.100862,0.000047,0.013852,0.131137,0.035680,0.079332,0.003945,0.009930,0.244106,0.381110,9,
0.011765,0.639318,0.218523,0.003537,0.038663,0.010503,0.038332,0.014584,0.006927,0.017848,1,
0.001171,0.008287,0.017333,0.948838,0.000264,0.009850,0.000160,0.005982,0.005544,0.002572,3,
0.000000,0.947155,0.001227,0.004407,0.012025,0.001690,0.000000,0.019532,0.001399,0.012564,1,
0.000073,0.014121,0.005963,0.000069,0.015053,0.003964,0.953413,0.003528,0.000000,0.003816,6,
0.090678,0.000300,0.612186,0.059549,0.037653,0.028652,0.016127,0.001352,0.130774,0.022728,2,
0.115041,0.000283,0.189403,0.028716,0.004476,0.171224,0.002156,0.001845,0.461528,0.025328,2,
0.002910,0.006860,0.749581,0.218842,0.000575,0.003519,0.002690,0.007914,0.006371,0.000740,2,
0.000913,0.005377,0.022127,0.912188,0.000103,0.041581,0.000000,0.001644,0.012766,0.003301,3,
0.424496,0.004060,0.063167,0.038235,0.070901,0.009446,0.049592,0.025740,0.230978,0.083384,0,
0.000145,0.000163,0.000089,0.004121,0.051698,0.015032,0.000000,0.851226,0.001740,0.075786,7,
0.224041,0.000346,0.014325,0.036517,0.028543,0.026363,0.025583,0.003818,0.569514,0.070950,8,
0.002606,0.000627,0.906273,0.009307,0.039255,0.000935,0.027002,0.010386,0.000000,0.003609,2,
0.003114,0.004883,0.035227,0.008209,0.024938,0.002316,0.920066,0.000000,0.000140,0.001106,6,
0.938542,0.006897,0.007073,0.000434,0.004335,0.029566,0.011845,0.000058,0.001089,0.000162,0,
0.188342,0.001750,0.031279,0.263447,0.024100,0.022410,0.014190,0.022237,0.345388,0.086856,3,
0.080781,0.001890,0.010153,0.035307,0.018879,0.502969,0.003243,0.002971,0.298518,0.045288,5,
0.510220,0.000000,0.052650,0.000000,0.155550,0.003658,0.267718,0.000370,0.004731,0.005102,6,
0.000006,0.000000,0.000048,0.001922,0.001071,0.000120,0.000000,0.992414,0.000354,0.004065,7,
0.059169,0.002334,0.018783,0.141033,0.004071,0.423775,0.001611,0.004577,0.036791,0.307855,9,
0.003589,0.000000,0.015154,0.014972,0.094075,0.219539,0.000048,0.028653,0.005474,0.618496,5,
0.018041,0.002759,0.015781,0.192796,0.005665,0.711197,0.000513,0.009300,0.020063,0.023885,5,
0.064430,0.000066,0.174785,0.435630,0.040461,0.046483,0.022023,0.031253,0.156927,0.027942,3,
0.016656,0.007156,0.466587,0.422172,0.006481,0.006410,0.024055,0.020124,0.028081,0.002278,3,
0.018591,0.000552,0.004641,0.000694,0.330624,0.377714,0.002211,0.043399,0.156755,0.064820,8,
0.047206,0.044759,0.006760,0.018157,0.705612,0.051278,0.032981,0.022141,0.051436,0.019671,4,
0.012256,0.000129,0.001299,0.003446,0.001235,0.893437,0.033823,0.000026,0.048372,0.005975,5,
0.045962,0.003448,0.021827,0.017701,0.800899,0.021042,0.020005,0.051677,0.000690,0.016748,4,
0.123895,0.000000,0.575056,0.200983,0.003366,0.015717,0.009569,0.000772,0.066117,0.004524,2,
0.022555,0.002298,0.633363,0.027754,0.138935,0.044083,0.021811,0.000478,0.044311,0.064412,2,
0.040816,0.001865,0.022023,0.003039,0.842877,0.016406,0.030373,0.009790,0.008436,0.024374,4,
0.062797,0.000929,0.046763,0.000451,0.033016,0.001622,0.842455,0.000228,0.006690,0.005048,6,
0.004615,0.000000,0.899175,0.074460,0.003448,0.000287,0.001445,0.000460,0.016110,0.000000,2,
0.959215,0.000000,0.006428,0.001858,0.001093,0.005938,0.004910,0.000104,0.019250,0.001205,0,
0.400519,0.000000,0.213774,0.051533,0.007151,0.110474,0.080142,0.000403,0.134170,0.001834,5,
0.166645,0.005120,0.010755,0.063600,0.077818,0.049125,0.009294,0.039927,0.389976,0.187740,7,
0.180323,0.000323,0.015247,0.033451,0.007815,0.024906,0.013837,0.001255,0.698193,0.024650,8,
0.001316,0.000430,0.000775,0.000235,0.003491,0.028428,0.961560,0.000000,0.002666,0.001099,6,
0.020659,0.000128,0.000851,0.000629,0.140767,0.472464,0.000828,0.234238,0.062534,0.066901,7,
0.016558,0.000000,0.042032,0.044142,0.198858,0.010149,0.001588,0.537028,0.018114,0.131530,7,
0.003033,0.013507,0.004037,0.000936,0.062041,0.024270,0.868694,0.000838,0.011839,0.010805,6,
0.192516,0.000000,0.013953,0.491211,0.078264,0.091044,0.014093,0.051971,0.039252,0.027695,3,
0.000000,0.997554,0.000652,0.000049,0.000402,0.000085,0.000243,0.000792,0.000160,0.000061,1,
0.994205,0.000000,0.000791,0.000244,0.000253,0.001450,0.001383,0.000013,0.001631,0.000030,0,
0.005363,0.001799,0.016429,0.002649,0.611418,0.005072,0.026271,0.010202,0.021852,0.298945,4,
0.034587,0.000015,0.006032,0.023271,0.015595,0.622046,0.000301,0.027560,0.201019,0.069574,5,
0.004191,0.900878,0.035655,0.005747,0.007588,0.009195,0.024560,0.000015,0.011740,0.000431,1,
0.004260,0.752250,0.011267,0.003448,0.037962,0.040641,0.000342,0.102184,0.037083,0.010563,1,
0.000000,0.001113,0.000000,0.002561,0.013783,0.002527,0.000000,0.767069,0.004105,0.208842,7,
0.078123,0.000059,0.005104,0.003759,0.159074,0.624678,0.000070,0.039949,0.032806,0.056379,5,
0.180964,0.000015,0.003945,0.094552,0.019567,0.657560,0.016014,0.001115,0.016008,0.010260,5,
0.003632,0.002436,0.002953,0.013835,0.049067,0.013898,0.000252,0.121074,0.019058,0.773794,9,
0.003448,0.007909,0.017627,0.741032,0.051131,0.070228,0.031115,0.020294,0.046828,0.010387,3,
0.000022,0.000682,0.997922,0.000133,0.000820,0.000044,0.000229,0.000148,0.000000,0.000000,2,
0.301412,0.002914,0.061305,0.098822,0.023928,0.007577,0.085646,0.002537,0.389053,0.026805,8,
0.463922,0.029201,0.049721,0.017999,0.120579,0.098832,0.078790,0.044724,0.047073,0.049159,0,
0.172753,0.000123,0.054584,0.032443,0.576464,0.028610,0.042562,0.047061,0.031091,0.014310,4,
0.007997,0.000093,0.017314,0.000093,0.237149,0.399957,0.258461,0.013994,0.012249,0.052692,5,
0.026847,0.045909,0.033525,0.023114,0.050566,0.050082,0.006897,0.110866,0.603610,0.048584,8,
0.015579,0.000070,0.126994,0.001586,0.039918,0.007075,0.307888,0.000460,0.011472,0.488959,9,
0.000720,0.002416,0.006436,0.975982,0.000017,0.008958,0.000025,0.001299,0.002732,0.001415,3,
0.075519,0.003616,0.001159,0.003563,0.194135,0.649111,0.000342,0.024523,0.027983,0.020049,5,
0.000036,0.988230,0.001345,0.002728,0.002434,0.000391,0.000150,0.002908,0.000277,0.001502,1,
0.202560,0.000223,0.026841,0.036497,0.014887,0.021374,0.027436,0.014200,0.616636,0.039345,8,
0.007253,0.000005,0.017738,0.003480,0.938177,0.002666,0.000000,0.005342,0.000261,0.025079,4,
0.009800,0.519996,0.078622,0.168751,0.007449,0.174188,0.000000,0.015139,0.012139,0.013915,1,
0.000000,0.001506,0.995794,0.000420,0.000856,0.000036,0.000468,0.000919,0.000000,0.000000,2,
0.003736,0.000932,0.060506,0.905913,0.000750,0.013559,0.000524,0.007296,0.004914,0.001870,3,
0.017473,0.000000,0.021702,0.001613,0.003215,0.000221,0.950908,0.003560,0.000000,0.001308,6,
0.119348,0.000840,0.050136,0.020999,0.479800,0.022697,0.081087,0.053530,0.100674,0.070890,4,
0.052309,0.004941,0.019853,0.018595,0.660400,0.018907,0.027401,0.076660,0.029554,0.091380,4,
0.083259,0.000176,0.007680,0.068438,0.034363,0.113035,0.000262,0.057860,0.035974,0.598953,9,
0.000077,0.990043,0.005213,0.000709,0.001242,0.000759,0.000268,0.000357,0.000723,0.000610,1,
0.000433,0.001986,0.018236,0.964196,0.000049,0.009049,0.000000,0.002032,0.002788,0.001231,3,
0.000426,0.001218,0.001064,0.013626,0.135450,0.005912,0.001034,0.041674,0.003420,0.796176,9,
0.049148,0.002040,0.040655,0.004405,0.072501,0.020152,0.758253,0.003363,0.028544,0.020938,6,
0.057395,0.032102,0.064518,0.041969,0.121856,0.041576,0.467394,0.005096,0.133442,0.034653,6,
0.185082,0.002592,0.019977,0.036967,0.075910,0.026005,0.020459,0.014545,0.498628,0.119834,8,
0.059522,0.001217,0.046180,0.318506,0.004487,0.445542,0.008193,0.002438,0.106804,0.007111,5,
0.000213,0.972972,0.001662,0.000148,0.006800,0.004159,0.002751,0.002012,0.003665,0.005618,1,
0.000088,0.000097,0.000069,0.002939,0.004369,0.005853,0.000000,0.890479,0.000429,0.095677,7,
0.005172,0.178960,0.001118,0.040258,0.140537,0.501595,0.017152,0.025860,0.014547,0.074802,5,
0.023306,0.000007,0.036095,0.008664,0.813282,0.015707,0.021228,0.020491,0.005688,0.055533,4,
0.002761,0.000847,0.143122,0.002605,0.044229,0.000451,0.797060,0.004959,0.000086,0.003880,6,
0.000099,0.000061,0.000062,0.004144,0.003373,0.004284,0.000000,0.900907,0.000278,0.086792,7,
0.001374,0.981897,0.002758,0.001364,0.002114,0.000246,0.000522,0.004234,0.002333,0.003159,1,
0.039502,0.001064,0.028638,0.022280,0.010081,0.598534,0.245004,0.000055,0.048471,0.006371,5,
0.024976,0.010715,0.912298,0.008023,0.003789,0.007730,0.026845,0.000335,0.004814,0.000475,2,
0.000603,0.000963,0.636233,0.002419,0.035113,0.002939,0.313129,0.002309,0.000103,0.006188,2,
0.512450,0.000575,0.080321,0.012131,0.037323,0.020702,0.212669,0.000000,0.118614,0.005216,0,
0.000000,0.000000,0.000145,0.002141,0.000384,0.001272,0.000000,0.991187,0.000173,0.004698,7,
0.070373,0.000316,0.001617,0.108064,0.012327,0.073732,0.000170,0.047883,0.143092,0.542427,9,
0.186451,0.000441,0.029734,0.043010,0.008574,0.025004,0.025405,0.002048,0.658708,0.020625,8,
0.006398,0.008375,0.029522,0.268849,0.008392,0.461609,0.000752,0.036310,0.096683,0.083110,5,
0.001771,0.002437,0.026390,0.939994,0.000182,0.014725,0.000025,0.003581,0.009594,0.001302,3,
0.017965,0.000489,0.003004,0.003016,0.066975,0.797016,0.001917,0.008571,0.069904,0.031143,5,
0.000326,0.000147,0.001388,0.010822,0.068218,0.003221,0.000303,0.207355,0.007991,0.700228,9,
0.000308,0.000743,0.000266,0.000003,0.025734,0.008964,0.955882,0.000077,0.001093,0.006929,6,
0.002657,0.001191,0.001825,0.030099,0.588960,0.001652,0.012299,0.035793,0.028061,0.297463,4,
0.945293,0.000000,0.001411,0.000293,0.005934,0.020139,0.004905,0.002927,0.010436,0.008661,0,
0.000000,0.995970,0.002318,0.000032,0.000306,0.000078,0.000246,0.000733,0.000255,0.000061,1,
0.013224,0.003051,0.022983,0.001990,0.012857,0.004442,0.936396,0.000057,0.002419,0.002581,6,
0.000355,0.002449,0.004324,0.000024,0.005391,0.003348,0.981802,0.000054,0.001005,0.001248,6,
0.000240,0.004520,0.003543,0.000000,0.008413,0.042828,0.924633,0.000000,0.004897,0.010927,6,
0.038912,0.002681,0.001968,0.002298,0.098808,0.439806,0.296639,0.001895,0.096857,0.020135,5,
0.012242,0.011179,0.013803,0.004778,0.669322,0.003404,0.019102,0.009211,0.020136,0.236823,4,
0.000105,0.001802,0.007572,0.000099,0.005411,0.003303,0.980682,0.000098,0.000440,0.000489,6,
0.011724,0.002632,0.055539,0.025634,0.006471,0.867310,0.000203,0.001177,0.026993,0.002317,5,
0.015639,0.000069,0.002226,0.028136,0.034015,0.009090,0.000630,0.106323,0.033315,0.770559,9,
0.012682,0.010939,0.005498,0.235209,0.024388,0.211812,0.000367,0.266550,0.047088,0.185466,7,
0.001112,0.013586,0.003657,0.065249,0.566598,0.016137,0.003269,0.029317,0.158568,0.142506,4,
0.140714,0.000484,0.010663,0.064968,0.015187,0.030945,0.005875,0.003122,0.701947,0.026094,8,
0.000108,0.053928,0.006623,0.014368,0.227256,0.007169,0.000268,0.336558,0.035148,0.318573,7,
0.011634,0.092902,0.014490,0.000323,0.011439,0.057358,0.788694,0.000000,0.012527,0.010631,6,
0.239152,0.002325,0.009493,0.072759,0.049046,0.123392,0.014729,0.011519,0.368069,0.109516,5,
0.034712,0.000172,0.001456,0.003446,0.130588,0.777266,0.000290,0.004323,0.034582,0.013165,5,
0.058562,0.000011,0.740224,0.011926,0.057927,0.000017,0.123037,0.003981,0.002485,0.001830,2,
0.000714,0.000035,0.040917,0.000104,0.002153,0.000048,0.955934,0.000000,0.000017,0.000078,6,
0.133946,0.000216,0.023920,0.057539,0.004632,0.041328,0.017584,0.001700,0.704045,0.015089,8,
0.001026,0.000802,0.001704,0.000049,0.002118,0.001848,0.991118,0.000000,0.000479,0.000856,6,
0.006239,0.002503,0.006001,0.004185,0.771076,0.018302,0.012533,0.009518,0.011915,0.157730,4,
0.000293,0.008959,0.009730,0.942494,0.000612,0.004165,0.000000,0.024480,0.001106,0.008162,3,
0.001927,0.002204,0.002328,0.000075,0.003325,0.003537,0.984096,0.000000,0.001689,0.000820,6,
0.003220,0.000101,0.000960,0.006853,0.045518,0.001936,0.000065,0.031348,0.008331,0.901667,9,
0.003409,0.004562,0.180315,0.743694,0.004548,0.011424,0.000000,0.015188,0.033923,0.002938,3,
0.005096,0.000005,0.003005,0.017023,0.030753,0.001819,0.000148,0.026023,0.001389,0.914738,9,
0.000050,0.000276,0.001023,0.019027,0.010230,0.006499,0.000000,0.713730,0.001573,0.247591,7,
0.021696,0.000073,0.179384,0.724897,0.003340,0.021642,0.001579,0.002795,0.041207,0.003388,3,
0.001080,0.641314,0.034245,0.005738,0.134504,0.025874,0.021389,0.039225,0.063901,0.032731,6,
0.000000,0.992176,0.000224,0.000006,0.005304,0.000078,0.000031,0.000817,0.000642,0.000723,1,
0.000000,0.000019,0.000273,0.005423,0.000933,0.000682,0.000000,0.955124,0.027716,0.009831,7,
0.014349,0.031945,0.754420,0.053734,0.006943,0.004967,0.104202,0.016072,0.011735,0.001633,2,
0.004752,0.000198,0.001239,0.060205,0.015041,0.046325,0.000000,0.270594,0.031784,0.569861,9,
0.007620,0.022133,0.080213,0.623646,0.043639,0.026892,0.001190,0.057156,0.092195,0.045318,3,
0.039892,0.000849,0.043815,0.380566,0.000517,0.498597,0.002102,0.001021,0.029962,0.002679,3,
0.000033,0.003543,0.000105,0.007492,0.003166,0.014533,0.000000,0.879225,0.000228,0.091675,7,
0.000077,0.990865,0.003763,0.000543,0.001665,0.000347,0.000379,0.000547,0.001009,0.000806,1,
0.000000,0.000007,0.995526,0.000320,0.000607,0.000000,0.000025,0.000025,0.003448,0.000042,2,
0.000000,0.000031,0.999718,0.000071,0.000027,0.000000,0.000067,0.000085,0.000000,0.000000,2,
0.000000,0.998084,0.000318,0.000027,0.000784,0.000065,0.000090,0.000532,0.000067,0.000033,1,
0.000862,0.881172,0.017740,0.009423,0.052338,0.000914,0.006724,0.011600,0.003319,0.015908,1,
0.068737,0.000175,0.009741,0.024673,0.003238,0.057862,0.002564,0.001466,0.818391,0.013153,8,
0.043910,0.000685,0.012497,0.002515,0.103188,0.642569,0.013710,0.015451,0.115578,0.049897,5,
0.039178,0.010907,0.034508,0.005660,0.131189,0.020461,0.677161,0.001300,0.036390,0.043245,6,
0.036823,0.000037,0.010761,0.003766,0.013821,0.915582,0.000119,0.000907,0.014602,0.003582,5,
0.026473,0.000604,0.255062,0.561684,0.042685,0.025610,0.063064,0.000308,0.008010,0.016500,3,
0.000271,0.987485,0.002867,0.001319,0.002400,0.000812,0.000805,0.001774,0.000331,0.001935,1,
0.022670,0.003710,0.007757,0.000035,0.067812,0.306677,0.021032,0.010551,0.545989,0.013767,8,
0.032624,0.010805,0.005485,0.007198,0.056311,0.496307,0.296168,0.000259,0.080587,0.014257,5,
0.000000,0.998385,0.000459,0.000028,0.000370,0.000085,0.000119,0.000358,0.000054,0.000142,1,
0.001884,0.007180,0.003503,0.001156,0.028640,0.010407,0.938280,0.000000,0.003153,0.005797,6,
0.192261,0.014821,0.028768,0.147170,0.316295,0.078971,0.026050,0.052897,0.059489,0.083277,4,
0.000000,0.987638,0.000369,0.000280,0.007765,0.000092,0.000115,0.002070,0.001101,0.000570,1,
0.005200,0.811460,0.024960,0.000947,0.038390,0.000952,0.097163,0.006491,0.010651,0.003786,1,
0.055902,0.000669,0.047305,0.021679,0.031593,0.763976,0.015697,0.007009,0.044810,0.011361,5,
0.002067,0.007253,0.002351,0.017077,0.033318,0.012225,0.000542,0.176907,0.016358,0.731903,9,
0.010416,0.008590,0.038805,0.003567,0.026606,0.446127,0.464021,0.000000,0.000189,0.001679,5,
0.001630,0.000498,0.000477,0.009868,0.017295,0.013459,0.000142,0.692278,0.016226,0.248127,7,
0.001036,0.002215,0.028437,0.095021,0.425337,0.005213,0.001139,0.141861,0.015580,0.284160,4,
0.001654,0.000207,0.006857,0.860327,0.000398,0.122441,0.000000,0.000126,0.007056,0.000935,3,
0.092732,0.000057,0.009896,0.006211,0.003733,0.030108,0.006665,0.000234,0.832887,0.017476,8,
0.016681,0.000288,0.006609,0.022175,0.112508,0.102059,0.001352,0.124948,0.480283,0.133096,8,
0.005030,0.003385,0.003649,0.007861,0.430434,0.006425,0.002900,0.044019,0.028740,0.467558,9,
0.798552,0.000070,0.014890,0.013096,0.005244,0.023619,0.037501,0.004341,0.096402,0.006286,0,
0.036403,0.000494,0.098844,0.736335,0.002178,0.009903,0.003637,0.007626,0.099086,0.005495,3,
0.292813,0.002440,0.024613,0.070507,0.024413,0.024336,0.033484,0.001781,0.481388,0.044225,8,
0.001016,0.001604,0.001597,0.003892,0.006856,0.005564,0.977748,0.000010,0.001089,0.000624,6,
0.000000,0.959733,0.001385,0.009554,0.011604,0.001472,0.005637,0.002648,0.000517,0.007450,1,
0.010626,0.000140,0.030820,0.007646,0.158126,0.002346,0.003888,0.736867,0.002991,0.046550,7,
0.940876,0.000000,0.003466,0.002383,0.004575,0.010606,0.007045,0.000560,0.028284,0.002204,0,
0.089470,0.000552,0.017036,0.028122,0.002501,0.785696,0.032014,0.000118,0.043019,0.001472,5,
0.001462,0.000346,0.000690,0.008961,0.051022,0.002226,0.000088,0.038474,0.006782,0.889950,9,
0.934572,0.000000,0.004356,0.001296,0.024476,0.013732,0.001661,0.006856,0.008908,0.004144,0,
0.012276,0.000164,0.000101,0.054583,0.006045,0.830694,0.000000,0.074947,0.012814,0.008375,5,
0.000000,0.997050,0.001016,0.000037,0.000316,0.000084,0.000436,0.000846,0.000187,0.000028,1,
0.000000,0.978563,0.003022,0.010635,0.000529,0.000095,0.000232,0.000863,0.005698,0.000363,1,
0.012689,0.000000,0.009469,0.000396,0.004803,0.000014,0.972495,0.000000,0.000000,0.000134,6,
0.000000,0.005419,0.968401,0.004268,0.000699,0.003448,0.017318,0.000257,0.000191,0.000000,2,
0.454257,0.000123,0.198404,0.017978,0.088883,0.076216,0.070935,0.000393,0.071755,0.021056,0,
0.000000,0.000088,0.000139,0.008961,0.000869,0.001051,0.000000,0.983482,0.001047,0.004362,7,
0.482139,0.001360,0.020932,0.033647,0.062788,0.016095,0.036390,0.009892,0.247027,0.089729,0,
0.053026,0.000000,0.054427,0.040974,0.109209,0.003741,0.007724,0.641378,0.032936,0.056585,7,
0.001984,0.000012,0.001028,0.011155,0.052204,0.002571,0.000037,0.036049,0.005689,0.889270,9,
0.018376,0.000000,0.138967,0.115903,0.092902,0.015720,0.003038,0.467486,0.031067,0.116542,7,
0.004848,0.002069,0.944672,0.039864,0.003496,0.000000,0.000892,0.000000,0.004160,0.000000,2,
0.002322,0.943902,0.008664,0.005276,0.002362,0.000884,0.002158,0.009369,0.016438,0.008625,1,
0.000000,0.998288,0.000534,0.000043,0.000399,0.000068,0.000217,0.000340,0.000111,0.000000,1,
0.062558,0.004718,0.024666,0.010597,0.169810,0.100664,0.092911,0.015019,0.477596,0.041461,8,
0.150080,0.010603,0.073562,0.040233,0.086919,0.028676,0.467259,0.007611,0.100139,0.034918,6,
0.022780,0.000211,0.001972,0.064971,0.020629,0.018076,0.000299,0.047265,0.083855,0.739944,9,
0.027045,0.759257,0.030887,0.007551,0.052301,0.046977,0.047891,0.023451,0.002016,0.002625,1,
0.959389,0.000000,0.003812,0.004729,0.003197,0.015456,0.006480,0.000995,0.005244,0.000698,0,
0.000520,0.970640,0.007424,0.009318,0.001446,0.000664,0.000401,0.005142,0.001124,0.003320,1,
0.009441,0.000075,0.010319,0.000157,0.956319,0.001800,0.020809,0.000171,0.000089,0.000821,4,
0.983069,0.000000,0.001070,0.000220,0.001321,0.008289,0.000800,0.003164,0.001068,0.000998,0,
0.118098,0.000000,0.224451,0.167807,0.177087,0.010715,0.055810,0.172110,0.022194,0.051727,2,
0.193334,0.040312,0.029420,0.046446,0.144015,0.091365,0.042281,0.011172,0.314199,0.087457,8,
0.141683,0.024847,0.032086,0.075847,0.175766,0.039060,0.034885,0.043013,0.124380,0.308435,9,
0.013429,0.045993,0.071301,0.404216,0.008652,0.369203,0.000746,0.009075,0.047317,0.030067,2,
0.000000,0.000019,0.000010,0.012708,0.410112,0.000554,0.000000,0.566974,0.000297,0.009326,4,
0.715840,0.000004,0.036938,0.015380,0.032082,0.016430,0.070202,0.005079,0.098299,0.009744,0,
0.027984,0.005311,0.004747,0.019663,0.121821,0.040482,0.001509,0.161972,0.034717,0.581795,9,
0.404168,0.000781,0.026638,0.034132,0.031691,0.349039,0.005298,0.001303,0.101856,0.045094,5,
0.000000,0.991263,0.001557,0.000220,0.001799,0.000517,0.000093,0.000341,0.000263,0.003947,1,
0.000000,0.000000,0.001794,0.006814,0.000425,0.006030,0.000000,0.982932,0.000221,0.001784,7,
0.644564,0.000000,0.041699,0.004455,0.050206,0.001987,0.241170,0.001598,0.006175,0.008146,0,
0.017862,0.000403,0.000430,0.000164,0.038342,0.818161,0.003868,0.010013,0.101287,0.009470,5,
0.022835,0.000039,0.005454,0.001604,0.069343,0.434068,0.001083,0.023818,0.357444,0.084311,8,
0.036134,0.000037,0.039890,0.002019,0.090806,0.814753,0.003816,0.001452,0.006762,0.004331,5,
0.073199,0.005850,0.035782,0.101449,0.087775,0.064350,0.007548,0.019223,0.462722,0.142101,8,
0.077184,0.035597,0.047117,0.019353,0.152302,0.031558,0.089139,0.023356,0.454841,0.069554,8,
0.000000,0.997664,0.000775,0.000049,0.000420,0.000093,0.000226,0.000619,0.000126,0.000028,1,
0.067980,0.010685,0.009512,0.004861,0.076036,0.024209,0.021473,0.005053,0.706251,0.073939,8,
0.048569,0.007942,0.007643,0.011390,0.244583,0.010874,0.026175,0.019433,0.116218,0.507173,9,
0.098905,0.021892,0.032679,0.087876,0.218516,0.022811,0.030073,0.022891,0.138796,0.325559,9,
0.000000,0.972587,0.004295,0.003693,0.007974,0.001292,0.000560,0.005277,0.000084,0.004238,1,
0.277375,0.012563,0.019895,0.091166,0.030007,0.141909,0.009122,0.004538,0.378266,0.035157,0,
0.323447,0.021258,0.023854,0.107944,0.056890,0.021100,0.041851,0.014542,0.205913,0.183200,9,
0.001568,0.010709,0.000767,0.027663,0.044644,0.003895,0.000024,0.551591,0.014976,0.344163,7,
0.466327,0.000000,0.073308,0.029714,0.000535,0.087465,0.037431,0.000110,0.290465,0.014645,8,
0.003460,0.019776,0.004053,0.006351,0.523977,0.034731,0.014955,0.046609,0.047097,0.298991,4,
0.003277,0.000000,0.006101,0.000306,0.002075,0.000014,0.987548,0.000090,0.000153,0.000437,6,
0.000006,0.000000,0.000174,0.030238,0.002165,0.001905,0.000000,0.944130,0.004676,0.016707,7,
0.003952,0.086579,0.004676,0.002531,0.005542,0.868165,0.000000,0.000341,0.026808,0.001406,5,
0.129210,0.000063,0.113695,0.011629,0.554376,0.030948,0.084236,0.042587,0.009752,0.023505,4,
0.011191,0.000866,0.911616,0.002606,0.051595,0.001324,0.016165,0.001338,0.001144,0.002156,2,
0.022777,0.001006,0.212174,0.093521,0.008256,0.626302,0.000053,0.004176,0.011387,0.020347,2,
0.043879,0.000000,0.047582,0.011661,0.026203,0.016656,0.830162,0.007051,0.009283,0.007523,6,
0.015917,0.000000,0.001516,0.000534,0.108653,0.759869,0.000392,0.006761,0.087920,0.018438,5,
0.003890,0.001483,0.005760,0.341697,0.009204,0.518666,0.000092,0.009644,0.039279,0.070284,3,
0.098734,0.002467,0.029104,0.020378,0.046043,0.004806,0.014991,0.025235,0.654995,0.103248,8,
0.236468,0.019029,0.053459,0.008900,0.048939,0.055449,0.331217,0.001192,0.184357,0.060990,0,
0.004407,0.017509,0.007367,0.047905,0.226822,0.073389,0.001691,0.131308,0.035957,0.453645,4,
0.000191,0.000208,0.013629,0.000068,0.002300,0.000780,0.982099,0.000000,0.000250,0.000476,6,
0.006955,0.003224,0.008639,0.164075,0.048485,0.048980,0.000358,0.191678,0.033210,0.494396,9,
0.773700,0.000000,0.007586,0.008071,0.013855,0.041120,0.010835,0.017838,0.085958,0.041036,0,
0.001379,0.002971,0.018835,0.947721,0.000227,0.006854,0.000383,0.009885,0.008130,0.003615,3,
0.001718,0.008951,0.002402,0.022738,0.041681,0.011738,0.000152,0.464448,0.008581,0.437591,7,
0.000265,0.070242,0.105155,0.705681,0.007647,0.059748,0.003028,0.020376,0.020141,0.007717,3,
0.021763,0.000519,0.011525,0.005588,0.007153,0.000296,0.952873,0.000000,0.000028,0.000256,6,
0.000166,0.000024,0.960982,0.009631,0.004897,0.004355,0.018735,0.000000,0.001209,0.000000,2,
0.001265,0.001958,0.011047,0.965947,0.000049,0.015189,0.000025,0.001564,0.002097,0.000858,3,
0.057183,0.000000,0.031524,0.049539,0.016627,0.192325,0.001439,0.001301,0.595945,0.054118,8,
0.092332,0.124312,0.034881,0.038530,0.124777,0.101601,0.142614,0.008287,0.272701,0.059964,8,
0.000000,0.988628,0.000591,0.000264,0.002396,0.000139,0.000115,0.003798,0.002678,0.001392,1,
0.000628,0.000114,0.000077,0.012349,0.003769,0.011335,0.000025,0.863369,0.001017,0.107318,7,
0.201157,0.000296,0.016242,0.035700,0.012469,0.025974,0.025637,0.000612,0.655274,0.026637,8,
0.004174,0.006065,0.085975,0.824387,0.015349,0.015674,0.000540,0.015525,0.023953,0.008358,3,
0.905683,0.000056,0.023933,0.002374,0.021099,0.002989,0.035437,0.000191,0.007864,0.000374,0,
0.000097,0.000117,0.000116,0.004174,0.004783,0.004648,0.000000,0.853811,0.000259,0.131994,9,
0.000000,0.000040,0.000338,0.009578,0.000956,0.000682,0.000000,0.977969,0.002806,0.007630,7,
0.195405,0.002018,0.006393,0.023501,0.069223,0.028124,0.011055,0.025672,0.335573,0.303035,9,
0.003844,0.019043,0.010050,0.010603,0.778675,0.005408,0.083156,0.011197,0.022363,0.055661,4,
0.180658,0.000000,0.065705,0.008520,0.054307,0.035775,0.109396,0.003238,0.528302,0.014098,8,
0.008776,0.025996,0.017545,0.004430,0.705953,0.004785,0.025914,0.007730,0.035941,0.162931,4,
0.062718,0.011147,0.113334,0.041254,0.014002,0.025261,0.613781,0.001187,0.111866,0.005449,6,
0.002277,0.002379,0.002271,0.008651,0.387836,0.005884,0.003271,0.051047,0.028444,0.507939,9,
0.000000,0.997738,0.000564,0.000049,0.000595,0.000076,0.000243,0.000542,0.000159,0.000033,1,
0.006337,0.018113,0.218965,0.014726,0.009870,0.020255,0.707169,0.000510,0.003134,0.000920,6,
0.000690,0.945995,0.019160,0.020846,0.002254,0.000777,0.007140,0.000449,0.001961,0.000727,1,
0.031742,0.004566,0.003424,0.023547,0.037228,0.014628,0.010607,0.032359,0.042540,0.799360,9,
0.000000,0.998418,0.000558,0.000042,0.000370,0.000081,0.000110,0.000311,0.000110,0.000000,1,
0.005781,0.000114,0.001724,0.136434,0.006681,0.633799,0.000879,0.156612,0.026886,0.031091,5,
0.000522,0.000814,0.000051,0.027860,0.030836,0.062733,0.000000,0.673660,0.012958,0.190566,7,
0.000533,0.001402,0.000000,0.019221,0.011746,0.015053,0.000000,0.771671,0.005238,0.175137,7,
0.000006,0.000051,0.000090,0.005741,0.000995,0.000460,0.000000,0.986247,0.001205,0.005206,7,
0.020242,0.000244,0.017547,0.002719,0.010842,0.921937,0.000126,0.000921,0.022744,0.002677,5,
0.002265,0.014986,0.019841,0.004410,0.825118,0.005169,0.013038,0.006966,0.004600,0.103607,4,
0.000088,0.000975,0.000232,0.008590,0.004008,0.005806,0.000000,0.860142,0.000652,0.119508,7,
0.006329,0.890459,0.042506,0.016509,0.006707,0.008562,0.000530,0.003485,0.017393,0.007519,1,
0.049595,0.000663,0.002770,0.041373,0.018646,0.035061,0.000977,0.049400,0.105682,0.695833,9,
0.235705,0.009612,0.026166,0.042259,0.024978,0.080425,0.030321,0.002677,0.512362,0.035495,0,
0.003448,0.961671,0.000406,0.000136,0.015748,0.010414,0.000089,0.007844,0.000061,0.000181,1,
0.157231,0.000262,0.014781,0.041459,0.037356,0.063161,0.031206,0.007880,0.563892,0.082773,8,
0.000137,0.655593,0.003368,0.006811,0.127153,0.013512,0.000426,0.049244,0.006787,0.136970,1,
0.017308,0.001962,0.692976,0.153478,0.022326,0.005058,0.005595,0.063053,0.004758,0.033486,2,
0.038795,0.000000,0.002821,0.082286,0.010583,0.159444,0.000248,0.021240,0.587603,0.096980,8,
0.026266,0.020711,0.037325,0.117363,0.072654,0.080666,0.015101,0.057885,0.387364,0.184664,8,
0.306591,0.001485,0.033405,0.027756,0.304012,0.038219,0.090599,0.044373,0.072691,0.080869,4,
0.000203,0.035470,0.009439,0.051425,0.259787,0.007907,0.000206,0.043048,0.050000,0.542516,9,
0.014124,0.003158,0.013863,0.001422,0.207240,0.005104,0.711051,0.005575,0.008047,0.030417,6,
0.012656,0.016400,0.003788,0.745549,0.026589,0.079040,0.001537,0.035561,0.041402,0.037477,3,
0.007754,0.056068,0.008721,0.003713,0.438350,0.020268,0.254513,0.002601,0.013429,0.194582,9,
0.013649,0.000313,0.003034,0.002582,0.000180,0.756281,0.172654,0.000000,0.048829,0.002478,5,
0.005573,0.004184,0.011484,0.002009,0.019195,0.003841,0.950488,0.000128,0.001045,0.002053,6,
0.159638,0.006872,0.084267,0.018995,0.216219,0.012330,0.358424,0.008294,0.048973,0.085987,6,
0.000821,0.001824,0.025468,0.953846,0.000233,0.005996,0.000201,0.002703,0.006733,0.002175,3,
0.376434,0.006897,0.165469,0.000028,0.178725,0.066470,0.069526,0.014003,0.038592,0.083857,2,
0.142613,0.004826,0.064186,0.005985,0.056725,0.063391,0.305545,0.000604,0.297455,0.058670,6,
0.000000,0.998385,0.000459,0.000028,0.000370,0.000085,0.000119,0.000358,0.000054,0.000142,1,
0.211393,0.000157,0.038844,0.003011,0.012992,0.037871,0.017693,0.004058,0.420379,0.253602,9,
0.448403,0.000572,0.095742,0.183138,0.005521,0.131235,0.002570,0.012637,0.112596,0.007586,3,
0.057473,0.420646,0.031191,0.015095,0.126199,0.017695,0.206833,0.007226,0.072980,0.044661,1,
0.007015,0.001981,0.918409,0.014257,0.023905,0.001641,0.027434,0.001761,0.002064,0.001533,2,
0.009504,0.000724,0.003678,0.200938,0.001413,0.715507,0.000000,0.001725,0.051500,0.015012,5,
0.008425,0.011177,0.008709,0.034814,0.039177,0.309914,0.012452,0.004933,0.533088,0.037310,8,
0.272900,0.003379,0.014511,0.036315,0.087775,0.018777,0.019311,0.043411,0.286929,0.216692,9,
0.124592,0.002908,0.021629,0.012169,0.203608,0.006234,0.025460,0.051739,0.117020,0.434641,9,
0.111597,0.014783,0.650100,0.022929,0.051259,0.048539,0.035371,0.010723,0.033256,0.021443,2,
0.000000,0.997634,0.000783,0.000049,0.000446,0.000093,0.000226,0.000617,0.000124,0.000028,1,
0.003904,0.001438,0.018187,0.954136,0.000030,0.011758,0.000000,0.006031,0.002964,0.001553,3,
