0, 1, 2, 3, 4, 5, 6, 7, 8, 9, True
0.001032,0.983424,0.006018,0.000860,0.002479,0.001214,0.001435,0.001209,0.001287,0.001042,1,
0.000052,0.990341,0.002139,0.003520,0.000678,0.000336,0.000239,0.002407,0.000060,0.000228,1,
0.090785,0.000704,0.005603,0.102069,0.009079,0.337957,0.003331,0.003164,0.415065,0.032243,5,
0.062154,0.000971,0.010042,0.463543,0.007798,0.209823,0.001237,0.028994,0.161281,0.054157,5,
0.011275,0.001875,0.003115,0.050013,0.121050,0.181048,0.002010,0.335768,0.038475,0.255372,5,
0.205322,0.000420,0.029643,0.028027,0.023374,0.132119,0.052107,0.001447,0.502380,0.025160,8,
0.054013,0.000095,0.077121,0.000231,0.011447,0.010820,0.839612,0.000091,0.005919,0.000652,6,
0.003010,0.000054,0.978637,0.007689,0.000427,0.000120,0.008876,0.000038,0.001115,0.000032,2,
0.000568,0.002590,0.001174,0.032918,0.022942,0.010034,0.000100,0.840622,0.002141,0.086911,7,
0.025103,0.000318,0.000977,0.117115,0.002789,0.712039,0.000295,0.083264,0.035469,0.022631,5,
0.190174,0.002737,0.067010,0.025929,0.159409,0.039204,0.104946,0.005624,0.235280,0.169687,6,
0.003591,0.261548,0.015111,0.072804,0.116755,0.032619,0.002238,0.333630,0.018140,0.143565,9,
0.019662,0.002654,0.077545,0.056963,0.159583,0.007292,0.004232,0.064309,0.065335,0.542427,4,
0.055893,0.002592,0.156705,0.024279,0.195277,0.021112,0.348650,0.004561,0.104868,0.086062,4,
0.000423,0.987790,0.003235,0.002933,0.000925,0.001012,0.000286,0.001825,0.000741,0.000829,1,
0.007364,0.000585,0.197316,0.001472,0.036703,0.003340,0.749776,0.002848,0.000199,0.000397,6,
0.054940,0.000478,0.743314,0.153798,0.004285,0.003852,0.007235,0.002197,0.027614,0.002289,9,
0.005518,0.003672,0.018514,0.836152,0.000473,0.116099,0.000709,0.003125,0.014797,0.000940,3,
0.006985,0.000141,0.000450,0.021798,0.012780,0.348084,0.000117,0.552874,0.006288,0.050483,7,
0.489382,0.001162,0.032419,0.059269,0.005351,0.357969,0.002436,0.003056,0.043031,0.005925,3,
0.766872,0.000423,0.020499,0.024974,0.025260,0.102810,0.000803,0.013861,0.006644,0.037854,0,
0.864139,0.000013,0.000520,0.001241,0.000640,0.126473,0.000053,0.001782,0.003060,0.002079,0,
0.030903,0.001802,0.004902,0.090157,0.011167,0.059723,0.000528,0.570709,0.056044,0.174065,7,
0.007083,0.001030,0.002685,0.013341,0.112995,0.038531,0.001200,0.076412,0.050089,0.696634,9,
0.071038,0.002210,0.007782,0.004903,0.220975,0.645947,0.002275,0.017757,0.002291,0.024821,4,
0.443932,0.001719,0.008843,0.008944,0.050767,0.353928,0.007202,0.020844,0.040189,0.063631,5,
0.012039,0.022793,0.009860,0.067801,0.029281,0.014056,0.000499,0.548261,0.022243,0.273166,7,
0.115092,0.000205,0.004781,0.004171,0.000386,0.037612,0.000145,0.000963,0.832392,0.004253,8,
0.130321,0.002574,0.508583,0.053777,0.055732,0.027290,0.048217,0.003267,0.123522,0.046718,3,
0.000128,0.000051,0.012444,0.000306,0.004687,0.000692,0.981496,0.000028,0.000069,0.000098,6,
0.045252,0.001666,0.013436,0.029276,0.283577,0.141894,0.005703,0.042707,0.021481,0.415008,5,
0.298844,0.002968,0.032876,0.043378,0.024785,0.319381,0.026577,0.007548,0.226731,0.016912,5,
0.000125,0.948559,0.004329,0.017714,0.005515,0.003119,0.000440,0.018164,0.000376,0.001658,1,
0.044879,0.574239,0.120257,0.072239,0.018856,0.014050,0.005145,0.021914,0.089050,0.039371,1,
0.003767,0.010451,0.017444,0.033389,0.497013,0.012782,0.005666,0.114365,0.011313,0.293811,9,
0.004523,0.681241,0.094391,0.051791,0.066692,0.010786,0.016211,0.046410,0.006904,0.021050,1,
0.120261,0.003753,0.059816,0.079073,0.047210,0.023484,0.002937,0.031434,0.338338,0.293693,0,
0.014343,0.004451,0.025518,0.008083,0.444689,0.010714,0.006686,0.022861,0.024259,0.438396,4,
0.084794,0.099488,0.067082,0.054202,0.103874,0.039495,0.007016,0.076264,0.177875,0.289911,9,
0.008632,0.004749,0.007669,0.262921,0.047647,0.111318,0.001625,0.292086,0.078643,0.184711,3,
0.005956,0.035357,0.007083,0.138275,0.024491,0.058102,0.000669,0.565498,0.015597,0.148972,9,
0.058699,0.001947,0.032907,0.254061,0.043392,0.392700,0.025277,0.010612,0.142162,0.038242,3,
0.000047,0.000009,0.006722,0.000007,0.001464,0.000088,0.991525,0.000002,0.000078,0.000058,6,
0.169930,0.001375,0.013163,0.016912,0.018707,0.114683,0.001585,0.020361,0.538615,0.104669,8,
0.567996,0.000308,0.331619,0.020131,0.006697,0.005159,0.049483,0.001995,0.014842,0.001769,6,
0.048497,0.000680,0.001292,0.060992,0.007578,0.540775,0.000740,0.183141,0.087677,0.068629,5,
0.004069,0.861755,0.036477,0.025351,0.015489,0.003279,0.000793,0.020640,0.011819,0.020328,1,
0.000000,0.999108,0.000092,0.000069,0.000109,0.000017,0.000031,0.000517,0.000004,0.000054,1,
0.130515,0.000544,0.000733,0.004429,0.003627,0.626462,0.000791,0.014911,0.196732,0.021256,8,
0.020190,0.000252,0.052868,0.283536,0.004269,0.020674,0.003477,0.001745,0.603426,0.009563,3,
0.036061,0.009547,0.013945,0.179543,0.059412,0.089471,0.001736,0.252851,0.100938,0.256497,0,
0.017766,0.037401,0.040078,0.415469,0.010518,0.286785,0.003779,0.011224,0.155711,0.021268,5,
0.014377,0.000309,0.029728,0.910771,0.000146,0.040277,0.000162,0.000255,0.003687,0.000288,3,
0.071228,0.001211,0.316868,0.465821,0.002496,0.037539,0.008899,0.001348,0.092658,0.001930,3,
0.000593,0.000085,0.105452,0.000507,0.009773,0.000633,0.882002,0.000046,0.000631,0.000280,6,
0.003653,0.017613,0.028096,0.020212,0.204728,0.019797,0.661743,0.025473,0.003062,0.015623,1,
0.145916,0.001028,0.050150,0.744619,0.000717,0.050037,0.000825,0.000952,0.004896,0.000860,3,
0.010977,0.000252,0.005742,0.293668,0.035675,0.022000,0.000825,0.411213,0.028835,0.190813,3,
0.010993,0.841656,0.031656,0.009379,0.018214,0.020345,0.006553,0.006103,0.031102,0.023999,1,
0.002433,0.000088,0.000457,0.004388,0.063236,0.006119,0.000191,0.055248,0.016914,0.850924,7,
0.121202,0.000530,0.000862,0.018917,0.001676,0.445215,0.000602,0.034986,0.353380,0.022630,8,
0.039371,0.061720,0.063392,0.014631,0.388733,0.125756,0.041765,0.005896,0.091039,0.167696,4,
0.042502,0.002082,0.006840,0.161903,0.056118,0.325311,0.000914,0.228214,0.024029,0.152088,5,
0.902582,0.000101,0.014249,0.013925,0.002366,0.062924,0.000526,0.001119,0.001139,0.001068,0,
0.009344,0.014474,0.044962,0.014506,0.623783,0.009169,0.019131,0.031117,0.019042,0.214474,4,
0.115474,0.004059,0.021517,0.009565,0.122878,0.466067,0.005063,0.091787,0.076947,0.086642,5,
0.001051,0.003682,0.000994,0.029305,0.006585,0.007033,0.000046,0.861610,0.003659,0.086034,7,
0.000457,0.000008,0.007938,0.000093,0.012432,0.000737,0.977897,0.000077,0.000087,0.000273,6,
0.354837,0.000190,0.003207,0.000467,0.032595,0.128284,0.010896,0.000741,0.448874,0.019908,8,
0.665329,0.000947,0.004332,0.001336,0.002622,0.225661,0.024702,0.000872,0.072773,0.001426,0,
0.010049,0.005191,0.288424,0.022645,0.562177,0.004668,0.067688,0.004162,0.005260,0.029734,4,
0.024181,0.073270,0.195280,0.055893,0.360068,0.033516,0.076996,0.021888,0.059249,0.099659,2,
0.014345,0.000065,0.364477,0.000276,0.013675,0.003725,0.602801,0.000044,0.000412,0.000180,6,
0.298357,0.002058,0.005820,0.002701,0.076297,0.174429,0.007841,0.005222,0.369582,0.057694,8,
0.004410,0.936596,0.008843,0.014956,0.004792,0.007217,0.001351,0.013197,0.004064,0.004574,1,
0.040921,0.000598,0.716948,0.117925,0.004293,0.009420,0.053682,0.000529,0.054247,0.001438,3,
0.000078,0.000002,0.001879,0.000257,0.000713,0.000981,0.995620,0.000014,0.000267,0.000190,6,
0.001965,0.955481,0.006419,0.000320,0.017038,0.010961,0.000879,0.003873,0.000554,0.002510,5,
0.106658,0.064854,0.104758,0.073945,0.182011,0.160640,0.130136,0.023422,0.091301,0.062274,5,
0.009760,0.019179,0.034227,0.010959,0.021339,0.069334,0.817619,0.002952,0.008684,0.005947,6,
0.023687,0.013079,0.062745,0.188012,0.265624,0.095685,0.017632,0.029474,0.144494,0.159568,8,
0.003051,0.001674,0.003047,0.026118,0.054203,0.011840,0.000364,0.248696,0.033358,0.617647,9,
0.000955,0.000415,0.026456,0.001039,0.038499,0.004494,0.925755,0.000155,0.000755,0.001475,6,
0.000049,0.995204,0.000634,0.000258,0.000698,0.000195,0.000115,0.002352,0.000075,0.000420,1,
0.067037,0.001064,0.017934,0.016362,0.222145,0.117330,0.030288,0.003556,0.313012,0.211273,8,
0.001092,0.003002,0.026924,0.000491,0.062738,0.004302,0.898512,0.000351,0.000534,0.002053,6,
0.473933,0.004607,0.034429,0.077198,0.022948,0.243011,0.004603,0.114658,0.010491,0.014122,0,
0.002257,0.001416,0.003335,0.487745,0.007364,0.023382,0.000237,0.412693,0.010372,0.051199,3,
0.014249,0.002491,0.037955,0.071912,0.666999,0.087980,0.020031,0.013222,0.008203,0.076957,4,
0.005244,0.779251,0.013256,0.004452,0.019123,0.007636,0.000854,0.133506,0.006947,0.029733,1,
0.010789,0.000173,0.002547,0.004487,0.044672,0.003365,0.000265,0.035908,0.056628,0.841165,9,
0.720734,0.002755,0.117629,0.019637,0.004377,0.056151,0.065082,0.002915,0.007514,0.003205,6,
0.014474,0.002396,0.081679,0.008714,0.637581,0.011328,0.119176,0.103293,0.002638,0.018721,2,
0.971691,0.000068,0.000390,0.006826,0.000113,0.019354,0.000013,0.001232,0.000080,0.000232,0,
0.001645,0.000266,0.230860,0.000383,0.015743,0.000790,0.749535,0.000111,0.000405,0.000263,2,
0.008499,0.000052,0.964382,0.000931,0.003696,0.003949,0.017562,0.000034,0.000650,0.000244,2,
0.000068,0.992745,0.001514,0.003039,0.000330,0.000401,0.000101,0.001265,0.000177,0.000358,1,
0.368163,0.000084,0.016490,0.009797,0.008005,0.092186,0.006672,0.000877,0.483753,0.013971,0,
0.000060,0.000375,0.000598,0.011098,0.003563,0.000382,0.000023,0.947382,0.000846,0.035673,7,
0.023367,0.000232,0.003077,0.011517,0.158053,0.011078,0.001780,0.008268,0.160173,0.622455,4,
0.286324,0.000978,0.001764,0.001698,0.031146,0.416723,0.005414,0.002842,0.221705,0.031405,9,
0.029863,0.021054,0.590404,0.223290,0.008020,0.044955,0.008672,0.006464,0.062847,0.004431,2,
0.385632,0.001048,0.428312,0.131388,0.000373,0.044374,0.002499,0.000729,0.005427,0.000218,0,
0.046222,0.001941,0.259184,0.346143,0.013960,0.062636,0.012167,0.002171,0.248208,0.007368,0,
0.502360,0.002916,0.021336,0.010078,0.007321,0.201106,0.009950,0.003093,0.233657,0.008182,8,
0.022115,0.001421,0.659124,0.163320,0.009569,0.010737,0.108569,0.000959,0.022404,0.001783,3,
0.000074,0.979660,0.005185,0.001775,0.006093,0.000240,0.000558,0.004938,0.000130,0.001346,1,
0.003844,0.000013,0.914106,0.000499,0.001622,0.000208,0.079238,0.000008,0.000376,0.000087,2,
0.373688,0.002152,0.009244,0.009153,0.006575,0.281573,0.008323,0.003731,0.298121,0.007441,8,
0.140280,0.004046,0.021546,0.025517,0.026238,0.033753,0.002106,0.027468,0.463018,0.256029,9,
0.038429,0.042796,0.479381,0.079461,0.021915,0.020777,0.023159,0.002058,0.262910,0.029115,2,
0.000037,0.983775,0.002760,0.004508,0.002565,0.000832,0.000362,0.004267,0.000125,0.000770,1,
0.017386,0.761219,0.084733,0.053920,0.008329,0.005842,0.002179,0.016172,0.034230,0.015991,1,
0.006705,0.275812,0.034622,0.154979,0.241072,0.072543,0.082630,0.097088,0.008046,0.026502,3,
0.000569,0.636736,0.009766,0.035314,0.120842,0.009269,0.002552,0.153171,0.001554,0.030227,1,
0.246733,0.000023,0.004337,0.002623,0.002100,0.087516,0.000917,0.000526,0.648281,0.006944,8,
0.000173,0.000039,0.094788,0.000097,0.003207,0.000197,0.901458,0.000006,0.000020,0.000014,6,
0.275176,0.002084,0.613862,0.056374,0.002824,0.036147,0.007476,0.002451,0.002379,0.001226,0,
0.030992,0.007281,0.220987,0.125239,0.018343,0.115736,0.301369,0.002290,0.172584,0.005180,5,
0.006965,0.013647,0.018617,0.015439,0.739698,0.033582,0.037278,0.011115,0.015689,0.107969,4,
0.015054,0.003373,0.214760,0.729816,0.000303,0.018429,0.000455,0.000324,0.017133,0.000353,3,
0.105417,0.000804,0.009761,0.075705,0.068945,0.187911,0.005308,0.024173,0.297271,0.224705,8,
0.027543,0.000012,0.006093,0.002904,0.000363,0.006915,0.000684,0.000031,0.953427,0.002028,8,
0.022919,0.000325,0.011984,0.018717,0.142100,0.014174,0.002990,0.010957,0.016142,0.759692,9,
0.386045,0.001389,0.256862,0.002999,0.217677,0.077230,0.039629,0.003179,0.003319,0.011671,0,
0.153161,0.000338,0.006019,0.001132,0.001352,0.193290,0.004092,0.000319,0.638365,0.001931,8,
0.015121,0.153379,0.038980,0.016697,0.376500,0.038721,0.010015,0.031815,0.049986,0.268787,4,
0.405881,0.000143,0.003204,0.000685,0.000631,0.040675,0.000301,0.000317,0.545580,0.002582,8,
0.007046,0.132668,0.161275,0.074683,0.391669,0.019884,0.158441,0.024597,0.006418,0.023318,4,
0.053597,0.000252,0.003756,0.003613,0.064145,0.014284,0.004668,0.000761,0.518674,0.336250,9,
0.005633,0.909118,0.030013,0.010759,0.014499,0.005745,0.008505,0.005081,0.005723,0.004924,1,
0.001934,0.009117,0.033703,0.891094,0.003329,0.041068,0.002251,0.010691,0.005114,0.001700,3,
0.050504,0.000810,0.019375,0.007237,0.031254,0.352221,0.370115,0.000734,0.161825,0.005926,6,
0.017525,0.015573,0.003999,0.014942,0.044518,0.059872,0.000653,0.454780,0.051656,0.336482,7,
0.000112,0.000039,0.016684,0.000013,0.000389,0.000062,0.982689,0.000001,0.000009,0.000003,6,
0.009277,0.045244,0.040285,0.038533,0.279325,0.016822,0.006308,0.067379,0.037101,0.459726,9,
0.030045,0.009418,0.047261,0.017903,0.318118,0.085704,0.414148,0.007585,0.024158,0.045661,6,
0.000456,0.000088,0.978807,0.001081,0.000535,0.000037,0.017442,0.000012,0.001508,0.000034,2,
0.005952,0.000273,0.001811,0.022363,0.157132,0.020635,0.001043,0.059069,0.045749,0.685972,4,
0.000964,0.003884,0.003127,0.201532,0.011368,0.011032,0.000388,0.670011,0.018042,0.079652,7,
0.000018,0.991572,0.000719,0.000524,0.000784,0.000177,0.000054,0.005625,0.000036,0.000491,1,
0.003355,0.000214,0.919770,0.038680,0.002986,0.000369,0.026103,0.000174,0.007976,0.000372,2,
0.009332,0.895686,0.022319,0.020626,0.007587,0.006619,0.001878,0.013262,0.013184,0.009509,1,
0.303766,0.003051,0.091732,0.003758,0.144516,0.337572,0.077767,0.003694,0.022850,0.011295,0,
0.003637,0.001653,0.760844,0.077105,0.003511,0.003645,0.131960,0.000112,0.017128,0.000405,2,
0.126270,0.000399,0.000628,0.000870,0.005616,0.638019,0.000735,0.003140,0.209408,0.014915,8,
0.011992,0.001030,0.003748,0.151170,0.120864,0.120562,0.002094,0.191905,0.056634,0.340000,8,
0.157554,0.000786,0.005228,0.041995,0.070998,0.522552,0.006296,0.044699,0.106732,0.043161,5,
0.006742,0.013496,0.243820,0.524931,0.004337,0.090246,0.099266,0.001418,0.014751,0.000993,5,
0.008996,0.000116,0.974027,0.002219,0.000834,0.000118,0.013293,0.000281,0.000080,0.000035,2,
0.002617,0.000134,0.000582,0.044493,0.002398,0.003430,0.000035,0.681725,0.012279,0.252307,9,
0.020819,0.000112,0.291258,0.000736,0.013852,0.002557,0.668873,0.000172,0.001336,0.000286,6,
0.406974,0.000903,0.002028,0.036479,0.009439,0.473889,0.000882,0.034576,0.005247,0.029583,0,
0.008169,0.002626,0.006754,0.555186,0.004696,0.026235,0.000203,0.282700,0.028625,0.084806,7,
0.046695,0.012312,0.078868,0.374256,0.031057,0.135826,0.011422,0.023318,0.253336,0.032909,3,
0.000381,0.001778,0.000672,0.013316,0.014501,0.006902,0.000068,0.783034,0.005534,0.173815,7,
0.006402,0.000267,0.000893,0.005787,0.049328,0.014876,0.000500,0.021724,0.073296,0.826926,9,
0.182479,0.003576,0.025024,0.079119,0.013343,0.352726,0.005694,0.008056,0.303017,0.026966,8,
0.765412,0.000040,0.016395,0.004473,0.002675,0.026597,0.008184,0.000467,0.172455,0.003301,0,
0.077814,0.002135,0.005080,0.204416,0.004695,0.475215,0.001522,0.129727,0.068872,0.030525,5,
0.007593,0.129815,0.103598,0.058571,0.386124,0.011814,0.018316,0.150733,0.014677,0.118760,4,
0.010071,0.000541,0.009298,0.766273,0.002128,0.012604,0.000140,0.057886,0.095388,0.045672,3,
0.000999,0.000308,0.000599,0.007698,0.034046,0.019104,0.000047,0.724097,0.001384,0.211719,7,
0.002268,0.951995,0.007776,0.009026,0.003717,0.002332,0.000506,0.014111,0.003282,0.004987,1,
0.204240,0.011228,0.195041,0.185192,0.005330,0.358792,0.013196,0.008785,0.016779,0.001416,0,
0.000554,0.002626,0.000508,0.018468,0.006953,0.008849,0.000031,0.872900,0.002696,0.086415,7,
0.226108,0.001052,0.003090,0.007034,0.004643,0.601123,0.002163,0.007773,0.141329,0.005685,5,
0.092230,0.004175,0.273859,0.015722,0.382180,0.022279,0.104939,0.065218,0.007329,0.032069,2,
0.059003,0.009125,0.023660,0.062649,0.151599,0.036516,0.005299,0.197075,0.059808,0.395267,7,
0.000451,0.987744,0.004637,0.000364,0.000513,0.000766,0.004785,0.000117,0.000437,0.000187,1,
0.117347,0.000919,0.026967,0.030098,0.020502,0.057656,0.005482,0.003273,0.660862,0.076895,8,
0.782567,0.000181,0.001489,0.000795,0.000507,0.184468,0.001129,0.000209,0.028281,0.000374,0,
0.002336,0.031449,0.013291,0.004667,0.832856,0.017878,0.036971,0.016410,0.002461,0.041679,4,
0.035439,0.000049,0.000192,0.009242,0.003588,0.014451,0.000079,0.009726,0.436097,0.491138,8,
0.001566,0.952931,0.017715,0.010970,0.002215,0.001273,0.000498,0.003875,0.005080,0.003877,1,
0.199272,0.000535,0.001085,0.000669,0.001996,0.109488,0.000863,0.001445,0.676520,0.008127,8,
0.024430,0.006498,0.084656,0.017369,0.627971,0.016730,0.085312,0.016645,0.015466,0.104924,4,
0.005364,0.000428,0.035142,0.919405,0.000624,0.016081,0.000945,0.003160,0.017786,0.001065,3,
0.180990,0.000091,0.010912,0.002195,0.004172,0.028596,0.024468,0.000180,0.742722,0.005676,8,
0.128965,0.005396,0.125888,0.124099,0.084645,0.083405,0.045739,0.008800,0.299165,0.093898,6,
0.010031,0.019932,0.016399,0.579268,0.018210,0.098898,0.001301,0.118496,0.058778,0.078685,3,
0.000589,0.023746,0.151686,0.796080,0.003267,0.003627,0.002903,0.016166,0.001235,0.000701,3,
0.006126,0.002602,0.006320,0.051262,0.048552,0.045144,0.000509,0.738799,0.007445,0.093239,7,
0.008073,0.152617,0.053831,0.014414,0.577766,0.026471,0.055272,0.014740,0.013879,0.082937,4,
0.000114,0.000029,0.000130,0.004648,0.007009,0.002037,0.000015,0.831086,0.002517,0.152416,7,
0.033060,0.133515,0.084947,0.229240,0.125533,0.132228,0.026678,0.064835,0.087200,0.082764,1,
0.004329,0.753385,0.069712,0.008250,0.048769,0.009455,0.090680,0.003429,0.004788,0.007202,1,
0.006004,0.000047,0.846698,0.000763,0.006957,0.000491,0.138628,0.000054,0.000221,0.000137,2,
0.000354,0.007498,0.003093,0.041108,0.009915,0.001742,0.000163,0.874105,0.003004,0.059019,7,
0.001362,0.000122,0.000398,0.181668,0.002321,0.034809,0.000072,0.759855,0.002421,0.016973,7,
0.973070,0.000018,0.004739,0.006888,0.000030,0.015040,0.000035,0.000093,0.000063,0.000023,0,
0.003457,0.882159,0.062685,0.011519,0.014576,0.004593,0.006969,0.002611,0.006431,0.005000,1,
0.002781,0.000071,0.631248,0.000414,0.007514,0.006047,0.351123,0.000033,0.000625,0.000144,2,
0.013126,0.000911,0.015449,0.020449,0.101625,0.009527,0.001135,0.090598,0.028006,0.719173,9,
0.006787,0.014412,0.007809,0.088245,0.222068,0.149207,0.003723,0.229128,0.035855,0.242766,9,
0.011946,0.000761,0.003925,0.017609,0.191026,0.045539,0.002083,0.054574,0.096383,0.576154,4,
0.000004,0.996447,0.000505,0.000677,0.000370,0.000069,0.000031,0.001758,0.000012,0.000128,1,
0.670377,0.000082,0.001100,0.000259,0.014588,0.048061,0.011187,0.000217,0.238226,0.015903,0,
0.000000,0.999061,0.000250,0.000156,0.000115,0.000033,0.000044,0.000279,0.000008,0.000053,1,
0.018576,0.790065,0.019074,0.019252,0.008004,0.045521,0.001666,0.041567,0.038000,0.018277,1,
0.423595,0.000553,0.193964,0.239904,0.017213,0.087039,0.004466,0.009985,0.013145,0.010135,0,
0.014245,0.000111,0.001514,0.071781,0.000313,0.873355,0.000276,0.000383,0.037414,0.000609,5,
0.039011,0.000469,0.008983,0.001956,0.739150,0.063057,0.016189,0.020040,0.003426,0.107719,4,
0.079359,0.002439,0.156407,0.077946,0.071449,0.046887,0.136801,0.003834,0.373375,0.051504,5,
0.006566,0.000114,0.000722,0.059977,0.003298,0.007487,0.000085,0.662752,0.030076,0.228922,7,
0.051909,0.003219,0.029586,0.010220,0.476790,0.042966,0.035013,0.011821,0.071175,0.267301,8,
0.021173,0.012413,0.006305,0.081882,0.120832,0.256049,0.004209,0.292089,0.052969,0.152079,4,
0.023119,0.001217,0.267092,0.690496,0.000158,0.003726,0.000330,0.000323,0.013384,0.000157,3,
0.097464,0.003871,0.023190,0.053525,0.118676,0.370205,0.089816,0.010476,0.156284,0.076493,5,
0.078539,0.002976,0.183614,0.008188,0.018408,0.086210,0.450839,0.001073,0.164995,0.005156,8,
0.000485,0.000087,0.000248,0.008387,0.006901,0.002000,0.000006,0.725421,0.002606,0.253859,9,
0.002049,0.000175,0.000265,0.015008,0.005243,0.010981,0.000021,0.772121,0.007505,0.186632,7,
0.002059,0.000514,0.000411,0.011086,0.014249,0.014583,0.000045,0.756463,0.006055,0.194535,7,
0.064939,0.001903,0.016462,0.016683,0.192657,0.082242,0.002255,0.066478,0.106283,0.450100,2,
0.098756,0.000339,0.003875,0.037771,0.013180,0.160238,0.000626,0.031502,0.516746,0.136967,8,
0.062994,0.006033,0.114248,0.064237,0.041817,0.046678,0.014603,0.009070,0.580444,0.059876,0,
0.003174,0.000139,0.968481,0.019110,0.001833,0.000418,0.006151,0.000041,0.000497,0.000155,2,
0.081074,0.001352,0.003139,0.013386,0.021337,0.609144,0.001669,0.093048,0.131155,0.044697,5,
0.974837,0.000048,0.002890,0.000377,0.000441,0.020496,0.000726,0.000014,0.000140,0.000032,0,
0.606602,0.001006,0.019756,0.087775,0.002800,0.264014,0.000949,0.007233,0.006723,0.003142,0,
0.061427,0.001910,0.025878,0.333831,0.002746,0.391065,0.003549,0.002662,0.172036,0.004896,5,
0.005768,0.001686,0.024974,0.000617,0.450953,0.007087,0.488652,0.000725,0.004189,0.015351,4,
0.000376,0.002534,0.000658,0.012607,0.011796,0.004656,0.000031,0.835809,0.002253,0.129280,7,
0.355870,0.002678,0.025573,0.029079,0.006970,0.382871,0.005763,0.004681,0.178503,0.008012,0,
0.139724,0.001136,0.038427,0.256670,0.018610,0.016456,0.002039,0.063069,0.286344,0.177526,7,
0.000076,0.984450,0.001377,0.000573,0.001258,0.000289,0.000059,0.010227,0.000173,0.001517,1,
0.003029,0.002570,0.001320,0.023489,0.015599,0.028183,0.000050,0.813886,0.002194,0.109680,7,
0.026471,0.010745,0.073429,0.013712,0.226327,0.066745,0.510972,0.003989,0.028725,0.038886,4,
0.907306,0.000007,0.000760,0.000197,0.000242,0.090656,0.000044,0.000190,0.000484,0.000113,0,
0.010201,0.876122,0.035360,0.020929,0.007517,0.004910,0.001689,0.011020,0.019905,0.012347,1,
0.000009,0.993046,0.000899,0.000766,0.000871,0.000085,0.000035,0.003698,0.000036,0.000555,1,
0.006671,0.006678,0.004895,0.018368,0.092499,0.012209,0.000493,0.389424,0.014902,0.453860,9,
0.100652,0.001918,0.023087,0.227487,0.079033,0.147267,0.010812,0.060805,0.169597,0.179342,9,
0.012365,0.000430,0.001208,0.125054,0.002598,0.104722,0.000308,0.678890,0.022117,0.052308,7,
0.031306,0.000211,0.010105,0.009279,0.493032,0.067033,0.007394,0.009185,0.012923,0.359533,4,
0.303746,0.001603,0.010755,0.001987,0.120472,0.370780,0.075916,0.002529,0.102985,0.009226,8,
0.156307,0.008223,0.261696,0.054140,0.236811,0.067027,0.007408,0.015904,0.013351,0.179132,4,
0.081039,0.004169,0.020048,0.047727,0.108832,0.092152,0.002677,0.167653,0.143868,0.331834,0,
0.024608,0.001524,0.131992,0.004043,0.448709,0.018660,0.345711,0.007289,0.005595,0.011871,6,
0.000000,0.999000,0.000230,0.000090,0.000055,0.000157,0.000280,0.000131,0.000022,0.000036,1,
0.033185,0.716246,0.107100,0.030212,0.014746,0.013060,0.007839,0.008385,0.052450,0.016776,1,
0.000112,0.000034,0.010550,0.000025,0.002620,0.000359,0.986173,0.000005,0.000069,0.000053,6,
0.035454,0.000108,0.012644,0.000670,0.765085,0.030864,0.132676,0.001151,0.004268,0.017082,5,
0.000212,0.001783,0.001193,0.029055,0.007983,0.001909,0.000081,0.898014,0.002853,0.056918,7,
0.564948,0.005624,0.013871,0.209123,0.005947,0.159450,0.004536,0.009673,0.019839,0.006987,8,
0.073475,0.000358,0.000583,0.023284,0.006937,0.787134,0.000505,0.011793,0.054934,0.040996,5,
0.003574,0.000362,0.844147,0.002208,0.000806,0.022415,0.125805,0.000091,0.000482,0.000109,2,
0.212647,0.002100,0.048740,0.027985,0.077107,0.042400,0.537911,0.030023,0.013082,0.008007,4,
0.005491,0.000120,0.005690,0.920725,0.000390,0.049171,0.000232,0.005076,0.011210,0.001895,3,
0.000135,0.951510,0.004068,0.019241,0.002688,0.001571,0.000248,0.019208,0.000229,0.001102,1,
0.008459,0.000248,0.013239,0.001357,0.816207,0.005418,0.041767,0.001496,0.002958,0.108849,4,
0.077262,0.001412,0.025529,0.039955,0.411573,0.198498,0.025450,0.021550,0.081150,0.117621,4,
0.210305,0.000076,0.072104,0.668413,0.000403,0.040619,0.001557,0.001805,0.004550,0.000168,0,
0.003078,0.000221,0.018564,0.000629,0.005824,0.014556,0.952605,0.000046,0.003454,0.001024,6,
0.000277,0.000001,0.031787,0.000062,0.000248,0.000164,0.967442,0.000011,0.000006,0.000002,6,
0.524186,0.000969,0.101103,0.005251,0.017235,0.093553,0.087992,0.001306,0.163633,0.004771,5,
0.000461,0.029912,0.003177,0.021478,0.016335,0.003307,0.000162,0.825378,0.002391,0.097400,7,
0.000007,0.996284,0.000455,0.000753,0.000387,0.000136,0.000047,0.001738,0.000019,0.000174,1,
0.136695,0.000006,0.000636,0.002261,0.000015,0.010626,0.000060,0.000008,0.849619,0.000073,8,
0.037116,0.003576,0.051894,0.001529,0.766395,0.065956,0.025247,0.006412,0.003258,0.038617,5,
0.020116,0.001772,0.002711,0.029837,0.013081,0.863633,0.003207,0.003463,0.045042,0.017137,5,
0.066642,0.001443,0.003420,0.032957,0.188199,0.429270,0.025608,0.014665,0.093944,0.143853,5,
0.006221,0.000010,0.016371,0.000037,0.016055,0.001992,0.958517,0.000039,0.000453,0.000304,6,
0.025788,0.001784,0.005154,0.057788,0.107420,0.098859,0.002091,0.227283,0.071767,0.402067,9,
0.138044,0.008381,0.072468,0.308518,0.013635,0.374279,0.002005,0.006472,0.050256,0.025941,5,
0.513969,0.000580,0.004174,0.004946,0.011457,0.226327,0.001249,0.029722,0.168081,0.039495,0,
0.236644,0.006096,0.235900,0.047513,0.048234,0.063117,0.094191,0.004449,0.222183,0.041674,2,
0.000026,0.992920,0.001353,0.002004,0.000525,0.000170,0.000046,0.002327,0.000107,0.000522,1,
0.000033,0.000162,0.000491,0.005791,0.001996,0.000214,0.000014,0.974560,0.000451,0.016286,7,
0.035938,0.000456,0.004498,0.000575,0.562977,0.059404,0.304336,0.001369,0.011092,0.019355,4,
0.063138,0.000628,0.044566,0.015280,0.560785,0.225071,0.049100,0.008198,0.013727,0.019506,4,
0.000152,0.001972,0.000712,0.008854,0.005619,0.001445,0.000028,0.866774,0.002668,0.111776,7,
0.185836,0.004280,0.028986,0.134701,0.013258,0.154313,0.005045,0.021974,0.408969,0.042638,3,
0.001291,0.000169,0.005255,0.983664,0.000041,0.004641,0.000016,0.002017,0.002687,0.000218,3,
0.150808,0.002384,0.091954,0.021829,0.178708,0.129958,0.194947,0.002938,0.154184,0.072290,5,
0.538505,0.000222,0.003205,0.003996,0.008151,0.253701,0.001413,0.007454,0.171477,0.011875,0,
0.098977,0.001624,0.002917,0.065570,0.007495,0.617852,0.002064,0.102256,0.070857,0.030387,5,
0.143743,0.009476,0.099574,0.013036,0.430120,0.125659,0.104847,0.011207,0.029839,0.032498,5,
0.000395,0.842543,0.028192,0.094755,0.005325,0.003744,0.000598,0.020402,0.001360,0.002685,1,
0.800447,0.000140,0.000806,0.000432,0.000355,0.171149,0.000791,0.000169,0.025468,0.000244,0,
0.004544,0.000130,0.001469,0.001676,0.074770,0.001901,0.000193,0.028895,0.016024,0.870397,9,
0.008796,0.853245,0.053947,0.004753,0.029360,0.005751,0.027921,0.003448,0.006875,0.005904,1,
0.010126,0.862206,0.028872,0.004689,0.037479,0.012117,0.023823,0.005281,0.007890,0.007517,1,
0.000326,0.969607,0.002096,0.008892,0.000973,0.002491,0.000136,0.014274,0.000258,0.000946,1,
0.000000,0.999627,0.000056,0.000039,0.000014,0.000086,0.000078,0.000080,0.000006,0.000014,1,
0.000198,0.993303,0.002050,0.000564,0.000462,0.000705,0.002132,0.000231,0.000195,0.000160,1,
0.131916,0.000024,0.004123,0.001155,0.000365,0.005351,0.000135,0.000478,0.849191,0.007262,8,
0.000525,0.985586,0.003507,0.002345,0.001656,0.001042,0.000386,0.002874,0.000860,0.001219,1,
0.010060,0.000758,0.002991,0.003917,0.712866,0.110524,0.017408,0.067657,0.005024,0.068795,4,
0.025086,0.000256,0.115556,0.000472,0.034119,0.006164,0.807174,0.000258,0.006985,0.003930,6,
0.041658,0.001856,0.009844,0.109409,0.130799,0.187513,0.005052,0.075063,0.184162,0.254645,8,
0.010149,0.001830,0.039133,0.008148,0.731997,0.010662,0.054828,0.006876,0.011740,0.124637,4,
0.000988,0.008352,0.034236,0.905171,0.005159,0.013745,0.003034,0.026252,0.001711,0.001352,3,
0.019316,0.015722,0.548060,0.002987,0.215853,0.005238,0.161629,0.002476,0.008398,0.020321,6,
0.513739,0.002880,0.181028,0.012636,0.118665,0.123249,0.008305,0.009865,0.004481,0.025152,8,
0.074367,0.000674,0.150281,0.011206,0.547957,0.006511,0.020773,0.034584,0.004122,0.149525,3,
0.093280,0.145070,0.135063,0.017451,0.296687,0.026688,0.036820,0.033738,0.069337,0.145865,6,
0.022319,0.000126,0.451510,0.000238,0.003481,0.000905,0.520995,0.000146,0.000164,0.000115,6,
0.076070,0.524241,0.120266,0.012518,0.042253,0.056610,0.097126,0.006197,0.050498,0.014220,1,
0.038197,0.001104,0.010607,0.400029,0.017495,0.239871,0.001496,0.123447,0.105463,0.062291,3,
0.000291,0.008972,0.003442,0.021473,0.015385,0.001380,0.000168,0.890529,0.001463,0.056896,7,
0.041810,0.562242,0.063438,0.006100,0.116110,0.012559,0.006918,0.045599,0.046580,0.098644,1,
0.012073,0.019065,0.026810,0.018235,0.623640,0.069594,0.050626,0.012168,0.028756,0.139034,4,
0.033808,0.001473,0.045905,0.002316,0.133995,0.019813,0.707139,0.001573,0.020119,0.033858,4,
0.000001,0.998050,0.000412,0.000388,0.000147,0.000183,0.000170,0.000499,0.000039,0.000111,1,
0.003694,0.870173,0.018558,0.000848,0.074253,0.004423,0.004128,0.010489,0.002510,0.010925,1,
0.000131,0.993423,0.000860,0.000442,0.000807,0.000408,0.000148,0.002992,0.000196,0.000594,1,
0.496177,0.001405,0.006159,0.002057,0.031969,0.124418,0.002865,0.004399,0.264434,0.066117,5,
0.005965,0.000534,0.897981,0.013189,0.002824,0.001167,0.070729,0.000091,0.007240,0.000279,2,
0.071592,0.001185,0.004534,0.192698,0.002106,0.491340,0.001559,0.002752,0.227825,0.004408,5,
0.010396,0.435993,0.049250,0.011428,0.324140,0.029313,0.058772,0.017090,0.014663,0.048955,1,
0.005598,0.011123,0.079210,0.004634,0.409529,0.012214,0.453253,0.002179,0.005833,0.016427,4,
0.581751,0.001015,0.060167,0.005032,0.098096,0.079685,0.058419,0.002019,0.078870,0.034945,9,
0.005350,0.001343,0.255071,0.693693,0.000183,0.008187,0.003780,0.000211,0.031985,0.000198,3,
0.054885,0.001444,0.071892,0.003088,0.121065,0.038004,0.517388,0.000986,0.154273,0.036975,9,
0.007595,0.013069,0.007523,0.025351,0.111110,0.015732,0.000862,0.384719,0.015173,0.418867,9,
0.001177,0.000040,0.007230,0.000110,0.003599,0.003327,0.982980,0.000018,0.000791,0.000728,6,
0.167574,0.002244,0.077789,0.009340,0.440578,0.035348,0.041168,0.068244,0.019220,0.138495,7,
0.145175,0.001121,0.001583,0.003775,0.019802,0.400009,0.001705,0.012602,0.320454,0.093773,5,
0.024566,0.615346,0.039329,0.010393,0.166192,0.064596,0.022910,0.017795,0.006984,0.031888,6,
0.006110,0.887789,0.038957,0.002469,0.004802,0.005443,0.047296,0.000771,0.004634,0.001729,1,
0.000335,0.946373,0.008530,0.006251,0.017922,0.002921,0.002119,0.010305,0.000805,0.004441,1,
0.092085,0.001018,0.019428,0.335933,0.099013,0.169465,0.003528,0.140724,0.010479,0.128328,0,
0.007026,0.000098,0.000273,0.013222,0.005657,0.070302,0.000080,0.693932,0.029158,0.180252,7,
0.002110,0.021952,0.005631,0.022668,0.063901,0.007544,0.000282,0.540958,0.008999,0.325956,9,
0.925512,0.000099,0.006758,0.000209,0.018013,0.044030,0.003294,0.000439,0.000574,0.001072,0,
0.139166,0.000697,0.045339,0.017275,0.032596,0.065140,0.072537,0.001100,0.583791,0.042359,0,
0.095653,0.003717,0.012338,0.008385,0.239902,0.388065,0.012535,0.071622,0.098553,0.069230,4,
0.005547,0.001324,0.003492,0.006602,0.195017,0.016889,0.001433,0.083077,0.026624,0.659995,7,
0.000577,0.005224,0.000955,0.041257,0.007149,0.010538,0.000073,0.894864,0.001962,0.037402,7,
0.721246,0.000044,0.005133,0.002929,0.005477,0.249440,0.003022,0.000477,0.010523,0.001711,0,
0.034912,0.000042,0.000655,0.150865,0.000143,0.044808,0.000048,0.000906,0.757539,0.010082,3,
0.001224,0.000296,0.000896,0.123283,0.000844,0.001881,0.000092,0.793791,0.004833,0.072860,9,
0.231160,0.002745,0.008973,0.355154,0.003143,0.312052,0.001521,0.067193,0.008392,0.009669,0,
0.000000,0.999253,0.000067,0.000033,0.000082,0.000068,0.000086,0.000353,0.000010,0.000047,1,
0.000118,0.994598,0.001391,0.000891,0.000421,0.000268,0.000086,0.001655,0.000219,0.000354,1,
0.005029,0.001486,0.065810,0.895977,0.000415,0.021844,0.000631,0.001165,0.007183,0.000459,3,
0.001423,0.000180,0.036929,0.000135,0.012664,0.001377,0.945520,0.000076,0.000958,0.000738,6,
0.013386,0.004565,0.083330,0.464792,0.006065,0.268165,0.011928,0.001478,0.140273,0.006020,8,
0.001715,0.711063,0.008705,0.009264,0.160105,0.020141,0.040634,0.032175,0.001990,0.014207,1,
0.000910,0.000010,0.003170,0.000012,0.008216,0.000845,0.986281,0.000016,0.000170,0.000369,6,
0.148537,0.003075,0.292664,0.020593,0.053455,0.029214,0.222693,0.003085,0.192145,0.034537,4,
0.000019,0.987393,0.001582,0.002296,0.002913,0.000487,0.000499,0.004241,0.000050,0.000519,1,
0.000066,0.000195,0.000683,0.039031,0.000598,0.000177,0.000005,0.950091,0.000467,0.008688,7,
0.015773,0.013043,0.082476,0.001570,0.010150,0.073769,0.780544,0.000297,0.020869,0.001507,6,
0.001994,0.000153,0.000549,0.008819,0.046715,0.020200,0.000099,0.376984,0.005126,0.539362,7,
0.022614,0.000186,0.001597,0.029154,0.051607,0.035608,0.000475,0.115688,0.104082,0.638989,8,
0.009018,0.000430,0.763609,0.000904,0.070416,0.000956,0.152389,0.001070,0.000367,0.000842,2,
0.029431,0.030010,0.023896,0.017153,0.498575,0.066603,0.027432,0.042648,0.039583,0.224670,1,
0.036046,0.006505,0.022334,0.029518,0.250518,0.040614,0.003540,0.121745,0.077086,0.412094,8,
0.083027,0.001170,0.009718,0.026783,0.079109,0.196369,0.002643,0.252699,0.153262,0.195222,7,
0.083888,0.000730,0.386731,0.002310,0.018061,0.004234,0.497525,0.001006,0.004183,0.001331,2,
0.000595,0.933761,0.005624,0.006272,0.021570,0.005350,0.003858,0.016783,0.000900,0.005288,1,
0.160231,0.008639,0.050063,0.257285,0.022436,0.144843,0.009107,0.266966,0.031793,0.048638,5,
0.001061,0.000397,0.000369,0.061300,0.002729,0.018395,0.000064,0.874292,0.003049,0.038344,7,
0.972826,0.000002,0.004456,0.000383,0.000248,0.018636,0.000160,0.000225,0.002907,0.000159,0,
0.336953,0.000790,0.052430,0.001422,0.037337,0.022747,0.478881,0.000904,0.057281,0.011255,6,
0.037341,0.003484,0.221786,0.003219,0.113672,0.054427,0.557121,0.004578,0.002496,0.001876,4,
0.005215,0.000053,0.000978,0.002400,0.123702,0.004018,0.000528,0.015914,0.016743,0.830449,9,
0.010385,0.803428,0.012813,0.105846,0.001784,0.025810,0.000649,0.029558,0.005377,0.004351,1,
0.013837,0.020567,0.026708,0.003151,0.256171,0.062288,0.582281,0.002558,0.010289,0.022150,6,
0.007526,0.932171,0.018946,0.004163,0.009707,0.006102,0.004144,0.004154,0.008412,0.004675,1,
0.075505,0.000908,0.001365,0.002271,0.240301,0.553422,0.005473,0.027755,0.037776,0.055222,4,
0.327659,0.000187,0.007641,0.002517,0.009502,0.019968,0.048398,0.000369,0.560137,0.023622,0,
0.388581,0.000717,0.003485,0.008849,0.009559,0.401785,0.005950,0.002591,0.167698,0.010785,0,
0.009150,0.002806,0.028469,0.767890,0.001425,0.170904,0.000889,0.012643,0.004984,0.000842,3,
0.832964,0.000107,0.015224,0.006386,0.009671,0.106898,0.000701,0.002629,0.012587,0.012834,5,
0.027056,0.168651,0.021309,0.090418,0.049227,0.050001,0.003054,0.421047,0.029777,0.139462,9,
0.000294,0.991271,0.001784,0.001089,0.000978,0.000639,0.000264,0.002489,0.000449,0.000743,1,
0.000104,0.993183,0.001226,0.001892,0.000531,0.000577,0.000176,0.001744,0.000164,0.000402,1,
0.000329,0.890421,0.003808,0.013209,0.018247,0.004616,0.001550,0.063208,0.000468,0.004144,1,
0.119828,0.004563,0.065491,0.604660,0.006967,0.136807,0.006944,0.014682,0.030506,0.009552,3,
0.098039,0.017995,0.039838,0.019377,0.235088,0.164410,0.050979,0.011378,0.211787,0.151110,8,
0.000553,0.018044,0.002105,0.014908,0.057961,0.008351,0.000362,0.831900,0.000944,0.064872,7,
0.008831,0.000966,0.002110,0.540521,0.004134,0.229164,0.000855,0.095149,0.056636,0.061632,5,
0.000448,0.961117,0.013034,0.004177,0.009960,0.001436,0.003793,0.003484,0.000591,0.001960,1,
0.001685,0.071157,0.008883,0.031252,0.114440,0.012797,0.000960,0.530608,0.007420,0.220798,7,
0.002830,0.957077,0.021778,0.001974,0.002210,0.003001,0.004144,0.000674,0.004702,0.001611,1,
0.003861,0.000728,0.014084,0.022404,0.068986,0.005455,0.001339,0.702102,0.004542,0.176499,7,
0.194367,0.005071,0.032980,0.097824,0.046506,0.340555,0.009142,0.045889,0.171374,0.056291,9,
0.138704,0.001019,0.041991,0.050712,0.012190,0.060616,0.007102,0.002037,0.640215,0.045414,0,
0.508075,0.000103,0.002095,0.000548,0.002237,0.137265,0.000970,0.000564,0.345021,0.003123,0,
0.006460,0.000289,0.000600,0.014505,0.027002,0.113412,0.000185,0.715581,0.011836,0.110131,7,
0.126650,0.000019,0.009346,0.020832,0.000411,0.027292,0.001993,0.000085,0.811502,0.001871,8,
0.010327,0.000416,0.001478,0.016771,0.060793,0.065965,0.000539,0.041949,0.210845,0.590915,9,
0.001495,0.886166,0.043555,0.026109,0.015341,0.002321,0.001407,0.009614,0.004465,0.009527,1,
0.197656,0.000648,0.374011,0.006119,0.023657,0.025369,0.354307,0.001225,0.015589,0.001420,6,
0.000487,0.000686,0.000641,0.011575,0.039317,0.007847,0.000068,0.773843,0.001535,0.164001,7,
0.000416,0.001896,0.903793,0.010333,0.000978,0.000464,0.081833,0.000024,0.000229,0.000032,2,
0.087216,0.008589,0.033605,0.483323,0.013194,0.190591,0.005309,0.030814,0.106107,0.041252,7,
0.036287,0.012788,0.008731,0.048947,0.087669,0.085909,0.002054,0.243576,0.079681,0.394357,9,
0.237730,0.000501,0.145714,0.001811,0.204820,0.033975,0.341675,0.001341,0.013473,0.018960,6,
0.604758,0.001698,0.019557,0.011625,0.007479,0.201880,0.008459,0.002105,0.134879,0.007560,0,
0.011921,0.000814,0.002560,0.273268,0.007981,0.067435,0.000283,0.390398,0.045619,0.199723,5,
0.000967,0.974220,0.003153,0.009405,0.001093,0.004093,0.000397,0.005050,0.000645,0.000978,1,
0.000475,0.006169,0.001494,0.013780,0.042932,0.007374,0.000130,0.756187,0.002613,0.168845,7,
0.013618,0.025225,0.045120,0.061725,0.517419,0.025074,0.015183,0.101370,0.043915,0.151351,4,
0.007032,0.000249,0.004477,0.001071,0.774802,0.011600,0.044964,0.001667,0.006206,0.147931,9,
0.096414,0.001197,0.034845,0.086937,0.064224,0.034358,0.007609,0.007497,0.445643,0.221275,8,
0.012792,0.000475,0.315657,0.001239,0.039593,0.003074,0.616962,0.000418,0.006796,0.002993,6,
0.143775,0.001084,0.007262,0.007902,0.167962,0.508414,0.004743,0.049016,0.052590,0.057253,9,
0.001662,0.000597,0.000698,0.052153,0.005754,0.010974,0.000027,0.832813,0.003815,0.091508,7,
0.033680,0.222032,0.322710,0.205304,0.040626,0.076127,0.024474,0.020937,0.036687,0.017422,2,
0.000108,0.000059,0.984052,0.000544,0.000118,0.000068,0.015036,0.000000,0.000014,0.000000,2,
0.018341,0.056392,0.096219,0.017325,0.612391,0.034058,0.019625,0.020677,0.006332,0.118641,4,
0.280516,0.001342,0.050747,0.084703,0.099703,0.028699,0.004832,0.038481,0.067858,0.343119,9,
0.041887,0.006590,0.173435,0.490393,0.004701,0.094891,0.011189,0.001877,0.169420,0.005619,3,
0.000228,0.985600,0.002343,0.001843,0.002644,0.000750,0.000574,0.004596,0.000273,0.001148,1,
0.131384,0.003788,0.039781,0.502379,0.009386,0.251909,0.006284,0.029179,0.017210,0.008699,5,
0.015938,0.023387,0.021523,0.022541,0.378713,0.040995,0.006814,0.054388,0.046554,0.389148,4,
0.040713,0.002555,0.017684,0.030183,0.311648,0.034434,0.007117,0.070042,0.054825,0.430798,7,
0.160569,0.003864,0.020473,0.158452,0.004545,0.592982,0.008058,0.006409,0.039761,0.004887,5,
0.000714,0.011405,0.004275,0.025988,0.099655,0.005847,0.000487,0.695726,0.002400,0.153504,7,
0.006142,0.008891,0.116421,0.002520,0.778250,0.013983,0.057853,0.003824,0.000417,0.011699,4,
0.027424,0.002287,0.003810,0.173537,0.009540,0.446104,0.002146,0.055004,0.163033,0.117114,3,
0.292570,0.003381,0.220852,0.279912,0.025367,0.097842,0.021064,0.005225,0.031698,0.022089,2,
0.020512,0.001057,0.009336,0.004935,0.557889,0.047145,0.011435,0.013336,0.036871,0.297483,4,
0.266791,0.001523,0.062641,0.121308,0.156630,0.067060,0.029845,0.068171,0.084154,0.141878,7,
0.022359,0.012525,0.017443,0.005445,0.641074,0.075670,0.038853,0.009724,0.017538,0.159370,4,
0.047447,0.005350,0.174628,0.541707,0.017819,0.109187,0.060384,0.018554,0.021709,0.003214,3,
0.110662,0.000275,0.011549,0.017272,0.359036,0.044975,0.020413,0.022173,0.081644,0.332001,8,
0.001370,0.204522,0.004077,0.010102,0.104343,0.013274,0.001249,0.554910,0.002429,0.103724,7,
0.068521,0.065221,0.019898,0.065437,0.112659,0.319079,0.011993,0.090916,0.106085,0.140190,5,
0.008209,0.905337,0.031317,0.005766,0.008476,0.013411,0.012693,0.001776,0.009482,0.003532,1,
0.168306,0.001478,0.006934,0.017050,0.002780,0.641328,0.012761,0.001246,0.145489,0.002628,5,
0.175482,0.000251,0.005699,0.073528,0.004657,0.032086,0.000619,0.009370,0.596216,0.102091,9,
0.015251,0.063672,0.059373,0.016216,0.520012,0.023225,0.011673,0.028548,0.018066,0.243963,4,
0.000233,0.994079,0.001287,0.001273,0.000407,0.001202,0.000446,0.000591,0.000245,0.000237,1,
0.024944,0.001557,0.629466,0.017389,0.132446,0.045378,0.142993,0.001172,0.001931,0.002724,4,
